11 0.46484375 0.58203125 0.478515625 0.572265625 0.484375 0.5703125 0.4921875 0.572265625 0.494140625 0.57421875 0.494140625 0.607421875 0.48828125 0.609375 0.486328125 0.61328125 0.455078125 0.6328125 0.453125 0.63671875 0.439453125 0.646484375 0.43359375 0.6484375 0.41796875 0.6484375 0.4140625 0.64453125 0.4140625 0.619140625 0.46484375 0.583984375
2 0.533203125 0.568359375 0.546875 0.578125 0.556640625 0.6015625 0.556640625 0.615234375 0.55859375 0.6171875 0.55859375 0.673828125 0.55078125 0.6953125 0.541015625 0.70703125 0.51953125 0.70703125 0.5078125 0.693359375 0.5078125 0.689453125 0.50390625 0.68359375 0.50390625 0.669921875 0.5 0.66015625 0.5 0.65234375 0.49609375 0.64453125 0.49609375 0.603515625 0.5 0.58984375 0.51171875 0.572265625 0.517578125 0.568359375 0.53125 0.568359375
0 0.4765625 0.341796875 0.478515625 0.34375 0.484375 0.34375 0.498046875 0.357421875 0.5078125 0.376953125 0.5078125 0.3828125 0.509765625 0.384765625 0.509765625 0.431640625 0.5078125 0.43359375 0.5078125 0.44140625 0.49609375 0.466796875 0.484375 0.48046875 0.47265625 0.486328125 0.443359375 0.486328125 0.431640625 0.4765625 0.423828125 0.46484375 0.416015625 0.4375 0.416015625 0.3984375 0.427734375 0.3671875 0.443359375 0.34765625 0.45703125 0.341796875 0.474609375 0.341796875
5 0.50390625 0.310546875 0.51171875 0.306640625 0.517578125 0.306640625 0.5234375 0.294921875 0.53125 0.287109375 0.546875 0.287109375 0.552734375 0.29296875 0.55859375 0.306640625 0.55859375 0.375 0.5546875 0.38671875 0.544921875 0.39453125 0.53515625 0.392578125 0.52734375 0.380859375 0.52734375 0.369140625 0.5234375 0.361328125 0.5234375 0.349609375 0.51953125 0.3359375 0.513671875 0.330078125 0.509765625 0.330078125 0.505859375 0.333984375 0.505859375 0.353515625 0.50390625 0.353515625 0.50390625 0.337890625 0.501953125 0.3359375 0.50390625 0.3125
6 0.513671875 0.189453125 0.513671875 0.234375 0.5078125 0.234375 0.505859375 0.236328125 0.48046875 0.234375 0.470703125 0.23828125 0.46484375 0.23828125 0.46484375 0.197265625 0.490234375 0.189453125 0.51171875 0.189453125
10 0.6474609375 0.387434896484375 0.6498046875 0.36937933984375 0.6482421875 0.33743489453125 0.6419921875 0.322157119140625 0.6279296875 0.3096571171875 0.6068359375 0.30687933984375 0.5943359375 0.340212673828125 0.5912109375 0.376323783203125 0.5966796875 0.415212673828125 0.5912109375 0.4221571171875 0.58984375 0.43795573046875 0.58984375 0.440486798828125 0.6044921875 0.461046005859375 0.6341796875 0.47632378515625 0.6474609375 0.47632378515625 0.650390625 0.467209203125 0.650390625 0.466254341796875 0.6427734375 0.45271267578125 0.6451171875 0.44021267578125 0.6341796875 0.44437933984375 0.6310546875 0.44021267578125 0.6310546875 0.42493489453125 0.6341796875 0.4110460078125 0.6404296875 0.406879341796875 0.6474609375 0.387434896484375
1 0.4072265625 0.6293836796875 0.4080078125 0.609939236328125 0.3767578125 0.532161458984375 0.357379150390625 0.515625 0.356750486328125 0.515625 0.3470703125 0.518272568359375 0.3408203125 0.532161458984375 0.3423828125 0.557161458984375 0.3525390625 0.573828125 0.3736328125 0.62660590234375 0.38785400390625 0.63671875 0.40103759765625 0.63671875 0.4072265625 0.6293836796875
7 0.6212890625 0.2842881953125 0.625 0.273732638671875 0.625 0.2519270859375 0.62135009765625 0.244140625 0.621098634765625 0.244140625 0.6111328125 0.25095486328125 0.5955078125 0.2467881953125 0.583984375 0.26590856640625 0.583984375 0.272482640625 0.5845703125 0.291232640625 0.60707484765625 0.310546875 0.60729594921875 0.310546875 0.6212890625 0.2842881953125
4 0.551046318359375 0.578125 0.563671875 0.57026909765625 0.564453125 0.56783854296875 0.564453125 0.539250578125 0.559765625 0.496657986328125 0.539453125 0.4786024296875 0.529296875 0.481380208984375 0.523828125 0.493880208984375 0.523046875 0.509157986328125 0.534765625 0.571657986328125 0.5384033203125 0.578125 0.551046318359375 0.578125
3 0.283224826171875 0.78619791796875 0.283224826171875 0.99635416796875 0.298502603515625 0.98776041796875 0.302669271484375 0.97213541796875 0.348502603515625 0.92682291796875 0.392947048828125 0.90338541796875 0.4068359375 0.88385416796875 0.420724826171875 0.87369791796875 0.452669271484375 0.85807291796875 0.4887803828125 0.84713541796875 0.494140625 0.84412028125 0.494140625 0.83704951953125 0.442947048828125 0.83932291796875 0.417947048828125 0.85104166796875 0.3762803828125 0.86041666796875 0.36655816015625 0.85182291796875 0.3123914921875 0.83932291796875 0.302669271484375 0.82604166796875 0.302669271484375 0.80104166796875 0.283224826171875 0.78619791796875
12 0.6794921875 0.25642361328125 0.6724609375 0.12447916796875 0.6693359375 0.11197916796875 0.3169921875 0.159201390625 0.3037109375 0.31892361328125 0.2755859375 0.75642361328125 0.2615234375 0.985590279296875 0.2646484375 0.99392361328125 0.2833984375 0.992534720703125 0.2935546875 0.975868056640625 0.3091796875 0.96753472265625 0.3216796875 0.97447916796875 0.3396484375 0.96197916796875 0.3388671875 0.934201390625 0.3458984375 0.9258680546875 0.3466796875 0.913368056640625 0.3537109375 0.903645833984375 0.3451171875 0.88003472265625 0.3458984375 0.8647569453125 0.3341796875 0.84253472265625 0.3357421875 0.81197916796875 0.3326171875 0.78559027734375 0.3419921875 0.78003472265625 0.3498046875 0.788368056640625 0.3583984375 0.821701390625 0.3724609375 0.8522569453125 0.3865234375 0.870312501953125 0.4029296875 0.878645833984375 0.4380859375 0.9453125 0.4490234375 0.949479166015625 0.4654296875 0.97309027734375 0.4787109375 0.97309027734375 0.4935546875 0.98142361328125 0.500708005859375 0.994140625 0.674072580078125 0.994140625 0.7060546875 0.99392361328125 0.72265625 0.989898990234375 0.72265625 0.921122685546875 0.7193359375 0.875868056640625 0.7154296875 0.87447916796875 0.7177734375 0.850868056640625 0.7146484375 0.83142361328125 0.7146484375 0.784201390625 0.7115234375 0.77447916796875 0.7154296875 0.742534720703125 0.6794921875 0.25642361328125
8 0.40234375 0.310546875 0.40234375 0.279296875 0.408203125 0.2734375 0.41796875 0.26953125 0.443359375 0.26953125 0.443359375 0.306640625 0.43359375 0.306640625 0.421875 0.310546875 0.404296875 0.310546875