0 0.4862792890625 0.37890625 0.46155598828125 0.37890625 0.4509765625 0.384548611328125 0.4369140625 0.403993056640625 0.4259765625 0.449826388671875 0.4251953125 0.466493056640625 0.4322265625 0.502604166015625 0.4439453125 0.524826388671875 0.4626953125 0.541493056640625 0.4869140625 0.54565972265625 0.4970703125 0.53315972265625 0.5048828125 0.534548611328125 0.5197265625 0.509548611328125 0.5234375 0.493880208984375 0.5234375 0.434259259765625 0.5212890625 0.4234375 0.5087890625 0.3984375 0.4869140625 0.378993056640625 0.4862792890625 0.37890625
2 0.378051759765625 0.33984375 0.3728515625 0.34292534765625 0.3595703125 0.3651475703125 0.3447265625 0.41098090234375 0.3439453125 0.43598090234375 0.3486328125 0.455425345703125 0.3650390625 0.476258681640625 0.3751953125 0.47903645703125 0.3876953125 0.47348090234375 0.4150390625 0.42209201171875 0.41796875 0.407335068359375 0.41796875 0.373026841796875 0.4080078125 0.349869791015625 0.3978515625 0.340147568359375 0.39614258203125 0.33984375 0.378051759765625 0.33984375
4 0.564453125 0.489879013671875 0.564453125 0.454843169921875 0.52855902734375 0.447960068359375 0.521484375 0.447960068359375 0.521484375 0.484301341796875 0.564453125 0.489879013671875
6 0.5990234375 0.405881076171875 0.5974609375 0.443381076171875 0.6013671875 0.4919921875 0.6091796875 0.51282551953125 0.6216796875 0.515603298828125 0.6310546875 0.503103298828125 0.6328125 0.493728298828125 0.6328125 0.403103298828125 0.6287109375 0.386436630859375 0.6177734375 0.380881076171875 0.6060546875 0.3850477421875 0.5990234375 0.405881076171875
11 0.333984375 0.57719183984375 0.333984375 0.586247619140625 0.3576171875 0.594379341796875 0.3826171875 0.5346571171875 0.3828125 0.52805989453125 0.3828125 0.508123552734375 0.36573242578125 0.50390625 0.354415060546875 0.50390625 0.3349609375 0.562434896484375 0.333984375 0.57719183984375
9 0.4380859375 0.577734375 0.4326171875 0.5971788203125 0.4349609375 0.623567708984375 0.4466796875 0.6346788203125 0.4607421875 0.627734375 0.46484375 0.612109375 0.46484375 0.592317708984375 0.4638671875 0.58190104296875 0.454575892578125 0.572265625 0.454235841796875 0.572265625 0.4380859375 0.577734375
7 0.371484375 0.627669271484375 0.371484375 0.634613716796875 0.383984375 0.649891494140625 0.394140625 0.659613716796875 0.405078125 0.642947046875 0.4140625 0.607316705078125 0.4140625 0.598502603515625 0.412109375 0.59155816015625 0.391796875 0.576280380859375 0.387109375 0.580447046875 0.371484375 0.627669271484375
5 0.505859375 0.63755425390625 0.505859375 0.644359673828125 0.5143663203125 0.64585503515625 0.505859375 0.650432140625 0.505859375 0.686690767578125 0.546310763671875 0.69507378515625 0.5625 0.69507378515625 0.5625 0.652474734375 0.5504774296875 0.65054253515625 0.54214409765625 0.64194878515625 0.531032986328125 0.63804253515625 0.505859375 0.63755425390625
10 0.428927951171875 0.811024306640625 0.439453125 0.811131951171875 0.439453125 0.78273451171875 0.384765625 0.76735365234375 0.384765625 0.80363405859375 0.4025390625 0.807118056640625 0.428927951171875 0.811024306640625
8 0.571875 0.752864583984375 0.56796875 0.8125868046875 0.56953125 0.830642359375 0.5765625 0.843142359375 0.58515625 0.84730902734375 0.59375 0.845920138671875 0.6015625 0.835819130859375 0.6015625 0.7585744609375 0.59609375 0.74453125 0.58461303515625 0.740234375 0.580400390625 0.740234375 0.571875 0.752864583984375
1 0.6171875 0.591674494140625 0.5859375 0.59117226171875 0.5859375 0.623350693359375 0.6171875 0.623350693359375 0.6171875 0.591674494140625
3 0.4626953125 0.293815103515625 0.4439453125 0.28687066015625 0.4416015625 0.27298176953125 0.4259765625 0.24798176953125 0.4337890625 0.193815103515625 0.428533935546875 0.1484375 0.426763916015625 0.1484375 0.4236328125 0.1521484375 0.4220703125 0.1771484375 0.4103515625 0.221592880859375 0.3884765625 0.263259548828125 0.3728515625 0.32298176953125 0.3931640625 0.356315103515625 0.4033203125 0.3827039921875 0.4103515625 0.37298176953125 0.4447265625 0.34937066015625 0.4509765625 0.3327039921875 0.4626953125 0.3202039921875 0.4861328125 0.303537326171875 0.505859375 0.2960224453125 0.505859375 0.2904296875 0.5048828125 0.288259548828125 0.4869140625 0.281315103515625 0.4775390625 0.281315103515625 0.4626953125 0.293815103515625
12 0.263845486328125 0.636935763671875 0.629123263671875 0.658029513671875 0.661067708984375 0.660373263671875 0.6846788203125 0.665842013671875 0.7265625 0.666286533203125 0.7265625 0.22491309765625 0.476345486328125 0.240060763671875 0.26171875 0.25571062890625 0.26171875 0.636793546875 0.263845486328125 0.636935763671875