11 0.474609375 0.32421875 0.478515625 0.32421875 0.48046875 0.33203125 0.4921875 0.3515625 0.494140625 0.359375 0.490234375 0.369140625 0.478515625 0.380859375 0.447265625 0.42578125 0.4453125 0.431640625 0.43359375 0.443359375 0.43359375 0.447265625 0.4296875 0.453125 0.419921875 0.43359375 0.419921875 0.4296875 0.416015625 0.42578125 0.416015625 0.41015625 0.419921875 0.400390625 0.431640625 0.388671875 0.4375 0.376953125 0.443359375 0.37109375 0.451171875 0.357421875 0.455078125 0.35546875 0.455078125 0.3515625 0.474609375 0.326171875
2 0.494140625 0.330078125 0.53515625 0.330078125 0.54296875 0.333984375 0.55859375 0.3359375 0.55859375 0.392578125 0.5078125 0.392578125 0.505859375 0.390625 0.494140625 0.390625 0.494140625 0.33203125
0 0.46875 0.51171875 0.482421875 0.517578125 0.494140625 0.53125 0.498046875 0.537109375 0.498046875 0.541015625 0.501953125 0.544921875 0.509765625 0.568359375 0.509765625 0.607421875 0.505859375 0.6171875 0.505859375 0.625 0.494140625 0.646484375 0.482421875 0.65625 0.4765625 0.65625 0.474609375 0.658203125 0.453125 0.65625 0.4375 0.646484375 0.4296875 0.63671875 0.42578125 0.625 0.421875 0.62109375 0.4140625 0.59375 0.4140625 0.564453125 0.416015625 0.5625 0.416015625 0.5546875 0.421875 0.537109375 0.427734375 0.52734375 0.44140625 0.513671875 0.466796875 0.51171875
5 0.501953125 0.62890625 0.54296875 0.62890625 0.54296875 0.630859375 0.5234375 0.630859375 0.51953125 0.634765625 0.51953125 0.638671875 0.525390625 0.64453125 0.5390625 0.6484375 0.55078125 0.6484375 0.55859375 0.65234375 0.55859375 0.68359375 0.501953125 0.68359375 0.501953125 0.630859375
6 0.4765625 0.71484375 0.48046875 0.712890625 0.498046875 0.712890625 0.505859375 0.716796875 0.513671875 0.724609375 0.513671875 0.763671875 0.509765625 0.7734375 0.51171875 0.798828125 0.509765625 0.80078125 0.5078125 0.826171875 0.501953125 0.833984375 0.4921875 0.83984375 0.486328125 0.853515625 0.48046875 0.85546875 0.4765625 0.84765625 0.474609375 0.833984375 0.46484375 0.818359375 0.46484375 0.783203125 0.466796875 0.78125 0.46875 0.767578125 0.47265625 0.76171875 0.47265625 0.724609375 0.4765625 0.716796875
10 0.58984375 0.6374178046875 0.5967664921875 0.631966146484375 0.6356553828125 0.63743489453125 0.650390625 0.63615973046875 0.650390625 0.579222216796875 0.642599826171875 0.57884114453125 0.624544271484375 0.581184896484375 0.605099826171875 0.58821614453125 0.60093316015625 0.59446614453125 0.58984375 0.596961263671875 0.58984375 0.6374178046875
1 0.393273927734375 0.36328125 0.39054972265625 0.36328125 0.3716796875 0.379383681640625 0.3404296875 0.457161458984375 0.3412109375 0.47660590234375 0.34776611328125 0.484375 0.35997314453125 0.484375 0.3748046875 0.473828125 0.3958984375 0.42105034765625 0.4060546875 0.404383681640625 0.4076171875 0.379383681640625 0.4013671875 0.365494791015625 0.393273927734375 0.36328125
7 0.5845703125 0.708767359375 0.583984375 0.727517359375 0.583984375 0.73409143359375 0.5955078125 0.7532118046875 0.6111328125 0.74904513671875 0.621098634765625 0.755859375 0.62135009765625 0.755859375 0.625 0.7480729140625 0.625 0.726267361328125 0.6212890625 0.7157118046875 0.60729594921875 0.689453125 0.60707484765625 0.689453125 0.5845703125 0.708767359375
4 0.525217013671875 0.45004340234375 0.521484375 0.450234275390625 0.521484375 0.4877270390625 0.564453125 0.492455935546875 0.564453125 0.457400173828125 0.525217013671875 0.45004340234375
3 0.430859375 0.080620658203125 0.442578125 0.05562066015625 0.444921875 0.002842880859375 0.4414184609375 0.001953125 0.43917236328125 0.001953125 0.434765625 0.00978732421875 0.423828125 0.0458984375 0.408203125 0.077842880859375 0.398046875 0.09173176953125 0.378515625 0.105620658203125 0.355078125 0.150065103515625 0.309765625 0.195898435546875 0.294140625 0.200065103515625 0.28582763671875 0.21484375 0.494140625 0.21484375 0.494140625 0.21329609765625 0.480859375 0.195898435546875 0.455859375 0.195898435546875 0.442578125 0.18617621484375 0.430078125 0.132009546875 0.421484375 0.12228732421875 0.430859375 0.080620658203125
12 0.4654296875 0.02690972265625 0.4490234375 0.050520833984375 0.4380859375 0.0546875 0.4029296875 0.121354166015625 0.3865234375 0.129687498046875 0.3724609375 0.1477430546875 0.3583984375 0.178298609375 0.3498046875 0.211631943359375 0.3419921875 0.21996527734375 0.3326171875 0.21440972265625 0.3357421875 0.18802083203125 0.3341796875 0.15746527734375 0.3458984375 0.1352430546875 0.3451171875 0.11996527734375 0.3537109375 0.096354166015625 0.3466796875 0.086631943359375 0.3458984375 0.0741319453125 0.3388671875 0.065798609375 0.3396484375 0.03802083203125 0.3216796875 0.02552083203125 0.3091796875 0.03246527734375 0.2935546875 0.024131943359375 0.2833984375 0.007465279296875 0.2646484375 0.00607638671875 0.2615234375 0.014409720703125 0.2755859375 0.24357638671875 0.3037109375 0.68107638671875 0.3169921875 0.840798609375 0.6693359375 0.88802083203125 0.6724609375 0.87552083203125 0.6794921875 0.74357638671875 0.7154296875 0.257465279296875 0.7115234375 0.22552083203125 0.7146484375 0.215798609375 0.7146484375 0.16857638671875 0.7177734375 0.149131943359375 0.7154296875 0.12552083203125 0.7193359375 0.124131943359375 0.72265625 0.078877314453125 0.72265625 0.010101009765625 0.7060546875 0.00607638671875 0.674072580078125 0.005859375 0.500708005859375 0.005859375 0.4935546875 0.01857638671875 0.4787109375 0.02690972265625 0.4654296875 0.02690972265625
8 0.40234375 0.6875 0.4375 0.6875 0.443359375 0.69140625 0.443359375 0.7265625 0.427734375 0.7265625 0.416015625 0.72265625 0.40234375 0.72265625 0.40234375 0.689453125