11 0.4296875 0.544921875 0.43359375 0.55078125 0.43359375 0.5546875 0.4453125 0.56640625 0.455078125 0.583984375 0.470703125 0.603515625 0.478515625 0.6171875 0.482421875 0.619140625 0.4921875 0.6328125 0.494140625 0.640625 0.48046875 0.666015625 0.478515625 0.673828125 0.474609375 0.673828125 0.455078125 0.646484375 0.455078125 0.642578125 0.451171875 0.640625 0.443359375 0.626953125 0.4375 0.62109375 0.431640625 0.609375 0.427734375 0.607421875 0.41796875 0.59375 0.416015625 0.587890625 0.416015625 0.572265625 0.419921875 0.568359375 0.427734375 0.546875
2 0.533203125 0.568359375 0.546875 0.578125 0.556640625 0.6015625 0.556640625 0.615234375 0.55859375 0.6171875 0.55859375 0.673828125 0.55078125 0.6953125 0.541015625 0.70703125 0.51953125 0.70703125 0.5078125 0.693359375 0.5078125 0.689453125 0.50390625 0.68359375 0.50390625 0.669921875 0.5 0.66015625 0.5 0.65234375 0.49609375 0.64453125 0.49609375 0.603515625 0.5 0.58984375 0.51171875 0.572265625 0.517578125 0.568359375 0.53125 0.568359375
0 0.482421875 0.341796875 0.494140625 0.3515625 0.505859375 0.373046875 0.505859375 0.380859375 0.509765625 0.390625 0.509765625 0.4296875 0.501953125 0.453125 0.498046875 0.45703125 0.498046875 0.4609375 0.494140625 0.466796875 0.482421875 0.48046875 0.46875 0.486328125 0.44140625 0.484375 0.427734375 0.470703125 0.421875 0.4609375 0.416015625 0.443359375 0.416015625 0.435546875 0.4140625 0.43359375 0.4140625 0.404296875 0.421875 0.376953125 0.42578125 0.373046875 0.4296875 0.361328125 0.44140625 0.34765625 0.4609375 0.33984375 0.48046875 0.341796875
5 0.501953125 0.314453125 0.55859375 0.314453125 0.55859375 0.345703125 0.55078125 0.349609375 0.5390625 0.349609375 0.525390625 0.353515625 0.51953125 0.359375 0.51953125 0.36328125 0.5234375 0.3671875 0.54296875 0.3671875 0.54296875 0.369140625 0.501953125 0.369140625 0.501953125 0.31640625
6 0.513671875 0.189453125 0.513671875 0.234375 0.5078125 0.234375 0.505859375 0.236328125 0.48046875 0.234375 0.470703125 0.23828125 0.46484375 0.23828125 0.46484375 0.197265625 0.490234375 0.189453125 0.51171875 0.189453125
10 0.6438585078125 0.41529948046875 0.650390625 0.420443521484375 0.650390625 0.380206705078125 0.63969183984375 0.377799478515625 0.635525173828125 0.371549478515625 0.616080728515625 0.36451823046875 0.598025173828125 0.362174478515625 0.58984375 0.36257465625 0.58984375 0.419459259765625 0.6049696171875 0.420768228515625 0.6438585078125 0.41529948046875
1 0.3934461796875 0.544552951171875 0.376779513671875 0.554709201171875 0.33984375 0.569471357421875 0.33984375 0.610144818359375 0.34066840234375 0.610177951171875 0.408203125 0.58304346484375 0.408203125 0.543630642578125 0.3934461796875 0.544552951171875
7 0.6146484375 0.30876736328125 0.625 0.2915914375 0.625 0.263820044921875 0.6029296875 0.244878474609375 0.5888671875 0.27126736328125 0.5849609375 0.282378474609375 0.5849609375 0.303211806640625 0.58839925 0.310546875 0.590327150390625 0.310546875 0.5990234375 0.3046006953125 0.6146484375 0.30876736328125
4 0.521484375 0.54974430078125 0.564453125 0.545015404296875 0.564453125 0.507018919921875 0.563845486328125 0.50698784765625 0.521484375 0.514930556640625 0.521484375 0.54974430078125
3 0.283224826171875 0.78619791796875 0.283224826171875 0.99635416796875 0.298502603515625 0.98776041796875 0.302669271484375 0.97213541796875 0.348502603515625 0.92682291796875 0.392947048828125 0.90338541796875 0.4068359375 0.88385416796875 0.420724826171875 0.87369791796875 0.452669271484375 0.85807291796875 0.4887803828125 0.84713541796875 0.494140625 0.84412028125 0.494140625 0.83704951953125 0.442947048828125 0.83932291796875 0.417947048828125 0.85104166796875 0.3762803828125 0.86041666796875 0.36655816015625 0.85182291796875 0.3123914921875 0.83932291796875 0.302669271484375 0.82604166796875 0.302669271484375 0.80104166796875 0.283224826171875 0.78619791796875
12 0.26293402734375 0.77584635546875 0.27265625 0.772721353515625 0.3046006953125 0.776627603515625 0.72265625 0.74572135546875 0.72265625 0.364551712890625 0.2907118046875 0.33678385546875 0.259765625 0.334884884765625 0.259765625 0.394025837890625 0.261545138671875 0.39381510546875 0.2671006953125 0.40319010546875 0.259765625 0.410066732421875 0.259765625 0.77584635546875 0.26293402734375 0.77584635546875
8 0.4296875 0.244140625 0.4296875 0.248046875 0.43359375 0.25390625 0.435546875 0.26953125 0.443359375 0.279296875 0.443359375 0.328125 0.44140625 0.333984375 0.43359375 0.341796875 0.419921875 0.341796875 0.412109375 0.33203125 0.412109375 0.32421875 0.408203125 0.314453125 0.408203125 0.30078125 0.404296875 0.2890625 0.404296875 0.251953125 0.412109375 0.2421875 0.419921875 0.240234375 0.427734375 0.244140625