0 0.421614583984375 0.452061630859375 0.454947916015625 0.4622178828125 0.4827256953125 0.461436630859375 0.504947916015625 0.455967880859375 0.509765625 0.453257919921875 0.509765625 0.378564689453125 0.4952256953125 0.3700303828125 0.47300347265625 0.364561630859375 0.44800347265625 0.363780380859375 0.42855902734375 0.368467880859375 0.417447916015625 0.3942491328125 0.41015625 0.397325302734375 0.41015625 0.444407822265625 0.421614583984375 0.452061630859375
7 0.414453125 0.780664064453125 0.416833494140625 0.783203125 0.420800783203125 0.783203125 0.430859375 0.776497396484375 0.443359375 0.75950393359375 0.443359375 0.743441841796875 0.441796875 0.736219619140625 0.430078125 0.707052953125 0.425390625 0.701497396484375 0.414453125 0.707052953125 0.398046875 0.72788628515625 0.400390625 0.743164064453125 0.411328125 0.766775173828125 0.414453125 0.780664064453125
8 0.349609375 0.321249015625 0.349609375 0.355794271484375 0.3497178828125 0.355794271484375 0.39453125 0.348173392578125 0.39453125 0.311263021484375 0.3802734375 0.311263021484375 0.349609375 0.321249015625
11 0.341796875 0.456228296875 0.36127477734375 0.4921875 0.374261474609375 0.4921875 0.375 0.489561630859375 0.375 0.47601996484375 0.374609375 0.47289496484375 0.369921875 0.46595051953125 0.360546875 0.434006076171875 0.338671875 0.393728296875 0.333203125 0.396506076171875 0.325390625 0.41039496484375 0.325390625 0.41595051953125 0.341796875 0.456228296875
2 0.5701171875 0.296809896484375 0.5716796875 0.334309896484375 0.5771484375 0.346809896484375 0.5857421875 0.3565321171875 0.6044921875 0.359309896484375 0.6154296875 0.3509765625 0.625 0.3315321171875 0.625 0.22882378515625 0.6232421875 0.22319878515625 0.6146484375 0.209309896484375 0.6083984375 0.2065321171875 0.5982421875 0.205143228515625 0.5841796875 0.212087673828125 0.5779296875 0.22319878515625 0.5724609375 0.242643228515625 0.5701171875 0.296809896484375
6 0.48046875 0.245508490234375 0.51953125 0.241846380859375 0.51953125 0.20892815234375 0.514040798828125 0.20902777734375 0.48046875 0.21442328515625 0.48046875 0.245508490234375
4 0.54055989453125 0.58203125 0.542439783203125 0.58203125 0.560546875 0.5743055546875 0.564453125 0.565046296875 0.564453125 0.539583333984375 0.554296875 0.48541666796875 0.550390625 0.47847222265625 0.541796875 0.477083333984375 0.525390625 0.486805556640625 0.522265625 0.496527779296875 0.523046875 0.518750001953125 0.531640625 0.570138890625 0.54055989453125 0.58203125
10 0.39555121484375 0.530946181640625 0.441384548828125 0.534852431640625 0.466796875 0.526772966796875 0.466796875 0.475646359375 0.43305121484375 0.4762586796875 0.384440103515625 0.4950086796875 0.380859375 0.495628421875 0.380859375 0.55653415234375 0.3858289921875 0.550477431640625 0.39555121484375 0.5481336796875 0.38999566015625 0.5418836796875 0.39555121484375 0.530946181640625
1 0.4146484375 0.60123698046875 0.4154296875 0.580403646484375 0.4037109375 0.560959201171875 0.3919921875 0.5165147578125 0.3810546875 0.49984808984375 0.371903482421875 0.49609375 0.370846896484375 0.49609375 0.3662109375 0.533181423828125 0.3560546875 0.54984808984375 0.3693359375 0.577625869140625 0.3740234375 0.598459201171875 0.398611111328125 0.623046875 0.400067138671875 0.623046875 0.4060546875 0.620681423828125 0.4146484375 0.60123698046875
5 0.453125 0.594591421875 0.4522352421875 0.5942274296875 0.420290798828125 0.5934461796875 0.40234375 0.6039019375 0.40234375 0.642805310546875 0.417513021484375 0.6442274296875 0.43695746484375 0.6387586796875 0.453125 0.638000826171875 0.453125 0.594591421875
9 0.53515625 0.747774658203125 0.53515625 0.715636189453125 0.533181423828125 0.7140625 0.51929253515625 0.71171875 0.49984808984375 0.71328125 0.49609375 0.715555513671875 0.49609375 0.746570638671875 0.5026258671875 0.75 0.533181423828125 0.74921875 0.53515625 0.747774658203125
3 0.37941894921875 0.998046875 0.382421875 0.997157119140625 0.380859375 0.94437933984375 0.367578125 0.91521267578125 0.359765625 0.879101564453125 0.367578125 0.867990453125 0.376171875 0.83326823046875 0.373046875 0.8235460078125 0.379296875 0.81382378515625 0.392578125 0.804101564453125 0.418359375 0.804101564453125 0.431640625 0.78670390234375 0.431640625 0.78515625 0.302567435546875 0.78515625 0.285546875 0.8360460078125 0.313671875 0.89021267578125 0.344140625 0.919379341796875 0.361328125 0.95271267578125 0.372265625 0.98882378515625 0.37745361328125 0.998046875 0.37941894921875 0.998046875
12 0.5220703125 0.1318359375 0.5087890625 0.1373914921875 0.3212890625 0.1568359375 0.3142578125 0.17766926953125 0.2830078125 0.633224826171875 0.2626953125 0.973502603515625 0.2642578125 0.995724826171875 0.316033974609375 0.99609375 0.7116882265625 0.99609375 0.7205078125 0.995724826171875 0.7283203125 0.983224826171875 0.7173828125 0.83461371484375 0.7158203125 0.7443359375 0.6962890625 0.508224826171875 0.6736328125 0.126280380859375 0.6705078125 0.1123914921875 0.5220703125 0.1318359375