11 0.4921875 0.5703125 0.494140625 0.572265625 0.494140625 0.6015625 0.447265625 0.6328125 0.435546875 0.64453125 0.42578125 0.6484375 0.4140625 0.64453125 0.4140625 0.61328125 0.41796875 0.609375 0.421875 0.609375 0.423828125 0.60546875 0.4375 0.59765625 0.443359375 0.591796875 0.455078125 0.5859375 0.466796875 0.57421875 0.4765625 0.5703125 0.490234375 0.5703125
2 0.55859375 0.60546875 0.55859375 0.662109375 0.54296875 0.6640625 0.53515625 0.66796875 0.494140625 0.66796875 0.494140625 0.607421875 0.505859375 0.607421875 0.5078125 0.60546875 0.556640625 0.60546875
0 0.4765625 0.341796875 0.478515625 0.34375 0.484375 0.34375 0.498046875 0.357421875 0.5078125 0.376953125 0.5078125 0.3828125 0.509765625 0.384765625 0.509765625 0.431640625 0.5078125 0.43359375 0.5078125 0.44140625 0.49609375 0.466796875 0.484375 0.48046875 0.47265625 0.486328125 0.443359375 0.486328125 0.431640625 0.4765625 0.423828125 0.46484375 0.416015625 0.4375 0.416015625 0.3984375 0.427734375 0.3671875 0.443359375 0.34765625 0.45703125 0.341796875 0.474609375 0.341796875
5 0.51953125 0.314453125 0.53515625 0.314453125 0.537109375 0.3125 0.55859375 0.314453125 0.55859375 0.369140625 0.501953125 0.369140625 0.501953125 0.337890625 0.51171875 0.333984375 0.53125 0.33203125 0.537109375 0.330078125 0.54296875 0.32421875 0.54296875 0.3203125 0.5390625 0.31640625 0.51953125 0.31640625
6 0.486328125 0.14453125 0.4921875 0.158203125 0.501953125 0.1640625 0.5078125 0.171875 0.509765625 0.197265625 0.51171875 0.19921875 0.509765625 0.224609375 0.513671875 0.234375 0.513671875 0.2734375 0.505859375 0.28125 0.498046875 0.28515625 0.48046875 0.28515625 0.4765625 0.283203125 0.4765625 0.279296875 0.47265625 0.2734375 0.47265625 0.236328125 0.46875 0.23046875 0.46875 0.224609375 0.46484375 0.21484375 0.46484375 0.1796875 0.474609375 0.1640625 0.478515625 0.14453125 0.48046875 0.142578125 0.484375 0.14453125
10 0.6438585078125 0.41529948046875 0.650390625 0.420443521484375 0.650390625 0.380206705078125 0.63969183984375 0.377799478515625 0.635525173828125 0.371549478515625 0.616080728515625 0.36451823046875 0.598025173828125 0.362174478515625 0.58984375 0.36257465625 0.58984375 0.419459259765625 0.6049696171875 0.420768228515625 0.6438585078125 0.41529948046875
1 0.4060546875 0.595616318359375 0.3958984375 0.57894965234375 0.3748046875 0.526171875 0.35997314453125 0.515625 0.34776611328125 0.515625 0.3412109375 0.52339409765625 0.3404296875 0.542838541015625 0.3716796875 0.620616318359375 0.39054972265625 0.63671875 0.393273927734375 0.63671875 0.4013671875 0.634505208984375 0.4076171875 0.620616318359375 0.4060546875 0.595616318359375
7 0.625 0.2615371953125 0.616623263671875 0.256488716796875 0.591623263671875 0.257269966796875 0.583984375 0.26617063671875 0.583984375 0.286217333984375 0.598567708984375 0.293988716796875 0.6096788203125 0.297894966796875 0.625 0.297894966796875 0.625 0.2615371953125
4 0.521484375 0.54974430078125 0.564453125 0.545015404296875 0.564453125 0.507018919921875 0.563845486328125 0.50698784765625 0.521484375 0.514930556640625 0.521484375 0.54974430078125
3 0.283224826171875 0.78619791796875 0.283224826171875 0.99635416796875 0.298502603515625 0.98776041796875 0.302669271484375 0.97213541796875 0.348502603515625 0.92682291796875 0.392947048828125 0.90338541796875 0.4068359375 0.88385416796875 0.420724826171875 0.87369791796875 0.452669271484375 0.85807291796875 0.4887803828125 0.84713541796875 0.494140625 0.84412028125 0.494140625 0.83704951953125 0.442947048828125 0.83932291796875 0.417947048828125 0.85104166796875 0.3762803828125 0.86041666796875 0.36655816015625 0.85182291796875 0.3123914921875 0.83932291796875 0.302669271484375 0.82604166796875 0.302669271484375 0.80104166796875 0.283224826171875 0.78619791796875
12 0.6400390625 0.182465279296875 0.6392578125 0.194965279296875 0.6322265625 0.204687501953125 0.6408203125 0.22829861328125 0.6400390625 0.243576390625 0.6517578125 0.265798611328125 0.6501953125 0.29635416796875 0.6533203125 0.322743056640625 0.6439453125 0.328298611328125 0.6361328125 0.319965279296875 0.6275390625 0.2866319453125 0.6134765625 0.256076388671875 0.5994140625 0.238020833984375 0.5830078125 0.229687501953125 0.5478515625 0.163020833984375 0.5369140625 0.15885416796875 0.5205078125 0.135243056640625 0.5072265625 0.135243056640625 0.4923828125 0.12690972265625 0.4845703125 0.113020833984375 0.2798828125 0.11440972265625 0.2626953125 0.118576388671875 0.2619140625 0.168576390625 0.2666015625 0.23246527734375 0.2705078125 0.23385416796875 0.2681640625 0.257465279296875 0.2712890625 0.27690972265625 0.2712890625 0.3241319453125 0.2744140625 0.33385416796875 0.2705078125 0.36579861328125 0.3064453125 0.851909720703125 0.3134765625 0.98385416796875 0.316048177734375 0.994140625 0.333117671875 0.994140625 0.6689453125 0.9491319453125 0.6822265625 0.789409720703125 0.7103515625 0.351909720703125 0.72265625 0.151388888671875 0.72265625 0.118055556640625 0.7212890625 0.11440972265625 0.7025390625 0.11579861328125 0.6923828125 0.132465279296875 0.6767578125 0.140798611328125 0.6642578125 0.13385416796875 0.6462890625 0.14635416796875 0.6470703125 0.174131943359375 0.6400390625 0.182465279296875
8 0.4140625 0.2421875 0.427734375 0.2421875 0.435546875 0.251953125 0.435546875 0.259765625 0.439453125 0.26953125 0.439453125 0.283203125 0.443359375 0.294921875 0.443359375 0.33203125 0.435546875 0.341796875 0.421875 0.341796875 0.41796875 0.33984375 0.41796875 0.3359375 0.4140625 0.330078125 0.412109375 0.314453125 0.40625 0.30859375 0.40234375 0.298828125 0.40234375 0.263671875 0.40625 0.25 0.4140625 0.244140625