10 0.4005859375 0.1914930546875 0.384765625 0.1945941953125 0.384765625 0.23056909765625 0.439453125 0.215668888671875 0.439453125 0.186720994140625 0.436697048828125 0.1868055546875 0.4005859375 0.1914930546875
5 0.5474609375 0.376432291015625 0.5490234375 0.358376736328125 0.5552734375 0.35559895703125 0.5599609375 0.379210068359375 0.564453125 0.3780691953125 0.564453125 0.352647568359375 0.5638671875 0.33754340234375 0.5521484375 0.31948784765625 0.5427734375 0.286154513671875 0.534287111328125 0.279296875 0.523134763671875 0.279296875 0.5146484375 0.286154513671875 0.5068359375 0.3028211796875 0.5060546875 0.322265625 0.5208984375 0.383376736328125 0.52760009765625 0.388671875 0.530126947265625 0.388671875 0.5396484375 0.38754340234375 0.5474609375 0.376432291015625
0 0.4248046875 0.562326388671875 0.4302734375 0.5859375 0.4451171875 0.6109375 0.4537109375 0.6109375 0.461328125 0.62109375 0.477587892578125 0.62109375 0.4888671875 0.619270833984375 0.5083984375 0.60121527734375 0.5185546875 0.580381943359375 0.5234375 0.55434027734375 0.5234375 0.53054219921875 0.5154296875 0.484548611328125 0.4998046875 0.462326388671875 0.4849609375 0.4539930546875 0.4662109375 0.455381943359375 0.4443359375 0.4734375 0.4310546875 0.497048611328125 0.4248046875 0.524826388671875 0.4248046875 0.562326388671875
2 0.41796875 0.6159767734375 0.41796875 0.55577799609375 0.4164930546875 0.55514323046875 0.390104166015625 0.55358073046875 0.3678819453125 0.558268228515625 0.341796875 0.571683408203125 0.341796875 0.626617837890625 0.3539930546875 0.62936198046875 0.381770833984375 0.62779948046875 0.41796875 0.6159767734375
6 0.595703125 0.56625433984375 0.59613715234375 0.56625433984375 0.62113715234375 0.570941841796875 0.6328125 0.56997605078125 0.6328125 0.53399323046875 0.595703125 0.533599380859375 0.595703125 0.56625433984375
11 0.33203125 0.44171509765625 0.33203125 0.476254611328125 0.342165798828125 0.476888021484375 0.380859375 0.461553494140625 0.380859375 0.42858544140625 0.369943576171875 0.429231771484375 0.33203125 0.44171509765625
1 0.6134765625 0.46341145703125 0.6171875 0.4558717734375 0.6171875 0.418967013671875 0.6166015625 0.40785590234375 0.6171875 0.38598090234375 0.6171875 0.346523830078125 0.6095703125 0.3231336796875 0.5962890625 0.314800345703125 0.5884765625 0.324522568359375 0.5869140625 0.3356336796875 0.5861328125 0.434244791015625 0.5931640625 0.462022568359375 0.6017578125 0.47035590234375 0.6134765625 0.46341145703125
8 0.56640625 0.245920140625 0.578442380859375 0.259765625 0.585729986328125 0.259765625 0.59140625 0.258420140625 0.5984375 0.2500868046875 0.6015625 0.225086806640625 0.59765625 0.16675347265625 0.58671875 0.152864583984375 0.5765625 0.155642359375 0.5671875 0.169531248046875 0.56640625 0.245920140625
9 0.454927060546875 0.42578125 0.4634765625 0.41642794921875 0.46484375 0.3909071171875 0.46484375 0.386624708984375 0.4603515625 0.371983505859375 0.4541015625 0.36642794921875 0.4431640625 0.36642794921875 0.4330078125 0.380316837890625 0.4322265625 0.405316837890625 0.4376953125 0.421983505859375 0.44837646875 0.42578125 0.454927060546875 0.42578125
7 0.37109375 0.365386283203125 0.37109375 0.370941841796875 0.38671875 0.419552953125 0.3921875 0.423719619140625 0.41328125 0.407052953125 0.4140625 0.3876085078125 0.4046875 0.357052953125 0.39453125 0.340386283203125 0.38515625 0.3487196171875 0.37109375 0.365386283203125
4 0.559765625 0.5756944453125 0.564453125 0.56423611328125 0.564453125 0.5397569453125 0.553515625 0.482638890625 0.541015625 0.477083333984375 0.528515625 0.484027779296875 0.522265625 0.495138890625 0.531640625 0.568750001953125 0.540605466796875 0.58203125 0.54265625390625 0.58203125 0.559765625 0.5756944453125
12 0.698828125 0.520312501953125 0.694140625 0.49392361328125 0.688671875 0.39947916796875 0.684765625 0.385590279296875 0.685546875 0.35503472265625 0.680078125 0.33697916796875 0.682421875 0.31753472265625 0.679296875 0.235590279296875 0.676171875 0.2272569453125 0.677734375 0.198090279296875 0.671484375 0.116145833984375 0.669140625 0.11197916796875 0.653515625 0.11197916796875 0.592578125 0.1272569453125 0.565234375 0.125868056640625 0.350390625 0.153645833984375 0.334765625 0.15642361328125 0.317578125 0.16892361328125 0.278515625 0.718923611328125 0.262890625 0.97309027734375 0.264453125 0.99392361328125 0.328051130859375 0.994140625 0.68318483203125 0.994140625 0.7265625 0.989796068359375 0.7265625 0.965451390625 0.726171875 0.941145833984375 0.712890625 0.76753472265625 0.713671875 0.752256943359375 0.719140625 0.7383680546875 0.709765625 0.7147569453125 0.703515625 0.600868056640625 0.699609375 0.584201388671875 0.698828125 0.520312501953125
3 0.344986978515625 0.34780816015625 0.3283203125 0.37280816015625 0.302734375 0.382218373046875 0.302734375 0.399125876953125 0.3227647578125 0.40327691015625 0.3408203125 0.41655816015625 0.342209201171875 0.42983941015625 0.33109808984375 0.44546441015625 0.3852647578125 0.44312066015625 0.40625 0.447469576171875 0.40625 0.42770036328125 0.401931423828125 0.42358941015625 0.386653646484375 0.41890191015625 0.374153646484375 0.41030816015625 0.35609808984375 0.38374566015625 0.35609808984375 0.37671441015625 0.3658203125 0.36733941015625 0.36304253515625 0.34468316015625 0.344986978515625 0.34780816015625