0 0.4123046875 0.426909720703125 0.4169921875 0.446354166015625 0.4427734375 0.45746527734375 0.4474609375 0.468576390625 0.4474609375 0.481076390625 0.451153564453125 0.486328125 0.464465330078125 0.486328125 0.4857421875 0.475520833984375 0.5005859375 0.453298609375 0.509765625 0.42317040625 0.509765625 0.39139384765625 0.5044921875 0.369965279296875 0.4912109375 0.34635416796875 0.4755859375 0.33802083203125 0.4599609375 0.33802083203125 0.4373046875 0.3477430546875 0.4185546875 0.3796875 0.4130859375 0.401909720703125 0.4123046875 0.426909720703125
7 0.4283203125 0.763368056640625 0.443359375 0.757325576171875 0.443359375 0.724898818359375 0.436653646484375 0.719618056640625 0.4213758671875 0.721961806640625 0.3977647578125 0.732899306640625 0.396484375 0.733187392578125 0.396484375 0.7586401796875 0.40609808984375 0.765711806640625 0.4102647578125 0.767274306640625 0.4283203125 0.763368056640625
8 0.3693359375 0.281618923828125 0.3552734375 0.285785591796875 0.3498046875 0.298285591796875 0.3498046875 0.310785591796875 0.3599609375 0.3705078125 0.3708984375 0.384396701171875 0.3794921875 0.384396701171875 0.3865234375 0.38023003515625 0.3943359375 0.3649522578125 0.3943359375 0.341341146484375 0.3771484375 0.288563369140625 0.3693359375 0.281618923828125
11 0.341796875 0.456228296875 0.36127477734375 0.4921875 0.374261474609375 0.4921875 0.375 0.489561630859375 0.375 0.47601996484375 0.374609375 0.47289496484375 0.369921875 0.46595051953125 0.360546875 0.434006076171875 0.338671875 0.393728296875 0.333203125 0.396506076171875 0.325390625 0.41039496484375 0.325390625 0.41595051953125 0.341796875 0.456228296875
2 0.568359375 0.311097123046875 0.625 0.311572650390625 0.625 0.256488611328125 0.5838758671875 0.254709201171875 0.568359375 0.25535572265625 0.568359375 0.311097123046875
6 0.48046875 0.245508490234375 0.51953125 0.241846380859375 0.51953125 0.20892815234375 0.514040798828125 0.20902777734375 0.48046875 0.21442328515625 0.48046875 0.245508490234375
4 0.550634765625 0.58203125 0.563671875 0.574305556640625 0.564453125 0.571875 0.564453125 0.533017677734375 0.557421875 0.49097222265625 0.548046875 0.47847222265625 0.528515625 0.486805556640625 0.523828125 0.49791666796875 0.523046875 0.5131944453125 0.534765625 0.5756944453125 0.538330078125 0.58203125 0.550634765625 0.58203125
10 0.39555121484375 0.530946181640625 0.441384548828125 0.534852431640625 0.466796875 0.526772966796875 0.466796875 0.475646359375 0.43305121484375 0.4762586796875 0.384440103515625 0.4950086796875 0.380859375 0.495628421875 0.380859375 0.55653415234375 0.3858289921875 0.550477431640625 0.39555121484375 0.5481336796875 0.38999566015625 0.5418836796875 0.39555121484375 0.530946181640625
1 0.416015625 0.57358452734375 0.416015625 0.530582412109375 0.406618923828125 0.53023003515625 0.387174478515625 0.54194878515625 0.35546875 0.550308693359375 0.35546875 0.578957791015625 0.359396701171875 0.57944878515625 0.3760633671875 0.58960503515625 0.403841146484375 0.57632378515625 0.416015625 0.57358452734375
5 0.453125 0.594591421875 0.4522352421875 0.5942274296875 0.420290798828125 0.5934461796875 0.40234375 0.6039019375 0.40234375 0.642805310546875 0.417513021484375 0.6442274296875 0.43695746484375 0.6387586796875 0.453125 0.638000826171875 0.453125 0.594591421875
9 0.53515625 0.747417744140625 0.53515625 0.715519205078125 0.5294053828125 0.7125 0.498849826171875 0.71328125 0.49609375 0.715296630859375 0.49609375 0.746241251953125 0.498849826171875 0.7484375 0.51273871484375 0.75078125 0.53218316015625 0.74921875 0.53515625 0.747417744140625
3 0.3354383671875 0.90026041796875 0.371549478515625 0.89244791796875 0.38266058984375 0.90026041796875 0.4173828125 0.90885416796875 0.42710503515625 0.90572916796875 0.431640625 0.908644904296875 0.431640625 0.8239268828125 0.41460503515625 0.81822916796875 0.3604383671875 0.84635416796875 0.331271701171875 0.87682291796875 0.2979383671875 0.89401041796875 0.283203125 0.89847349609375 0.283203125 0.914224619140625 0.306271701171875 0.91354166796875 0.3354383671875 0.90026041796875
12 0.6840928828125 0.3350477421875 0.447981771484375 0.3545789921875 0.26171875 0.365627775390625 0.26171875 0.746508357421875 0.572981771484375 0.7678602421875 0.728515625 0.77714466015625 0.728515625 0.33427888671875 0.6840928828125 0.3350477421875