11 0.431640625 0.544921875 0.435546875 0.544921875 0.455078125 0.572265625 0.455078125 0.576171875 0.458984375 0.578125 0.466796875 0.591796875 0.47265625 0.59765625 0.478515625 0.609375 0.490234375 0.62109375 0.494140625 0.630859375 0.494140625 0.646484375 0.490234375 0.650390625 0.482421875 0.671875 0.48046875 0.673828125 0.478515625 0.671875 0.4765625 0.6640625 0.46484375 0.65234375 0.455078125 0.634765625 0.439453125 0.615234375 0.431640625 0.6015625 0.427734375 0.599609375 0.41796875 0.5859375 0.416015625 0.580078125 0.41796875 0.572265625 0.431640625 0.546875
2 0.494140625 0.61328125 0.505859375 0.609375 0.513671875 0.609375 0.521484375 0.60546875 0.55859375 0.60546875 0.55859375 0.666015625 0.55078125 0.666015625 0.548828125 0.66796875 0.494140625 0.66796875 0.494140625 0.615234375
0 0.478515625 0.3671875 0.509765625 0.37890625 0.509765625 0.455078125 0.4921875 0.4609375 0.4453125 0.4609375 0.443359375 0.458984375 0.435546875 0.458984375 0.4296875 0.455078125 0.42578125 0.455078125 0.421875 0.451171875 0.4140625 0.44921875 0.4140625 0.375 0.421875 0.37109375 0.4296875 0.37109375 0.439453125 0.3671875 0.4765625 0.3671875
5 0.50390625 0.310546875 0.51171875 0.306640625 0.517578125 0.306640625 0.5234375 0.294921875 0.53125 0.287109375 0.546875 0.287109375 0.552734375 0.29296875 0.55859375 0.306640625 0.55859375 0.375 0.5546875 0.38671875 0.544921875 0.39453125 0.53515625 0.392578125 0.52734375 0.380859375 0.52734375 0.369140625 0.5234375 0.361328125 0.5234375 0.349609375 0.51953125 0.3359375 0.513671875 0.330078125 0.509765625 0.330078125 0.505859375 0.333984375 0.505859375 0.353515625 0.50390625 0.353515625 0.50390625 0.337890625 0.501953125 0.3359375 0.50390625 0.3125
6 0.513671875 0.189453125 0.513671875 0.234375 0.5078125 0.234375 0.505859375 0.236328125 0.48046875 0.234375 0.470703125 0.23828125 0.46484375 0.23828125 0.46484375 0.197265625 0.490234375 0.189453125 0.51171875 0.189453125
10 0.642599826171875 0.42115885546875 0.650390625 0.420777783203125 0.650390625 0.36384026953125 0.6356553828125 0.36256510546875 0.5967664921875 0.368033853515625 0.58984375 0.3625821953125 0.58984375 0.403038736328125 0.60093316015625 0.40553385546875 0.605099826171875 0.41178385546875 0.624544271484375 0.418815103515625 0.642599826171875 0.42115885546875
1 0.4060546875 0.595616318359375 0.3958984375 0.57894965234375 0.3748046875 0.526171875 0.35997314453125 0.515625 0.34776611328125 0.515625 0.3412109375 0.52339409765625 0.3404296875 0.542838541015625 0.3716796875 0.620616318359375 0.39054972265625 0.63671875 0.393273927734375 0.63671875 0.4013671875 0.634505208984375 0.4076171875 0.620616318359375 0.4060546875 0.595616318359375
7 0.6212890625 0.2842881953125 0.625 0.273732638671875 0.625 0.2519270859375 0.62135009765625 0.244140625 0.621098634765625 0.244140625 0.6111328125 0.25095486328125 0.5955078125 0.2467881953125 0.583984375 0.26590856640625 0.583984375 0.272482640625 0.5845703125 0.291232640625 0.60707484765625 0.310546875 0.60729594921875 0.310546875 0.6212890625 0.2842881953125
4 0.521484375 0.54974430078125 0.564453125 0.545015404296875 0.564453125 0.507018919921875 0.563845486328125 0.50698784765625 0.521484375 0.514930556640625 0.521484375 0.54974430078125
3 0.299609375 0.979231771484375 0.285246060546875 0.998046875 0.494140625 0.998046875 0.494140625 0.997287328125 0.486328125 0.9833984375 0.470703125 0.979231771484375 0.425390625 0.933398439453125 0.401953125 0.888953994140625 0.382421875 0.87506510546875 0.372265625 0.861176216796875 0.356640625 0.829231771484375 0.345703125 0.79312066015625 0.34122314453125 0.78515625 0.3395629921875 0.78515625 0.335546875 0.78617621484375 0.337890625 0.838953994140625 0.349609375 0.863953994140625 0.358984375 0.90562066015625 0.350390625 0.9153428828125 0.337890625 0.96950955078125 0.324609375 0.979231771484375 0.299609375 0.979231771484375
12 0.6400390625 0.182465279296875 0.6392578125 0.194965279296875 0.6322265625 0.204687501953125 0.6408203125 0.22829861328125 0.6400390625 0.243576390625 0.6517578125 0.265798611328125 0.6501953125 0.29635416796875 0.6533203125 0.322743056640625 0.6439453125 0.328298611328125 0.6361328125 0.319965279296875 0.6275390625 0.2866319453125 0.6134765625 0.256076388671875 0.5994140625 0.238020833984375 0.5830078125 0.229687501953125 0.5478515625 0.163020833984375 0.5369140625 0.15885416796875 0.5205078125 0.135243056640625 0.5072265625 0.135243056640625 0.4923828125 0.12690972265625 0.4845703125 0.113020833984375 0.2798828125 0.11440972265625 0.2626953125 0.118576388671875 0.2619140625 0.168576390625 0.2666015625 0.23246527734375 0.2705078125 0.23385416796875 0.2681640625 0.257465279296875 0.2712890625 0.27690972265625 0.2712890625 0.3241319453125 0.2744140625 0.33385416796875 0.2705078125 0.36579861328125 0.3064453125 0.851909720703125 0.3134765625 0.98385416796875 0.316048177734375 0.994140625 0.333117671875 0.994140625 0.6689453125 0.9491319453125 0.6822265625 0.789409720703125 0.7103515625 0.351909720703125 0.72265625 0.151388888671875 0.72265625 0.118055556640625 0.7212890625 0.11440972265625 0.7025390625 0.11579861328125 0.6923828125 0.132465279296875 0.6767578125 0.140798611328125 0.6642578125 0.13385416796875 0.6462890625 0.14635416796875 0.6470703125 0.174131943359375 0.6400390625 0.182465279296875
8 0.40234375 0.310546875 0.40234375 0.279296875 0.408203125 0.2734375 0.41796875 0.26953125 0.443359375 0.26953125 0.443359375 0.306640625 0.43359375 0.306640625 0.421875 0.310546875 0.404296875 0.310546875