11 0.484375 0.619140625 0.494140625 0.6328125 0.494140625 0.646484375 0.490234375 0.650390625 0.490234375 0.654296875 0.486328125 0.658203125 0.482421875 0.669921875 0.478515625 0.673828125 0.474609375 0.673828125 0.455078125 0.646484375 0.455078125 0.642578125 0.451171875 0.640625 0.43359375 0.61328125 0.41796875 0.59375 0.416015625 0.587890625 0.416015625 0.572265625 0.419921875 0.568359375 0.419921875 0.564453125 0.4296875 0.544921875 0.43359375 0.546875 0.443359375 0.564453125 0.482421875 0.619140625
0 0.48046875 0.3671875 0.5 0.373046875 0.509765625 0.37890625 0.509765625 0.453125 0.486328125 0.4609375 0.447265625 0.4609375 0.4453125 0.458984375 0.431640625 0.45703125 0.427734375 0.453125 0.423828125 0.453125 0.4140625 0.447265625 0.4140625 0.375 0.42578125 0.369140625 0.44140625 0.3671875 0.443359375 0.365234375 0.47265625 0.365234375 0.478515625 0.3671875
5 0.54296875 0.3125 0.544921875 0.314453125 0.55859375 0.314453125 0.55859375 0.369140625 0.541015625 0.369140625 0.5390625 0.3671875 0.537109375 0.369140625 0.501953125 0.369140625 0.501953125 0.337890625 0.51171875 0.333984375 0.5234375 0.333984375 0.537109375 0.330078125 0.54296875 0.322265625 0.5390625 0.31640625 0.51953125 0.31640625 0.51953125 0.314453125 0.537109375 0.314453125 0.541015625 0.3125
6 0.462890625 0.1953125 0.470703125 0.1953125 0.47265625 0.193359375 0.501953125 0.1953125 0.509765625 0.19140625 0.515625 0.19140625 0.515625 0.232421875 0.4921875 0.240234375 0.462890625 0.240234375 0.462890625 0.197265625
1 0.3734375 0.620616318359375 0.39765625 0.638671875 0.409375 0.620616318359375 0.4078125 0.595616318359375 0.3765625 0.526171875 0.35703125 0.513671875 0.34375 0.520616318359375 0.340625 0.53589409765625 0.3421875 0.5442274296875 0.3734375 0.620616318359375
10 0.64008246484375 0.378580728515625 0.63452691015625 0.369986978515625 0.616471353515625 0.364518228515625 0.58984375 0.36363716796875 0.58984375 0.4195213671875 0.6053602421875 0.420768228515625 0.645638021484375 0.414518228515625 0.650390625 0.419864908203125 0.650390625 0.380627201171875 0.64008246484375 0.378580728515625
7 0.62349609375 0.244140625 0.623305666015625 0.244140625 0.61640625 0.25095486328125 0.59609375 0.2467881953125 0.584375 0.2717881953125 0.58671875 0.292621529296875 0.608436 0.310546875 0.60866313671875 0.310546875 0.62265625 0.2842881953125 0.6265625 0.273177083984375 0.6265625 0.25095486328125 0.62349609375 0.244140625
12 0.5596788203125 0.761371529296875 0.72265625 0.771155005859375 0.72265625 0.33026801171875 0.704123263671875 0.333246529296875 0.68051215234375 0.32699652734375 0.62495659765625 0.33793402734375 0.611067708984375 0.33637152734375 0.58745659765625 0.341059029296875 0.388845486328125 0.35043402734375 0.3096788203125 0.35824652734375 0.26171875 0.3608523125 0.26171875 0.740040294921875 0.5596788203125 0.761371529296875
4 0.564453125 0.56783854296875 0.564453125 0.541380208984375 0.558984375 0.496657986328125 0.539453125 0.4786024296875 0.529296875 0.481380208984375 0.523828125 0.493880208984375 0.523046875 0.509157986328125 0.534765625 0.571657986328125 0.539615884765625 0.578125 0.550415041015625 0.578125 0.563671875 0.57026909765625 0.564453125 0.56783854296875
3 0.3375 0.842013888671875 0.34921875 0.864236111328125 0.35859375 0.90590277734375 0.35 0.915625 0.34375 0.93784722265625 0.34140625 0.96840277734375 0.325 0.979513888671875 0.2984375 0.979513888671875 0.2875 0.996180556640625 0.4265990625 0.998046875 0.494065162109375 0.998046875 0.48671875 0.983680556640625 0.47578125 0.979513888671875 0.4234375 0.929513888671875 0.39765625 0.883680556640625 0.38046875 0.8725694453125 0.35859375 0.8350694453125 0.3453125 0.79340277734375 0.3390625 0.783680556640625 0.33515625 0.786458333984375 0.3375 0.842013888671875
2 0.494140625 0.607421875 0.50390625 0.607421875 0.505859375 0.60546875 0.55859375 0.60546875 0.55859375 0.662109375 0.552734375 0.662109375 0.53515625 0.66796875 0.494140625 0.66796875 0.494140625 0.609375
8 0.40234375 0.310546875 0.40234375 0.27734375 0.404296875 0.275390625 0.416015625 0.275390625 0.4296875 0.271484375 0.443359375 0.271484375 0.443359375 0.3046875 0.4375 0.3046875 0.419921875 0.310546875 0.404296875 0.310546875