0 0.4123046875 0.426909720703125 0.4169921875 0.446354166015625 0.4427734375 0.45746527734375 0.4474609375 0.468576390625 0.4474609375 0.481076390625 0.451153564453125 0.486328125 0.464465330078125 0.486328125 0.4857421875 0.475520833984375 0.5005859375 0.453298609375 0.509765625 0.42317040625 0.509765625 0.39139384765625 0.5044921875 0.369965279296875 0.4912109375 0.34635416796875 0.4755859375 0.33802083203125 0.4599609375 0.33802083203125 0.4373046875 0.3477430546875 0.4185546875 0.3796875 0.4130859375 0.401909720703125 0.4123046875 0.426909720703125
7 0.4283203125 0.763368056640625 0.443359375 0.757325576171875 0.443359375 0.724898818359375 0.436653646484375 0.719618056640625 0.4213758671875 0.721961806640625 0.3977647578125 0.732899306640625 0.396484375 0.733187392578125 0.396484375 0.7586401796875 0.40609808984375 0.765711806640625 0.4102647578125 0.767274306640625 0.4283203125 0.763368056640625
8 0.349609375 0.321249015625 0.349609375 0.355794271484375 0.3497178828125 0.355794271484375 0.39453125 0.348173392578125 0.39453125 0.311263021484375 0.3802734375 0.311263021484375 0.349609375 0.321249015625
11 0.341796875 0.456228296875 0.36127477734375 0.4921875 0.374261474609375 0.4921875 0.375 0.489561630859375 0.375 0.47601996484375 0.374609375 0.47289496484375 0.369921875 0.46595051953125 0.360546875 0.434006076171875 0.338671875 0.393728296875 0.333203125 0.396506076171875 0.325390625 0.41039496484375 0.325390625 0.41595051953125 0.341796875 0.456228296875
2 0.5701171875 0.296809896484375 0.5716796875 0.334309896484375 0.5771484375 0.346809896484375 0.5857421875 0.3565321171875 0.6044921875 0.359309896484375 0.6154296875 0.3509765625 0.625 0.3315321171875 0.625 0.22882378515625 0.6232421875 0.22319878515625 0.6146484375 0.209309896484375 0.6083984375 0.2065321171875 0.5982421875 0.205143228515625 0.5841796875 0.212087673828125 0.5779296875 0.22319878515625 0.5724609375 0.242643228515625 0.5701171875 0.296809896484375
6 0.486740451171875 0.24652777734375 0.51953125 0.241257828125 0.51953125 0.210120306640625 0.48046875 0.213782416015625 0.48046875 0.246641578125 0.486740451171875 0.24652777734375
4 0.54055989453125 0.58203125 0.542439783203125 0.58203125 0.560546875 0.5743055546875 0.564453125 0.565046296875 0.564453125 0.539583333984375 0.554296875 0.48541666796875 0.550390625 0.47847222265625 0.541796875 0.477083333984375 0.525390625 0.486805556640625 0.522265625 0.496527779296875 0.523046875 0.518750001953125 0.531640625 0.570138890625 0.54055989453125 0.58203125
10 0.41460503515625 0.5598524296875 0.463216146484375 0.5411024296875 0.466796875 0.5404826875 0.466796875 0.47957695703125 0.4618272578125 0.4856336796875 0.45210503515625 0.4879774296875 0.45766058984375 0.4942274296875 0.45210503515625 0.5051649296875 0.406271701171875 0.5012586796875 0.380859375 0.50933814453125 0.380859375 0.56046475 0.41460503515625 0.5598524296875
1 0.416015625 0.569238748046875 0.416015625 0.540437826171875 0.412478298828125 0.53999566015625 0.3958116328125 0.52983941015625 0.368033853515625 0.54312066015625 0.35546875 0.54594780859375 0.35546875 0.588847384765625 0.365256076171875 0.58921441015625 0.384700521484375 0.57749566015625 0.416015625 0.569238748046875
5 0.453125 0.594591421875 0.4522352421875 0.5942274296875 0.420290798828125 0.5934461796875 0.40234375 0.6039019375 0.40234375 0.642805310546875 0.417513021484375 0.6442274296875 0.43695746484375 0.6387586796875 0.453125 0.638000826171875 0.453125 0.594591421875
9 0.53515625 0.747774658203125 0.53515625 0.715636189453125 0.533181423828125 0.7140625 0.51929253515625 0.71171875 0.49984808984375 0.71328125 0.49609375 0.715555513671875 0.49609375 0.746570638671875 0.5026258671875 0.75 0.533181423828125 0.74921875 0.53515625 0.747774658203125
3 0.3354383671875 0.90026041796875 0.371549478515625 0.89244791796875 0.38266058984375 0.90026041796875 0.4173828125 0.90885416796875 0.42710503515625 0.90572916796875 0.431640625 0.908644904296875 0.431640625 0.8239268828125 0.41460503515625 0.81822916796875 0.3604383671875 0.84635416796875 0.331271701171875 0.87682291796875 0.2979383671875 0.89401041796875 0.283203125 0.89847349609375 0.283203125 0.914224619140625 0.306271701171875 0.91354166796875 0.3354383671875 0.90026041796875
12 0.417643228515625 0.3432508671875 0.26171875 0.333943130859375 0.26171875 0.776838982421875 0.3065321171875 0.7760633671875 0.542643228515625 0.7565321171875 0.728515625 0.74550650390625 0.728515625 0.364575955078125 0.417643228515625 0.3432508671875