10 0.416796875 0.74850260546875 0.411328125 0.7568359375 0.387109375 0.845724826171875 0.387890625 0.886002603515625 0.391015625 0.898502603515625 0.396484375 0.90405816015625 0.408203125 0.90405816015625 0.416015625 0.892947046875 0.433984375 0.801280380859375 0.438671875 0.76516926953125 0.439453125 0.739706306640625 0.439453125 0.679454984375 0.435760498046875 0.673828125 0.42989501953125 0.673828125 0.426953125 0.679058158203125 0.416796875 0.74850260546875
5 0.564453125 0.647352431640625 0.564453125 0.6219308046875 0.5599609375 0.620789931640625 0.5552734375 0.64440104296875 0.5490234375 0.641623263671875 0.5474609375 0.623567708984375 0.5396484375 0.61245659765625 0.530126947265625 0.611328125 0.52760009765625 0.611328125 0.5208984375 0.616623263671875 0.5060546875 0.677734375 0.5068359375 0.6971788203125 0.5146484375 0.713845486328125 0.523134763671875 0.720703125 0.534287111328125 0.720703125 0.5427734375 0.713845486328125 0.5521484375 0.68051215234375 0.5638671875 0.66245659765625 0.564453125 0.647352431640625
0 0.423828125 0.503548177734375 0.428342013671875 0.506228298828125 0.451953125 0.511697048828125 0.489453125 0.511697048828125 0.51723090234375 0.505447048828125 0.5234375 0.501955837890625 0.5234375 0.419976322265625 0.4713975703125 0.410915798828125 0.4338975703125 0.417947048828125 0.423828125 0.42285590234375 0.423828125 0.503548177734375
2 0.3778271484375 0.33984375 0.3712890625 0.344314234375 0.3595703125 0.3651475703125 0.3455078125 0.408203125 0.3439453125 0.43598090234375 0.3486328125 0.456814236328125 0.3673828125 0.477647568359375 0.3767578125 0.47903645703125 0.3900390625 0.470703125 0.4150390625 0.42209201171875 0.41796875 0.408203125 0.41796875 0.373026841796875 0.4080078125 0.349869791015625 0.4001953125 0.341536458984375 0.39257812109375 0.33984375 0.3778271484375 0.33984375
6 0.6328125 0.46113009765625 0.6328125 0.428072845703125 0.595703125 0.4284666953125 0.595703125 0.4641943046875 0.61011284765625 0.46538628515625 0.6328125 0.46113009765625
11 0.374240451171875 0.572721353515625 0.380859375 0.572307669921875 0.380859375 0.53639084765625 0.346462673828125 0.525065103515625 0.33203125 0.524210611328125 0.33203125 0.55599355859375 0.374240451171875 0.572721353515625
1 0.6171875 0.622711458984375 0.6171875 0.59189259375 0.58754340234375 0.5926866328125 0.583984375 0.59249894921875 0.583984375 0.62297451171875 0.6171875 0.622711458984375
8 0.6015625 0.774923009765625 0.56640625 0.7752825625 0.56640625 0.807408119140625 0.6015625 0.80976233203125 0.6015625 0.774923009765625
9 0.4403428828125 0.618988716796875 0.46484375 0.618223064453125 0.46484375 0.588153755859375 0.4583984375 0.586176216796875 0.431640625 0.587609671875 0.431640625 0.6161332890625 0.4403428828125 0.618988716796875
7 0.37109375 0.623719619140625 0.371875 0.643164064453125 0.39296875 0.65983073046875 0.3984375 0.655664064453125 0.4140625 0.607052953125 0.4140625 0.601497396484375 0.4 0.58483073046875 0.390625 0.57649739453125 0.38046875 0.593164064453125 0.37109375 0.623719619140625
4 0.535546875 0.42152777734375 0.523046875 0.4868055546875 0.523046875 0.4993055546875 0.529296875 0.51458333203125 0.548046875 0.52152777734375 0.557421875 0.507638890625 0.564453125 0.4524305546875 0.564453125 0.429861111328125 0.560546875 0.422916666015625 0.551640625 0.41796875 0.5435546875 0.41796875 0.535546875 0.42152777734375
12 0.262890625 0.02690972265625 0.278515625 0.281076388671875 0.317578125 0.83107638671875 0.334765625 0.84357638671875 0.350390625 0.846354166015625 0.565234375 0.874131943359375 0.592578125 0.8727430546875 0.653515625 0.88802083203125 0.669140625 0.88802083203125 0.671484375 0.883854166015625 0.677734375 0.801909720703125 0.676171875 0.7727430546875 0.679296875 0.764409720703125 0.682421875 0.68246527734375 0.680078125 0.66302083203125 0.685546875 0.64496527734375 0.684765625 0.614409720703125 0.688671875 0.60052083203125 0.694140625 0.50607638671875 0.698828125 0.479687498046875 0.699609375 0.415798611328125 0.703515625 0.399131943359375 0.709765625 0.2852430546875 0.719140625 0.2616319453125 0.713671875 0.247743056640625 0.712890625 0.23246527734375 0.726171875 0.058854166015625 0.7265625 0.034548609375 0.7265625 0.010203931640625 0.68318483203125 0.005859375 0.328051130859375 0.005859375 0.264453125 0.00607638671875 0.262890625 0.02690972265625
3 0.3814453125 0.541927083984375 0.3767578125 0.494704861328125 0.3564453125 0.52109375 0.3486328125 0.52109375 0.3361328125 0.5141493046875 0.324922689453125 0.490234375 0.323193359375 0.490234375 0.3212890625 0.491927083984375 0.3087890625 0.512760416015625 0.2978515625 0.55859375 0.2751953125 0.5891493046875 0.2720703125 0.6016493046875 0.2736328125 0.609982638671875 0.2853515625 0.603038193359375 0.2978515625 0.603038193359375 0.3087890625 0.582204861328125 0.3259765625 0.575260416015625 0.3369140625 0.5891493046875 0.3572265625 0.59609375 0.3673828125 0.612760416015625 0.3697265625 0.62942708203125 0.3869140625 0.644704861328125 0.3916015625 0.64192708203125 0.39453125 0.62630208203125 0.39453125 0.624962796875 0.3892578125 0.61692708203125 0.3845703125 0.597482640625 0.3884765625 0.571093751953125 0.3814453125 0.541927083984375