11 0.48046875 0.32421875 0.490234375 0.34375 0.490234375 0.34765625 0.494140625 0.3515625 0.494140625 0.3671875 0.4921875 0.373046875 0.482421875 0.38671875 0.478515625 0.388671875 0.47265625 0.400390625 0.466796875 0.40625 0.458984375 0.419921875 0.455078125 0.421875 0.455078125 0.42578125 0.435546875 0.453125 0.431640625 0.453125 0.4296875 0.4453125 0.41796875 0.42578125 0.416015625 0.419921875 0.41796875 0.412109375 0.427734375 0.3984375 0.431640625 0.396484375 0.462890625 0.3515625 0.46484375 0.345703125 0.4765625 0.333984375 0.478515625 0.326171875
2 0.494140625 0.330078125 0.53515625 0.330078125 0.54296875 0.333984375 0.55859375 0.3359375 0.55859375 0.392578125 0.5078125 0.392578125 0.505859375 0.390625 0.494140625 0.390625 0.494140625 0.33203125
0 0.4765625 0.513671875 0.484375 0.517578125 0.49609375 0.53125 0.5078125 0.556640625 0.5078125 0.564453125 0.509765625 0.56640625 0.509765625 0.61328125 0.5078125 0.615234375 0.5078125 0.62109375 0.498046875 0.640625 0.484375 0.654296875 0.478515625 0.654296875 0.4765625 0.65625 0.45703125 0.65625 0.443359375 0.650390625 0.427734375 0.630859375 0.416015625 0.599609375 0.416015625 0.560546875 0.419921875 0.55078125 0.419921875 0.54296875 0.431640625 0.521484375 0.443359375 0.51171875 0.47265625 0.51171875 0.474609375 0.513671875
5 0.548828125 0.60546875 0.5546875 0.611328125 0.55859375 0.623046875 0.55859375 0.69140625 0.552734375 0.705078125 0.546875 0.7109375 0.53125 0.7109375 0.5234375 0.703125 0.517578125 0.69140625 0.51171875 0.69140625 0.50390625 0.6875 0.50390625 0.669921875 0.501953125 0.66796875 0.50390625 0.64453125 0.505859375 0.64453125 0.505859375 0.6640625 0.509765625 0.66796875 0.513671875 0.66796875 0.51953125 0.662109375 0.521484375 0.65625 0.5234375 0.63671875 0.52734375 0.62890625 0.52734375 0.6171875 0.53125 0.609375 0.5390625 0.603515625 0.544921875 0.603515625 0.546875 0.60546875
6 0.4765625 0.71484375 0.48046875 0.712890625 0.498046875 0.712890625 0.505859375 0.716796875 0.513671875 0.724609375 0.513671875 0.763671875 0.509765625 0.7734375 0.51171875 0.798828125 0.509765625 0.80078125 0.5078125 0.826171875 0.501953125 0.833984375 0.4921875 0.83984375 0.486328125 0.853515625 0.48046875 0.85546875 0.4765625 0.84765625 0.474609375 0.833984375 0.46484375 0.818359375 0.46484375 0.783203125 0.466796875 0.78125 0.46875 0.767578125 0.47265625 0.76171875 0.47265625 0.724609375 0.4765625 0.716796875
10 0.58984375 0.559513201171875 0.58984375 0.56204426953125 0.5912109375 0.5778428828125 0.5966796875 0.584787326171875 0.5912109375 0.623676216796875 0.5943359375 0.659787326171875 0.6068359375 0.69312066015625 0.6279296875 0.6903428828125 0.6419921875 0.677842880859375 0.6482421875 0.66256510546875 0.6498046875 0.63062066015625 0.6474609375 0.612565103515625 0.6404296875 0.593120658203125 0.6341796875 0.5889539921875 0.6310546875 0.57506510546875 0.6310546875 0.55978732421875 0.6341796875 0.55562066015625 0.6451171875 0.55978732421875 0.6427734375 0.54728732421875 0.650390625 0.533745658203125 0.650390625 0.532790796875 0.6474609375 0.52367621484375 0.6341796875 0.52367621484375 0.6044921875 0.538953994140625 0.58984375 0.559513201171875
1 0.33984375 0.430108740234375 0.40776909765625 0.457400173828125 0.408203125 0.457382734375 0.408203125 0.41653745703125 0.371657986328125 0.401931423828125 0.3549913203125 0.391775173828125 0.33984375 0.390828451171875 0.33984375 0.430108740234375
7 0.60729594921875 0.689453125 0.60707484765625 0.689453125 0.5845703125 0.708767359375 0.583984375 0.727517359375 0.583984375 0.73409143359375 0.5955078125 0.7532118046875 0.6111328125 0.74904513671875 0.621098634765625 0.755859375 0.62135009765625 0.755859375 0.625 0.7480729140625 0.625 0.726267361328125 0.6212890625 0.7157118046875 0.60729594921875 0.689453125
4 0.529296875 0.439713541015625 0.522265625 0.5036024296875 0.525390625 0.51332465234375 0.541015625 0.523046875 0.550390625 0.521657986328125 0.554296875 0.514713541015625 0.564453125 0.460546875 0.564453125 0.435150048828125 0.559765625 0.424435763671875 0.55040283203125 0.421875 0.549365234375 0.421875 0.529296875 0.439713541015625
3 0.430078125 0.132009546875 0.421484375 0.12228732421875 0.430859375 0.080620658203125 0.442578125 0.05562066015625 0.444921875 0.002842880859375 0.4414184609375 0.001953125 0.43917236328125 0.001953125 0.434765625 0.00978732421875 0.423828125 0.0458984375 0.408203125 0.077842880859375 0.398046875 0.09173176953125 0.378515625 0.105620658203125 0.355078125 0.150065103515625 0.309765625 0.195898435546875 0.294140625 0.200065103515625 0.28582763671875 0.21484375 0.494140625 0.21484375 0.494140625 0.21329609765625 0.480859375 0.195898435546875 0.455859375 0.195898435546875 0.442578125 0.18617621484375 0.430078125 0.132009546875
12 0.6952256953125 0.22845051953125 0.259765625 0.2564443828125 0.259765625 0.637128115234375 0.6813368046875 0.66829426953125 0.71328125 0.66438801953125 0.72265625 0.667401412109375 0.72265625 0.2984375 0.7188368046875 0.29485676953125 0.72265625 0.28841145703125 0.72265625 0.22676728125 0.6952256953125 0.22845051953125
8 0.40234375 0.6875 0.421875 0.6875 0.43359375 0.69140625 0.443359375 0.69140625 0.443359375 0.728515625 0.41796875 0.728515625 0.408203125 0.724609375 0.40234375 0.71875 0.40234375 0.689453125