0 0.4440266953125 0.513671875 0.4322265625 0.519965279296875 0.4189453125 0.543576390625 0.4134765625 0.565798609375 0.4126953125 0.593576390625 0.4228515625 0.62690972265625 0.4376953125 0.6491319453125 0.4595703125 0.6602430546875 0.4720703125 0.6602430546875 0.4759765625 0.654687501953125 0.4759765625 0.642187501953125 0.4806640625 0.631076388671875 0.5064453125 0.619965279296875 0.509765625 0.606192130859375 0.509765625 0.57313987890625 0.5048828125 0.553298611328125 0.4861328125 0.52135416796875 0.468230326171875 0.513671875 0.4440266953125 0.513671875
7 0.396484375 0.2699588828125 0.4146484375 0.277256943359375 0.4327039921875 0.281163193359375 0.43687066015625 0.279600693359375 0.443359375 0.274827744140625 0.443359375 0.245933701171875 0.4215928828125 0.235850693359375 0.406315103515625 0.233506943359375 0.396484375 0.241248642578125 0.396484375 0.2699588828125
8 0.3943359375 0.658658853515625 0.3943359375 0.6350477421875 0.3865234375 0.61976996484375 0.3794921875 0.615603298828125 0.3708984375 0.615603298828125 0.3599609375 0.6294921875 0.3498046875 0.689214408203125 0.3498046875 0.701714408203125 0.3552734375 0.714214408203125 0.3693359375 0.718381076171875 0.3771484375 0.711436630859375 0.3943359375 0.658658853515625
11 0.342122396484375 0.5663194453125 0.37406683984375 0.5756944453125 0.375 0.576324328125 0.375 0.553341111328125 0.3643446171875 0.5475694453125 0.32421875 0.531225072265625 0.32421875 0.5565959140625 0.342122396484375 0.5663194453125
2 0.625 0.743511388671875 0.625 0.688427349609375 0.568359375 0.688902876953125 0.568359375 0.74464427734375 0.5838758671875 0.745290798828125 0.625 0.743511388671875
6 0.51953125 0.707747396484375 0.516015625 0.698372396484375 0.50683593359375 0.6953125 0.5027685546875 0.6953125 0.494140625 0.708094619140625 0.481640625 0.785872396484375 0.480859375 0.828927951171875 0.489453125 0.848372396484375 0.493627927734375 0.849609375 0.494268798828125 0.849609375 0.501171875 0.841427951171875 0.512109375 0.816427951171875 0.51953125 0.73726128515625 0.51953125 0.707747396484375
4 0.5563368046875 0.490928818359375 0.564453125 0.491214158203125 0.564453125 0.45495062890625 0.527170138671875 0.447960068359375 0.521484375 0.448250818359375 0.521484375 0.48510045703125 0.5563368046875 0.490928818359375
10 0.39555121484375 0.4518663203125 0.3858289921875 0.449522568359375 0.380859375 0.44346584765625 0.380859375 0.504371578125 0.384440103515625 0.5049913203125 0.43305121484375 0.5237413203125 0.466796875 0.524353640625 0.466796875 0.473227033203125 0.441384548828125 0.465147568359375 0.39555121484375 0.469053818359375 0.38999566015625 0.4581163203125 0.39555121484375 0.4518663203125
1 0.35546875 0.45405219140625 0.368033853515625 0.45687933984375 0.3958116328125 0.47016058984375 0.412478298828125 0.46000433984375 0.416015625 0.459562173828125 0.416015625 0.430761251953125 0.384700521484375 0.42250433984375 0.365256076171875 0.41078558984375 0.35546875 0.411152615234375 0.35546875 0.45405219140625
5 0.40234375 0.401417712890625 0.4034071171875 0.4018663203125 0.42007378515625 0.4026475703125 0.439518228515625 0.4081163203125 0.453125 0.406840685546875 0.453125 0.366880533203125 0.436740451171875 0.3573350703125 0.4047960078125 0.3581163203125 0.40234375 0.359119515625 0.40234375 0.401417712890625
9 0.508203125 0.2376953125 0.498046875 0.251584201171875 0.497265625 0.2821397578125 0.508203125 0.30297308984375 0.523046875 0.30297308984375 0.533984375 0.28491753515625 0.53515625 0.270334201171875 0.53515625 0.263158275390625 0.533203125 0.251584201171875 0.521045939453125 0.236328125 0.513970947265625 0.236328125 0.508203125 0.2376953125
3 0.30336371484375 0.03489583203125 0.283203125 0.041638732421875 0.283203125 0.12732049609375 0.29086371484375 0.12239583203125 0.3005859375 0.12552083203125 0.33530816015625 0.11692708203125 0.346419271484375 0.10911458203125 0.3825303828125 0.11692708203125 0.411697048828125 0.13020833203125 0.431640625 0.130798767578125 0.431640625 0.114193646484375 0.4200303828125 0.11067708203125 0.386697048828125 0.09348958203125 0.3575303828125 0.06302083203125 0.30336371484375 0.03489583203125
12 0.2732421875 0.72350260546875 0.2623046875 0.872113716796875 0.2701171875 0.884613716796875 0.3365234375 0.887391494140625 0.7263671875 0.884613716796875 0.7279296875 0.8623914921875 0.7076171875 0.522113716796875 0.6763671875 0.06655816015625 0.6693359375 0.045724828125 0.4818359375 0.0262803828125 0.4685546875 0.020724828125 0.340162869140625 0.00390625 0.3195263671875 0.00390625 0.3169921875 0.015169271484375 0.2943359375 0.397113716796875 0.2748046875 0.633224828125 0.2732421875 0.72350260546875