11 0.4375 0.544921875 0.45703125 0.572265625 0.45703125 0.576171875 0.4609375 0.578125 0.478515625 0.60546875 0.494140625 0.625 0.494140625 0.6484375 0.482421875 0.673828125 0.478515625 0.671875 0.4765625 0.666015625 0.455078125 0.634765625 0.439453125 0.615234375 0.431640625 0.6015625 0.427734375 0.599609375 0.41796875 0.5859375 0.41796875 0.572265625 0.421875 0.568359375 0.421875 0.564453125 0.42578125 0.560546875 0.4296875 0.548828125 0.435546875 0.544921875
0 0.478515625 0.3671875 0.48046875 0.369140625 0.494140625 0.37109375 0.498046875 0.375 0.509765625 0.37890625 0.509765625 0.455078125 0.4921875 0.4609375 0.4453125 0.4609375 0.4140625 0.44921875 0.4140625 0.375 0.439453125 0.3671875 0.4765625 0.3671875
5 0.50390625 0.310546875 0.51171875 0.306640625 0.517578125 0.306640625 0.5234375 0.294921875 0.53125 0.287109375 0.546875 0.287109375 0.552734375 0.29296875 0.55859375 0.306640625 0.55859375 0.33203125 0.556640625 0.333984375 0.55859375 0.3359375 0.55859375 0.375 0.5546875 0.38671875 0.544921875 0.39453125 0.53515625 0.392578125 0.52734375 0.380859375 0.52734375 0.37109375 0.5234375 0.361328125 0.5234375 0.349609375 0.51953125 0.3359375 0.51171875 0.330078125 0.505859375 0.333984375 0.505859375 0.353515625 0.50390625 0.353515625 0.50390625 0.3359375 0.501953125 0.333984375 0.50390625 0.328125 0.50390625 0.3125
6 0.486328125 0.14453125 0.4921875 0.158203125 0.501953125 0.1640625 0.5078125 0.171875 0.509765625 0.1953125 0.51171875 0.197265625 0.509765625 0.2265625 0.513671875 0.234375 0.513671875 0.248046875 0.515625 0.25 0.515625 0.267578125 0.513671875 0.2734375 0.501953125 0.283203125 0.49609375 0.28515625 0.48046875 0.28515625 0.4765625 0.283203125 0.4765625 0.279296875 0.47265625 0.2734375 0.47265625 0.236328125 0.46875 0.23046875 0.46875 0.224609375 0.46484375 0.216796875 0.46484375 0.1796875 0.474609375 0.1640625 0.478515625 0.14453125 0.48046875 0.142578125 0.484375 0.14453125
1 0.33984375 0.571115451171875 0.33984375 0.610196939453125 0.3557725703125 0.609201388671875 0.41015625 0.584728732421875 0.41015625 0.543014865234375 0.407161458984375 0.543576388671875 0.33984375 0.571115451171875
10 0.624934896484375 0.418815103515625 0.650390625 0.419657388671875 0.650390625 0.363717796875 0.6360460078125 0.362565103515625 0.595768228515625 0.368815103515625 0.590212673828125 0.362565103515625 0.58984375 0.362530517578125 0.58984375 0.402473478515625 0.60132378515625 0.404752603515625 0.60687933984375 0.413346353515625 0.624934896484375 0.418815103515625
7 0.626953125 0.263947212890625 0.611458333984375 0.256684029296875 0.590625 0.25902777734375 0.583984375 0.267073150390625 0.583984375 0.286985734375 0.598958333984375 0.294965279296875 0.6100694453125 0.298871529296875 0.626953125 0.298871529296875 0.626953125 0.263947212890625
3 0.435546875 0.991601564453125 0.43917236328125 0.998046875 0.44043579296875 0.998046875 0.444921875 0.99576823046875 0.443359375 0.9485460078125 0.430078125 0.917990453125 0.421484375 0.879101564453125 0.430078125 0.867990453125 0.441796875 0.81382378515625 0.453515625 0.805490453125 0.479296875 0.805490453125 0.494140625 0.78664124609375 0.494140625 0.78515625 0.28582763671875 0.78515625 0.294140625 0.799934896484375 0.305859375 0.804101564453125 0.354296875 0.8485460078125 0.375390625 0.89021267578125 0.408203125 0.922157119140625 0.422265625 0.949934896484375 0.435546875 0.991601564453125
12 0.374869791015625 0.769184029296875 0.39848090234375 0.76449652734375 0.597092013671875 0.755121529296875 0.6762586796875 0.747309029296875 0.72265625 0.744788138671875 0.72265625 0.3654033984375 0.4262586796875 0.34418402734375 0.26171875 0.33430675390625 0.26171875 0.775448388671875 0.262369791015625 0.77543402734375 0.281814236328125 0.77230902734375 0.30542534765625 0.778559029296875 0.36098090234375 0.76762152734375 0.374869791015625 0.769184029296875
4 0.551046318359375 0.578125 0.563671875 0.57026909765625 0.564453125 0.56783854296875 0.564453125 0.540963541015625 0.558984375 0.49526909765625 0.539453125 0.4786024296875 0.528515625 0.48276909765625 0.523046875 0.496657986328125 0.523046875 0.50776909765625 0.535546875 0.57443576171875 0.54384765625 0.578125 0.551046318359375 0.578125
8 0.40234375 0.310546875 0.40234375 0.279296875 0.4375 0.26953125 0.443359375 0.26953125 0.443359375 0.306640625 0.43359375 0.306640625 0.419921875 0.310546875 0.404296875 0.310546875
11 0.466796875 0.580078125 0.48046875 0.5703125 0.494140625 0.5703125 0.494140625 0.609375 0.490234375 0.609375 0.48828125 0.61328125 0.4609375 0.630859375 0.44140625 0.646484375 0.41796875 0.646484375 0.416015625 0.64453125 0.416015625 0.6171875 0.466796875 0.58203125
2 0.4966796875 0.653797744140625 0.4990234375 0.669075521484375 0.5091796875 0.69546441015625 0.5287109375 0.706575521484375 0.5404296875 0.703797744140625 0.5552734375 0.6857421875 0.55859375 0.6739366328125 0.55859375 0.621221984375 0.5513671875 0.58851996484375 0.5435546875 0.5732421875 0.5333984375 0.564908853515625 0.5193359375 0.564908853515625 0.5083984375 0.5732421875 0.5013671875 0.5857421875 0.4958984375 0.606575521484375 0.4966796875 0.653797744140625
3 0.398046875 0.90826823046875 0.410546875 0.92632378515625 0.423828125 0.9541015625 0.434765625 0.99021267578125 0.43917236328125 0.998046875 0.4414184609375 0.998046875 0.444921875 0.997157119140625 0.444140625 0.95132378515625 0.440234375 0.9360460078125 0.430859375 0.919379341796875 0.423046875 0.8735460078125 0.430078125 0.869379341796875 0.430859375 0.855490453125 0.436328125 0.84576823046875 0.441796875 0.81521267578125 0.453515625 0.805490453125 0.480078125 0.805490453125 0.494140625 0.786740453125 0.494140625 0.78515625 0.285870830078125 0.78515625 0.297265625 0.80271267578125 0.315234375 0.805490453125 0.333203125 0.82771267578125 0.349609375 0.84021267578125 0.375390625 0.89021267578125 0.385546875 0.90271267578125 0.398046875 0.90826823046875