12 0.26171875 0.773074978515625 0.724609375 0.74459635546875 0.724609375 0.362395833984375 0.72183159765625 0.36217448046875 0.26171875 0.33293001953125 0.26171875 0.773074978515625
10 0.388671875 0.2104423515625 0.388671875 0.237937740234375 0.400954861328125 0.2376953125 0.44140625 0.23030029296875 0.44140625 0.19472859765625 0.403732638671875 0.2048828125 0.388671875 0.2104423515625
5 0.564453125 0.3172194140625 0.5575086796875 0.31469183984375 0.564453125 0.3133131640625 0.564453125 0.30512826171875 0.539453125 0.30609808984375 0.5213975703125 0.31781683984375 0.50390625 0.3227362734375 0.50390625 0.362742783203125 0.50473090234375 0.36312933984375 0.522786458984375 0.36391058984375 0.564453125 0.354014755859375 0.564453125 0.3172194140625
0 0.468229166015625 0.590060763671875 0.493229166015625 0.588498263671875 0.525390625 0.580844455078125 0.525390625 0.499760775390625 0.5196180546875 0.496310763671875 0.490451388671875 0.489279513671875 0.4585069453125 0.488498263671875 0.427951388671875 0.494748263671875 0.423828125 0.497189669921875 0.423828125 0.57826571875 0.4335069453125 0.583029513671875 0.468229166015625 0.590060763671875
2 0.41796875 0.61330193359375 0.41796875 0.554934625 0.411653646484375 0.55327691015625 0.3852647578125 0.55405816015625 0.341796875 0.567811669921875 0.341796875 0.62492859375 0.3477647578125 0.62749566015625 0.374153646484375 0.62905816015625 0.394986978515625 0.62515191015625 0.41796875 0.61330193359375
4 0.5283203125 0.55347222265625 0.5345703125 0.5743055546875 0.541088865234375 0.58203125 0.54324219140625 0.58203125 0.5603515625 0.5756944453125 0.56640625 0.56089409765625 0.56640625 0.54550926171875 0.5548828125 0.48541666796875 0.5509765625 0.47847222265625 0.5416015625 0.477083333984375 0.5298828125 0.482638890625 0.5236328125 0.492361111328125 0.5220703125 0.504861111328125 0.5267578125 0.5256944453125 0.5283203125 0.55347222265625
6 0.6090393046875 0.619140625 0.614880376953125 0.619140625 0.6212890625 0.618381076171875 0.6298828125 0.597547744140625 0.6328125 0.560047744140625 0.6328125 0.524110244140625 0.6322265625 0.510047744140625 0.6251953125 0.48921441015625 0.6134765625 0.485047744140625 0.6033203125 0.48921441015625 0.5970703125 0.512825521484375 0.5962890625 0.5864366328125 0.6001953125 0.60865885546875 0.6090393046875 0.619140625
1 0.5869140625 0.331032984375 0.5869140625 0.436588541015625 0.5955078125 0.4629774296875 0.607820638671875 0.470703125 0.60927734375 0.470703125 0.6166015625 0.461588541015625 0.6181640625 0.4504774296875 0.6158203125 0.383810763671875 0.6189453125 0.35325520703125 0.6126953125 0.326866318359375 0.6048828125 0.317144095703125 0.5986328125 0.31575520703125 0.5869140625 0.331032984375
9 0.46254340234375 0.381705728515625 0.44448784765625 0.381705728515625 0.431640625 0.385319009765625 0.431640625 0.41318359375 0.4542100703125 0.415299478515625 0.46484375 0.41250813671875 0.46484375 0.382445125 0.46254340234375 0.381705728515625
7 0.391015625 0.42350260546875 0.4140625 0.39891926953125 0.4140625 0.395377603515625 0.412890625 0.386002603515625 0.405078125 0.370724828125 0.396484375 0.34016926953125 0.387890625 0.342947046875 0.37109375 0.360592251953125 0.37109375 0.363482763671875 0.376171875 0.395724826171875 0.391015625 0.42350260546875
11 0.380859375 0.46323061328125 0.3623046875 0.406879341796875 0.3412109375 0.40826823046875 0.3333984375 0.41382378515625 0.3341796875 0.43882378515625 0.35718994140625 0.49609375 0.36240234765625 0.49609375 0.380859375 0.4919921875 0.380859375 0.46323061328125
8 0.59765625 0.254079859375 0.6015625 0.243167162109375 0.6015625 0.16411072265625 0.59609375 0.155468748046875 0.5828125 0.15269097265625 0.56953125 0.16796875 0.56796875 0.188802083984375 0.57421875 0.25269097265625 0.58085123828125 0.259765625 0.584863279296875 0.259765625 0.59765625 0.254079859375
3 0.3728515625 0.67367621484375 0.3892578125 0.73617621484375 0.4056640625 0.76117621484375 0.4134765625 0.782009546875 0.4228515625 0.82228732421875 0.4236328125 0.844509546875 0.426287841796875 0.84765625 0.428694099609375 0.84765625 0.4345703125 0.80978732421875 0.4251953125 0.7514539921875 0.4423828125 0.720898435546875 0.4478515625 0.702842880859375 0.4634765625 0.702842880859375 0.4775390625 0.715342880859375 0.4869140625 0.715342880859375 0.5048828125 0.708398435546875 0.505859375 0.706228296875 0.505859375 0.69954426953125 0.5017578125 0.695898435546875 0.4892578125 0.695898435546875 0.4619140625 0.6764539921875 0.4509765625 0.665342880859375 0.4439453125 0.64728732421875 0.4025390625 0.61673176953125 0.3947265625 0.637565103515625 0.3728515625 0.67367621484375