0 0.4765625 0.513671875 0.48046875 0.517578125 0.484375 0.517578125 0.49609375 0.53125 0.5 0.54296875 0.50390625 0.546875 0.509765625 0.56640625 0.509765625 0.61328125 0.5078125 0.615234375 0.5078125 0.62109375 0.498046875 0.640625 0.484375 0.654296875 0.478515625 0.654296875 0.4765625 0.65625 0.45703125 0.65625 0.443359375 0.650390625 0.427734375 0.630859375 0.427734375 0.626953125 0.419921875 0.615234375 0.419921875 0.609375 0.416015625 0.599609375 0.416015625 0.560546875 0.41796875 0.55859375 0.419921875 0.544921875 0.423828125 0.5390625 0.423828125 0.533203125 0.431640625 0.521484375 0.443359375 0.51171875 0.47265625 0.51171875 0.474609375 0.513671875
5 0.501953125 0.62890625 0.537109375 0.62890625 0.5390625 0.630859375 0.541015625 0.62890625 0.55859375 0.62890625 0.55859375 0.68359375 0.544921875 0.68359375 0.54296875 0.685546875 0.537109375 0.68359375 0.51953125 0.68359375 0.51953125 0.681640625 0.5390625 0.681640625 0.54296875 0.67578125 0.537109375 0.66796875 0.5234375 0.6640625 0.51171875 0.6640625 0.501953125 0.66015625 0.501953125 0.630859375
6 0.462890625 0.7578125 0.4921875 0.7578125 0.515625 0.765625 0.515625 0.806640625 0.509765625 0.806640625 0.501953125 0.802734375 0.47265625 0.8046875 0.470703125 0.802734375 0.462890625 0.802734375 0.462890625 0.759765625
1 0.41015625 0.418337673828125 0.342838541015625 0.390798611328125 0.33984375 0.390237087890625 0.33984375 0.431950955078125 0.3942274296875 0.456423611328125 0.41015625 0.457419162109375 0.41015625 0.418337673828125
10 0.590212673828125 0.637434896484375 0.595768228515625 0.631184896484375 0.6360460078125 0.637434896484375 0.650390625 0.636282203125 0.650390625 0.580342611328125 0.624934896484375 0.581184896484375 0.60687933984375 0.586653646484375 0.60132378515625 0.595247396484375 0.58984375 0.597526521484375 0.58984375 0.637469482421875 0.590212673828125 0.637434896484375
7 0.611979166015625 0.739409720703125 0.626953125 0.731430177734375 0.626953125 0.71151759375 0.6203125 0.703472220703125 0.599479166015625 0.701128470703125 0.583984375 0.708391654296875 0.583984375 0.743315970703125 0.6008680546875 0.743315970703125 0.611979166015625 0.739409720703125
12 0.60078125 0.763932291015625 0.61875 0.734765623046875 0.6390625 0.759765625 0.63828125 0.7778211796875 0.63125 0.80004340234375 0.63828125 0.808376736328125 0.6453125 0.8292100703125 0.6453125 0.85698784765625 0.65859375 0.86254340234375 0.659375 0.86809895703125 0.671875 0.8653211796875 0.69140625 0.870876736328125 0.70234375 0.887543400390625 0.71567383984375 0.888671875 0.718896484375 0.888671875 0.72265625 0.881987845703125 0.72265625 0.8653211796875 0.7015625 0.513932291015625 0.66875 0.05559895703125 0.515625 0.034765625 0.51015625 0.040321181640625 0.4921875 0.0417100703125 0.48359375 0.030598958984375 0.31814778125 0.005859375 0.316318359375 0.005859375 0.31171875 0.01948784765625 0.2984375 0.263932291015625 0.290625 0.343098958984375 0.28125 0.541710068359375 0.2765625 0.5653211796875 0.278125 0.5792100703125 0.2671875 0.634765625 0.2734375 0.658376734375 0.2703125 0.6778211796875 0.26875 0.74865451171875 0.2625 0.79448784765625 0.26171875 0.883376736328125 0.26875 0.880598958984375 0.271875 0.886154513671875 0.28461914453125 0.888671875 0.48455810546875 0.888671875 0.49609375 0.872265625 0.51953125 0.86809895703125 0.53515625 0.845876734375 0.54765625 0.8403211796875 0.5796875 0.7778211796875 0.60078125 0.763932291015625
4 0.525217013671875 0.45004340234375 0.521484375 0.450234275390625 0.521484375 0.487052998046875 0.564453125 0.492307328125 0.564453125 0.457400173828125 0.525217013671875 0.45004340234375
3 0.43984375 0.15590277734375 0.43359375 0.1336805546875 0.425 0.12395833203125 0.434375 0.082291666015625 0.44609375 0.060069443359375 0.4484375 0.004513888671875 0.44483642578125 0.001953125 0.444391740234375 0.001953125 0.43828125 0.01145833203125 0.425 0.053125 0.403125 0.090625 0.3859375 0.101736111328125 0.36015625 0.147569443359375 0.3078125 0.197569443359375 0.296875 0.201736111328125 0.28917347265625 0.216796875 0.305236802734375 0.216796875 0.494140625 0.21426231640625 0.494140625 0.211259919921875 0.48515625 0.197569443359375 0.45859375 0.197569443359375 0.4421875 0.18645833203125 0.43984375 0.15590277734375
2 0.494140625 0.330078125 0.53515625 0.330078125 0.537109375 0.33203125 0.55859375 0.3359375 0.55859375 0.392578125 0.505859375 0.392578125 0.50390625 0.390625 0.494140625 0.390625 0.494140625 0.33203125
8 0.40234375 0.6875 0.419921875 0.6875 0.421875 0.689453125 0.443359375 0.69140625 0.443359375 0.728515625 0.4375 0.728515625 0.40234375 0.71875 0.40234375 0.689453125
11 0.427734375 0.3984375 0.431640625 0.396484375 0.48046875 0.32421875 0.484375 0.326171875 0.484375 0.330078125 0.494140625 0.349609375 0.494140625 0.373046875 0.478515625 0.392578125 0.4609375 0.419921875 0.45703125 0.421875 0.45703125 0.42578125 0.4375 0.453125 0.43359375 0.453125 0.4296875 0.44921875 0.4296875 0.4453125 0.41796875 0.42578125 0.41796875 0.412109375 0.427734375 0.400390625