10 0.387109375 0.154275173828125 0.411328125 0.2431640625 0.416796875 0.25149739453125 0.426953125 0.320941841796875 0.42989501953125 0.326171875 0.435760498046875 0.326171875 0.439453125 0.320545015625 0.439453125 0.260293693359375 0.438671875 0.23483073046875 0.433984375 0.198719619140625 0.416015625 0.107052953125 0.408203125 0.09594183984375 0.396484375 0.09594183984375 0.391015625 0.101497396484375 0.387890625 0.113997396484375 0.387109375 0.154275173828125
5 0.5474609375 0.376432291015625 0.5490234375 0.358376736328125 0.5552734375 0.35559895703125 0.5599609375 0.379210068359375 0.564453125 0.3780691953125 0.564453125 0.352647568359375 0.5638671875 0.33754340234375 0.5521484375 0.31948784765625 0.5427734375 0.286154513671875 0.534287111328125 0.279296875 0.523134763671875 0.279296875 0.5146484375 0.286154513671875 0.5068359375 0.3028211796875 0.5060546875 0.322265625 0.5208984375 0.383376736328125 0.52760009765625 0.388671875 0.530126947265625 0.388671875 0.5396484375 0.38754340234375 0.5474609375 0.376432291015625
0 0.522439236328125 0.584006076171875 0.5234375 0.583413357421875 0.5234375 0.4989198125 0.5168836796875 0.495724826171875 0.4793836796875 0.488693576171875 0.423828125 0.4983661953125 0.423828125 0.577756076171875 0.43355034765625 0.583224826171875 0.461328125 0.589474826171875 0.498828125 0.589474826171875 0.522439236328125 0.584006076171875
2 0.3595703125 0.6348524296875 0.3712890625 0.655685765625 0.3778271484375 0.66015625 0.39257812109375 0.66015625 0.4001953125 0.658463541015625 0.4080078125 0.650130208984375 0.41796875 0.626973158203125 0.41796875 0.591796875 0.4150390625 0.57790798828125 0.3900390625 0.529296875 0.3767578125 0.52096354296875 0.3673828125 0.522352431640625 0.3486328125 0.543185763671875 0.3439453125 0.56401909765625 0.3455078125 0.591796875 0.3595703125 0.6348524296875
6 0.595703125 0.56625433984375 0.59613715234375 0.56625433984375 0.62113715234375 0.570941841796875 0.6328125 0.56997605078125 0.6328125 0.53399323046875 0.595703125 0.533599380859375 0.595703125 0.56625433984375
11 0.3623046875 0.406879341796875 0.3349609375 0.4110460078125 0.3333984375 0.4360460078125 0.357195767578125 0.49609375 0.372692873046875 0.49609375 0.380859375 0.49125433984375 0.380859375 0.46323061328125 0.3623046875 0.406879341796875
1 0.58754340234375 0.4073133671875 0.6171875 0.40810740625 0.6171875 0.377288541015625 0.583984375 0.37702548828125 0.583984375 0.40750105078125 0.58754340234375 0.4073133671875
8 0.59296875 0.258246529296875 0.6015625 0.245515048828125 0.6015625 0.166171365234375 0.58984375 0.15269097265625 0.578125 0.155468748046875 0.57109375 0.163802083984375 0.56796875 0.188802083984375 0.571875 0.247135416015625 0.5818212890625 0.259765625 0.58741455078125 0.259765625 0.59296875 0.258246529296875
9 0.431640625 0.382718048828125 0.431640625 0.412655298828125 0.4565321171875 0.413433158203125 0.46484375 0.410705904296875 0.46484375 0.382033185546875 0.4384765625 0.380620658203125 0.431640625 0.382718048828125
7 0.37109375 0.365386283203125 0.37109375 0.370941841796875 0.38671875 0.419552953125 0.3921875 0.423719619140625 0.41328125 0.407052953125 0.4140625 0.3876085078125 0.4046875 0.357052953125 0.39453125 0.340386283203125 0.38515625 0.3487196171875 0.37109375 0.365386283203125
4 0.521484375 0.55124578125 0.564453125 0.54577334765625 0.564453125 0.509071181640625 0.561892361328125 0.509071181640625 0.521484375 0.516808880859375 0.521484375 0.55124578125
12 0.698828125 0.520312501953125 0.694140625 0.49392361328125 0.688671875 0.39947916796875 0.684765625 0.385590279296875 0.685546875 0.35503472265625 0.680078125 0.33697916796875 0.682421875 0.31753472265625 0.679296875 0.235590279296875 0.676171875 0.2272569453125 0.677734375 0.198090279296875 0.671484375 0.116145833984375 0.669140625 0.11197916796875 0.653515625 0.11197916796875 0.592578125 0.1272569453125 0.565234375 0.125868056640625 0.350390625 0.153645833984375 0.334765625 0.15642361328125 0.317578125 0.16892361328125 0.278515625 0.718923611328125 0.262890625 0.97309027734375 0.264453125 0.99392361328125 0.328051130859375 0.994140625 0.68318483203125 0.994140625 0.7265625 0.989796068359375 0.7265625 0.965451390625 0.726171875 0.941145833984375 0.712890625 0.76753472265625 0.713671875 0.752256943359375 0.719140625 0.7383680546875 0.709765625 0.7147569453125 0.703515625 0.600868056640625 0.699609375 0.584201388671875 0.698828125 0.520312501953125
3 0.39281683984375 0.3354383671875 0.3775390625 0.3370008671875 0.34976128515625 0.3557508671875 0.323372396484375 0.3659071171875 0.30531683984375 0.3674696171875 0.287109375 0.377266025390625 0.287109375 0.390566037109375 0.2969835078125 0.3948133671875 0.303927951171875 0.4034071171875 0.303927951171875 0.4213758671875 0.291427951171875 0.4362196171875 0.3344835078125 0.4409071171875 0.36226128515625 0.4370008671875 0.394205728515625 0.4448133671875 0.40234375 0.450153943359375 0.40234375 0.428471640625 0.385872396484375 0.4245008671875 0.373372396484375 0.4143446171875 0.3580946171875 0.3815321171875 0.3650390625 0.3705946171875 0.385872396484375 0.3588758671875 0.38726128515625 0.3471571171875 0.394205728515625 0.3393446171875 0.39281683984375 0.3354383671875