10 0.384765625 0.791206337890625 0.439453125 0.806106544921875 0.439453125 0.770370513671875 0.4267578125 0.767881943359375 0.390646701171875 0.763194443359375 0.384765625 0.763014001953125 0.384765625 0.791206337890625
5 0.5572265625 0.618098958984375 0.54884765625 0.611328125 0.53748046875 0.611328125 0.5291015625 0.618098958984375 0.5197265625 0.65143229296875 0.5080078125 0.66948784765625 0.5064453125 0.709765625 0.5119140625 0.711154513671875 0.5166015625 0.68754340234375 0.5228515625 0.690321181640625 0.5244140625 0.708376736328125 0.5322265625 0.71948784765625 0.542480466796875 0.720703125 0.5441650390625 0.720703125 0.5509765625 0.715321181640625 0.564453125 0.659838724609375 0.564453125 0.633515625 0.5572265625 0.618098958984375
0 0.477587892578125 0.37890625 0.461328125 0.37890625 0.4537109375 0.3890625 0.4451171875 0.3890625 0.4302734375 0.4140625 0.4248046875 0.437673611328125 0.4248046875 0.475173611328125 0.4310546875 0.502951388671875 0.4443359375 0.5265625 0.4662109375 0.544618056640625 0.4849609375 0.5460069453125 0.4998046875 0.537673611328125 0.5154296875 0.515451388671875 0.5234375 0.46945780078125 0.5234375 0.44565972265625 0.5185546875 0.419618056640625 0.5083984375 0.39878472265625 0.4888671875 0.380729166015625 0.477587892578125 0.37890625
2 0.341796875 0.428316591796875 0.3678819453125 0.441731771484375 0.390104166015625 0.44641926953125 0.4164930546875 0.44485676953125 0.41796875 0.44422200390625 0.41796875 0.3840232265625 0.381770833984375 0.37220051953125 0.3539930546875 0.37063801953125 0.341796875 0.373382162109375 0.341796875 0.428316591796875
6 0.6328125 0.46113009765625 0.6328125 0.428072845703125 0.595703125 0.4284666953125 0.595703125 0.4641943046875 0.61011284765625 0.46538628515625 0.6328125 0.46113009765625
11 0.3349609375 0.5889539921875 0.3623046875 0.593120658203125 0.380859375 0.53676938671875 0.380859375 0.50874566015625 0.372692873046875 0.50390625 0.357195767578125 0.50390625 0.3333984375 0.5639539921875 0.3349609375 0.5889539921875
1 0.6134765625 0.53658854296875 0.6017578125 0.52964409765625 0.5931640625 0.537977431640625 0.5861328125 0.565755208984375 0.5869140625 0.6643663203125 0.5884765625 0.675477431640625 0.5962890625 0.685199654296875 0.6095703125 0.6768663203125 0.6171875 0.653476169921875 0.6171875 0.61401909765625 0.6166015625 0.59214409765625 0.6171875 0.581032986328125 0.6171875 0.5441282265625 0.6134765625 0.53658854296875
8 0.6015625 0.810844529296875 0.6015625 0.778598361328125 0.566623263671875 0.7762586796875 0.56640625 0.776285806640625 0.56640625 0.811204080078125 0.6015625 0.810844529296875
9 0.4376953125 0.578016494140625 0.4322265625 0.594683162109375 0.4330078125 0.619683162109375 0.4431640625 0.63357205078125 0.4541015625 0.63357205078125 0.4603515625 0.628016494140625 0.46484375 0.613375291015625 0.46484375 0.6090928828125 0.4634765625 0.58357205078125 0.454927060546875 0.57421875 0.44837646875 0.57421875 0.4376953125 0.578016494140625
7 0.37109375 0.623719619140625 0.371875 0.643164064453125 0.39296875 0.65983073046875 0.3984375 0.655664064453125 0.4140625 0.607052953125 0.4140625 0.601497396484375 0.4 0.58483073046875 0.390625 0.57649739453125 0.38046875 0.593164064453125 0.37109375 0.623719619140625
4 0.564453125 0.48973667578125 0.564453125 0.45509936328125 0.527170138671875 0.447960068359375 0.521484375 0.447960068359375 0.521484375 0.4842642421875 0.564453125 0.48973667578125
12 0.64921875 0.251692708984375 0.5547743046875 0.24622395703125 0.528385416015625 0.24153645703125 0.46449652734375 0.24075520703125 0.447829861328125 0.23684895703125 0.33394097265625 0.23059895703125 0.310329861328125 0.22122395703125 0.29644097265625 0.22669270703125 0.2811631953125 0.22747395703125 0.26171875 0.22598645703125 0.26171875 0.66603269921875 0.3297743046875 0.66184895703125 0.7265625 0.6336679765625 0.7265625 0.258497255859375 0.71171875 0.26028645703125 0.6936631953125 0.25481770703125 0.663107638671875 0.255598958984375 0.64921875 0.251692708984375
3 0.357986111328125 0.54114583203125 0.337890625 0.54114583203125 0.337890625 0.547857259765625 0.346875 0.554427083984375 0.346875 0.566927083984375 0.337890625 0.574507650390625 0.337890625 0.600990041015625 0.357986111328125 0.609114583984375 0.37465277734375 0.609114583984375 0.396875 0.614583333984375 0.435546875 0.634976705078125 0.435546875 0.611995443359375 0.434375 0.610677083984375 0.413541666015625 0.602083333984375 0.38159722265625 0.54895833203125 0.357986111328125 0.54114583203125