0 0.451153564453125 0.513671875 0.4474609375 0.518923609375 0.4474609375 0.531423609375 0.4427734375 0.54253472265625 0.4169921875 0.553645833984375 0.4123046875 0.573090279296875 0.4130859375 0.598090279296875 0.4185546875 0.6203125 0.4373046875 0.6522569453125 0.4599609375 0.66197916796875 0.4755859375 0.66197916796875 0.4912109375 0.65364583203125 0.5044921875 0.630034720703125 0.509765625 0.60860615234375 0.509765625 0.57682959375 0.5005859375 0.546701390625 0.4857421875 0.524479166015625 0.464465330078125 0.513671875 0.451153564453125 0.513671875
7 0.396484375 0.2413598203125 0.396484375 0.266812607421875 0.3977647578125 0.267100693359375 0.4213758671875 0.278038193359375 0.436653646484375 0.280381943359375 0.443359375 0.275101181640625 0.443359375 0.242674423828125 0.4283203125 0.236631943359375 0.4102647578125 0.232725693359375 0.40609808984375 0.234288193359375 0.396484375 0.2413598203125
8 0.3802734375 0.688736978515625 0.39453125 0.688736978515625 0.39453125 0.651826607421875 0.3497178828125 0.644205728515625 0.349609375 0.644205728515625 0.349609375 0.678750984375 0.3802734375 0.688736978515625
11 0.342122396484375 0.5663194453125 0.37406683984375 0.5756944453125 0.375 0.576324328125 0.375 0.553341111328125 0.3643446171875 0.5475694453125 0.32421875 0.531225072265625 0.32421875 0.5565959140625 0.342122396484375 0.5663194453125
2 0.625 0.743511388671875 0.625 0.688427349609375 0.568359375 0.688902876953125 0.568359375 0.74464427734375 0.5838758671875 0.745290798828125 0.625 0.743511388671875
6 0.51953125 0.789879693359375 0.51953125 0.758742171875 0.486740451171875 0.75347222265625 0.48046875 0.753358421875 0.48046875 0.786217583984375 0.51953125 0.789879693359375
4 0.534765625 0.4243055546875 0.523046875 0.4868055546875 0.523828125 0.50208333203125 0.528515625 0.513194443359375 0.548046875 0.52152777734375 0.557421875 0.50902777734375 0.564453125 0.466982322265625 0.564453125 0.428125 0.563671875 0.425694443359375 0.550634765625 0.41796875 0.538330078125 0.41796875 0.534765625 0.4243055546875
10 0.38125 0.53422308984375 0.39140625 0.546723091796875 0.39609375 0.546723091796875 0.41484375 0.5314453125 0.43046875 0.5314453125 0.440625 0.4995008671875 0.43671875 0.45366753515625 0.44765625 0.44811198046875 0.45390625 0.45366753515625 0.45625 0.4439453125 0.46640625 0.43561198046875 0.465625 0.4258897578125 0.45703125 0.4189453125 0.448242185546875 0.41796875 0.425952150390625 0.41796875 0.40390625 0.424500869140625 0.40078125 0.442556423828125 0.38203125 0.49116753515625 0.38125 0.53422308984375
1 0.35546875 0.45405219140625 0.368033853515625 0.45687933984375 0.3958116328125 0.47016058984375 0.412478298828125 0.46000433984375 0.416015625 0.459562173828125 0.416015625 0.430761251953125 0.384700521484375 0.42250433984375 0.365256076171875 0.41078558984375 0.35546875 0.411152615234375 0.35546875 0.45405219140625
5 0.40234375 0.392947048828125 0.4046875 0.417947048828125 0.41640625 0.4318359375 0.43046875 0.42905816015625 0.453125 0.390169271484375 0.45234375 0.358224828125 0.44609375 0.342947048828125 0.437451169921875 0.333984375 0.422003173828125 0.333984375 0.415625 0.340169271484375 0.40859375 0.3568359375 0.4078125 0.37350260546875 0.40234375 0.392947048828125
9 0.512109375 0.30258246484375 0.523828125 0.2998046875 0.533984375 0.285915798828125 0.534765625 0.2553602421875 0.524773763671875 0.236328125 0.50789325390625 0.236328125 0.498046875 0.25258246484375 0.496484375 0.27202691015625 0.498828125 0.285915798828125 0.512109375 0.30258246484375
3 0.373046875 0.1764539921875 0.376171875 0.16673176953125 0.367578125 0.132009546875 0.359765625 0.120898435546875 0.367578125 0.08478732421875 0.380859375 0.05562066015625 0.382421875 0.002842880859375 0.37941894921875 0.001953125 0.37745361328125 0.001953125 0.372265625 0.01117621484375 0.361328125 0.04728732421875 0.344140625 0.080620658203125 0.313671875 0.10978732421875 0.285546875 0.1639539921875 0.302567435546875 0.21484375 0.431640625 0.21484375 0.431640625 0.21329609765625 0.418359375 0.195898435546875 0.392578125 0.195898435546875 0.379296875 0.18617621484375 0.373046875 0.1764539921875
12 0.2732421875 0.72350260546875 0.2623046875 0.872113716796875 0.2701171875 0.884613716796875 0.3365234375 0.887391494140625 0.7263671875 0.884613716796875 0.7279296875 0.8623914921875 0.7076171875 0.522113716796875 0.6763671875 0.06655816015625 0.6693359375 0.045724828125 0.4818359375 0.0262803828125 0.4685546875 0.020724828125 0.340162869140625 0.00390625 0.3195263671875 0.00390625 0.3169921875 0.015169271484375 0.2943359375 0.397113716796875 0.2748046875 0.633224828125 0.2732421875 0.72350260546875