0 0.4228515625 0.37309027734375 0.4126953125 0.406423609375 0.4134765625 0.434201390625 0.4189453125 0.456423609375 0.4322265625 0.480034720703125 0.4440266953125 0.486328125 0.468230326171875 0.486328125 0.4861328125 0.47864583203125 0.5048828125 0.446701388671875 0.509765625 0.42686012109375 0.509765625 0.393807869140625 0.5064453125 0.380034720703125 0.4806640625 0.368923611328125 0.4759765625 0.357812498046875 0.4759765625 0.345312498046875 0.4720703125 0.3397569453125 0.4595703125 0.3397569453125 0.4376953125 0.3508680546875 0.4228515625 0.37309027734375
7 0.443359375 0.754066298828125 0.443359375 0.725172255859375 0.43687066015625 0.720399306640625 0.4327039921875 0.718836806640625 0.4146484375 0.722743056640625 0.396484375 0.7300411171875 0.396484375 0.758751357421875 0.406315103515625 0.766493056640625 0.4215928828125 0.764149306640625 0.443359375 0.754066298828125
8 0.3693359375 0.281618923828125 0.3552734375 0.285785591796875 0.3498046875 0.298285591796875 0.3498046875 0.310785591796875 0.3599609375 0.3705078125 0.3708984375 0.384396701171875 0.3794921875 0.384396701171875 0.3865234375 0.38023003515625 0.3943359375 0.3649522578125 0.3943359375 0.341341146484375 0.3771484375 0.288563369140625 0.3693359375 0.281618923828125
11 0.3379991328125 0.4336805546875 0.32421875 0.4411449296875 0.32421875 0.4645448125 0.32827691015625 0.4618055546875 0.360221353515625 0.4524305546875 0.375 0.444404220703125 0.375 0.418609080078125 0.3379991328125 0.4336805546875
2 0.568359375 0.311097123046875 0.625 0.311572650390625 0.625 0.256488611328125 0.5838758671875 0.254709201171875 0.568359375 0.25535572265625 0.568359375 0.311097123046875
6 0.48046875 0.245508490234375 0.51953125 0.241846380859375 0.51953125 0.20892815234375 0.514040798828125 0.20902777734375 0.48046875 0.21442328515625 0.48046875 0.245508490234375
4 0.54055989453125 0.58203125 0.542439783203125 0.58203125 0.560546875 0.5743055546875 0.564453125 0.565046296875 0.564453125 0.539583333984375 0.554296875 0.48541666796875 0.550390625 0.47847222265625 0.541796875 0.477083333984375 0.525390625 0.486805556640625 0.522265625 0.496527779296875 0.523046875 0.518750001953125 0.531640625 0.570138890625 0.54055989453125 0.58203125
10 0.440625 0.5004991328125 0.43046875 0.4685546875 0.41484375 0.4685546875 0.39609375 0.453276908203125 0.39140625 0.453276908203125 0.38125 0.46577691015625 0.38203125 0.50883246484375 0.40078125 0.557443576171875 0.40390625 0.575499130859375 0.425952150390625 0.58203125 0.448242185546875 0.58203125 0.45703125 0.5810546875 0.465625 0.5741102421875 0.46640625 0.56438801953125 0.45625 0.5560546875 0.45390625 0.54633246484375 0.44765625 0.55188801953125 0.43671875 0.54633246484375 0.440625 0.5004991328125
1 0.401066080078125 0.623046875 0.4056640625 0.586263021484375 0.4158203125 0.56959635546875 0.4025390625 0.541818576171875 0.3978515625 0.520985244140625 0.372960068359375 0.49609375 0.37257690625 0.49609375 0.3658203125 0.498763021484375 0.3572265625 0.51820746484375 0.3564453125 0.539040798828125 0.3681640625 0.558485244140625 0.3798828125 0.6029296875 0.3908203125 0.61959635546875 0.399230955078125 0.623046875 0.401066080078125 0.623046875
5 0.40390625 0.626280380859375 0.4265625 0.66516926953125 0.43084717578125 0.666015625 0.44225463671875 0.666015625 0.45234375 0.654058158203125 0.453125 0.64572482421875 0.453125 0.623502603515625 0.44921875 0.60961371484375 0.4484375 0.592947046875 0.44140625 0.576280380859375 0.4328125 0.567947046875 0.4203125 0.5693359375 0.4109375 0.579058158203125 0.4046875 0.5943359375 0.40390625 0.626280380859375
9 0.521045939453125 0.763671875 0.533203125 0.748415798828125 0.53515625 0.736841724609375 0.53515625 0.729665798828125 0.533984375 0.71508246484375 0.523046875 0.69702691015625 0.508203125 0.69702691015625 0.497265625 0.7178602421875 0.498046875 0.748415798828125 0.508203125 0.7623046875 0.513970947265625 0.763671875 0.521045939453125 0.763671875
3 0.3354383671875 0.90026041796875 0.371549478515625 0.89244791796875 0.38266058984375 0.90026041796875 0.4173828125 0.90885416796875 0.42710503515625 0.90572916796875 0.431640625 0.908644904296875 0.431640625 0.8239268828125 0.41460503515625 0.81822916796875 0.3604383671875 0.84635416796875 0.331271701171875 0.87682291796875 0.2979383671875 0.89401041796875 0.283203125 0.89847349609375 0.283203125 0.914224619140625 0.306271701171875 0.91354166796875 0.3354383671875 0.90026041796875
12 0.3365234375 0.112608505859375 0.2701171875 0.115386283203125 0.2623046875 0.127886283203125 0.2732421875 0.27649739453125 0.2748046875 0.366775171875 0.2943359375 0.602886283203125 0.3169921875 0.984830728515625 0.3195263671875 0.99609375 0.340162869140625 0.99609375 0.4685546875 0.979275171875 0.4818359375 0.9737196171875 0.6693359375 0.954275171875 0.6763671875 0.93344183984375 0.7076171875 0.477886283203125 0.7279296875 0.1376085078125 0.7263671875 0.115386283203125 0.3365234375 0.112608505859375