10 0.387109375 0.154275173828125 0.411328125 0.2431640625 0.416796875 0.25149739453125 0.426953125 0.320941841796875 0.42989501953125 0.326171875 0.435760498046875 0.326171875 0.439453125 0.320545015625 0.439453125 0.260293693359375 0.438671875 0.23483073046875 0.433984375 0.198719619140625 0.416015625 0.107052953125 0.408203125 0.09594183984375 0.396484375 0.09594183984375 0.391015625 0.101497396484375 0.387890625 0.113997396484375 0.387109375 0.154275173828125
5 0.5474609375 0.376432291015625 0.5490234375 0.358376736328125 0.5552734375 0.35559895703125 0.5599609375 0.379210068359375 0.564453125 0.3780691953125 0.564453125 0.352647568359375 0.5638671875 0.33754340234375 0.5521484375 0.31948784765625 0.5427734375 0.286154513671875 0.534287111328125 0.279296875 0.523134763671875 0.279296875 0.5146484375 0.286154513671875 0.5068359375 0.3028211796875 0.5060546875 0.322265625 0.5208984375 0.383376736328125 0.52760009765625 0.388671875 0.530126947265625 0.388671875 0.5396484375 0.38754340234375 0.5474609375 0.376432291015625
0 0.4713975703125 0.589084201171875 0.5234375 0.580023677734375 0.5234375 0.498044162109375 0.51723090234375 0.494552951171875 0.489453125 0.488302951171875 0.451953125 0.488302951171875 0.428342013671875 0.493771701171875 0.423828125 0.496451822265625 0.423828125 0.57714409765625 0.4338975703125 0.582052951171875 0.4713975703125 0.589084201171875
2 0.3595703125 0.6348524296875 0.3712890625 0.655685765625 0.3778271484375 0.66015625 0.39257812109375 0.66015625 0.4001953125 0.658463541015625 0.4080078125 0.650130208984375 0.41796875 0.626973158203125 0.41796875 0.591796875 0.4150390625 0.57790798828125 0.3900390625 0.529296875 0.3767578125 0.52096354296875 0.3673828125 0.522352431640625 0.3486328125 0.543185763671875 0.3439453125 0.56401909765625 0.3455078125 0.591796875 0.3595703125 0.6348524296875
6 0.595703125 0.56625433984375 0.59613715234375 0.56625433984375 0.62113715234375 0.570941841796875 0.6328125 0.56997605078125 0.6328125 0.53399323046875 0.595703125 0.533599380859375 0.595703125 0.56625433984375
11 0.33203125 0.44400644140625 0.33203125 0.475789388671875 0.346462673828125 0.474934896484375 0.380859375 0.46360915234375 0.380859375 0.427692330078125 0.374240451171875 0.427278646484375 0.33203125 0.44400644140625
1 0.6134765625 0.46341145703125 0.6171875 0.4558717734375 0.6171875 0.418967013671875 0.6166015625 0.40785590234375 0.6171875 0.38598090234375 0.6171875 0.346523830078125 0.6095703125 0.3231336796875 0.5962890625 0.314800345703125 0.5884765625 0.324522568359375 0.5869140625 0.3356336796875 0.5861328125 0.434244791015625 0.5931640625 0.462022568359375 0.6017578125 0.47035590234375 0.6134765625 0.46341145703125
8 0.6015625 0.19023766796875 0.56640625 0.192591880859375 0.56640625 0.2247174375 0.6015625 0.225076990234375 0.6015625 0.19023766796875
9 0.431640625 0.382718048828125 0.431640625 0.412655298828125 0.4565321171875 0.413433158203125 0.46484375 0.410705904296875 0.46484375 0.382033185546875 0.4384765625 0.380620658203125 0.431640625 0.382718048828125
7 0.3982421875 0.360460068359375 0.37109375 0.368789705078125 0.37109375 0.39927232421875 0.37601996484375 0.403428818359375 0.381575521484375 0.403428818359375 0.4140625 0.392986576171875 0.4140625 0.36109570703125 0.3982421875 0.360460068359375
4 0.559765625 0.5756944453125 0.564453125 0.56423611328125 0.564453125 0.5397569453125 0.553515625 0.482638890625 0.541015625 0.477083333984375 0.528515625 0.484027779296875 0.522265625 0.495138890625 0.531640625 0.568750001953125 0.540605466796875 0.58203125 0.54265625390625 0.58203125 0.559765625 0.5756944453125
12 0.698828125 0.520312501953125 0.694140625 0.49392361328125 0.688671875 0.39947916796875 0.684765625 0.385590279296875 0.685546875 0.35503472265625 0.680078125 0.33697916796875 0.682421875 0.31753472265625 0.679296875 0.235590279296875 0.676171875 0.2272569453125 0.677734375 0.198090279296875 0.671484375 0.116145833984375 0.669140625 0.11197916796875 0.653515625 0.11197916796875 0.592578125 0.1272569453125 0.565234375 0.125868056640625 0.350390625 0.153645833984375 0.334765625 0.15642361328125 0.317578125 0.16892361328125 0.278515625 0.718923611328125 0.262890625 0.97309027734375 0.264453125 0.99392361328125 0.328051130859375 0.994140625 0.68318483203125 0.994140625 0.7265625 0.989796068359375 0.7265625 0.965451390625 0.726171875 0.941145833984375 0.712890625 0.76753472265625 0.713671875 0.752256943359375 0.719140625 0.7383680546875 0.709765625 0.7147569453125 0.703515625 0.600868056640625 0.699609375 0.584201388671875 0.698828125 0.520312501953125
3 0.53125 0.599913193359375 0.533567591796875 0.619140625 0.53381634765625 0.619140625 0.5578125 0.59574652734375 0.553125 0.594357640625 0.5515625 0.5874131953125 0.5609375 0.567968751953125 0.57578125 0.565190970703125 0.58984375 0.55269097265625 0.60546875 0.558246529296875 0.6171875 0.57213541796875 0.6421875 0.57630208203125 0.642578125 0.57421875 0.642578125 0.558246529296875 0.640625 0.55269097265625 0.61328125 0.529079861328125 0.60234375 0.512413193359375 0.59609375 0.494357638671875 0.572064208984375 0.466796875 0.571786220703125 0.466796875 0.559375 0.497135416015625 0.546875 0.51380208203125 0.53515625 0.516579859375 0.52265625 0.506857638671875 0.51953125 0.50963541796875 0.5234375 0.55269097265625 0.53359375 0.581857640625 0.53125 0.599913193359375