0 0.4228515625 0.37309027734375 0.4126953125 0.406423609375 0.4134765625 0.434201390625 0.4189453125 0.456423609375 0.4322265625 0.480034720703125 0.4440266953125 0.486328125 0.468230326171875 0.486328125 0.4861328125 0.47864583203125 0.5048828125 0.446701388671875 0.509765625 0.42686012109375 0.509765625 0.393807869140625 0.5064453125 0.380034720703125 0.4806640625 0.368923611328125 0.4759765625 0.357812498046875 0.4759765625 0.345312498046875 0.4720703125 0.3397569453125 0.4595703125 0.3397569453125 0.4376953125 0.3508680546875 0.4228515625 0.37309027734375
7 0.401171875 0.749891494140625 0.412890625 0.77905816015625 0.4163879375 0.783203125 0.4203552265625 0.783203125 0.428515625 0.77905816015625 0.443359375 0.760208955078125 0.443359375 0.748039642578125 0.442578125 0.742947048828125 0.431640625 0.719335939453125 0.428515625 0.705447048828125 0.424609375 0.7012803828125 0.412109375 0.709613716796875 0.398828125 0.727669271484375 0.397265625 0.731835939453125 0.401171875 0.749891494140625
8 0.374877927734375 0.384765625 0.37614746484375 0.384765625 0.3892578125 0.380881076171875 0.39453125 0.36882750390625 0.39453125 0.354732572265625 0.3845703125 0.29615885546875 0.3736328125 0.282269966796875 0.3650390625 0.282269966796875 0.3580078125 0.2864366328125 0.3501953125 0.30171441015625 0.3501953125 0.325325521484375 0.3673828125 0.378103298828125 0.374877927734375 0.384765625
11 0.3379991328125 0.4336805546875 0.32421875 0.4411449296875 0.32421875 0.4645448125 0.32827691015625 0.4618055546875 0.360221353515625 0.4524305546875 0.375 0.444404220703125 0.375 0.418609080078125 0.3379991328125 0.4336805546875
2 0.5701171875 0.296809896484375 0.5716796875 0.334309896484375 0.5771484375 0.346809896484375 0.5857421875 0.3565321171875 0.6044921875 0.359309896484375 0.6154296875 0.3509765625 0.625 0.3315321171875 0.625 0.22882378515625 0.6232421875 0.22319878515625 0.6146484375 0.209309896484375 0.6083984375 0.2065321171875 0.5982421875 0.205143228515625 0.5841796875 0.212087673828125 0.5779296875 0.22319878515625 0.5724609375 0.242643228515625 0.5701171875 0.296809896484375
6 0.511328125 0.303927951171875 0.51953125 0.28536734375 0.51953125 0.262955728515625 0.519140625 0.241427951171875 0.506640625 0.163650173828125 0.4976904296875 0.150390625 0.49537760546875 0.150390625 0.484765625 0.153927951171875 0.48046875 0.16538628515625 0.48046875 0.184483505859375 0.488671875 0.271983505859375 0.499609375 0.296983505859375 0.506109619140625 0.3046875 0.508764646484375 0.3046875 0.511328125 0.303927951171875
4 0.521484375 0.5166476796875 0.521484375 0.5524351328125 0.5327256953125 0.552039931640625 0.564453125 0.546734162109375 0.564453125 0.50920212890625 0.561892361328125 0.509071181640625 0.521484375 0.5166476796875
10 0.39555121484375 0.530946181640625 0.441384548828125 0.534852431640625 0.466796875 0.526772966796875 0.466796875 0.475646359375 0.43305121484375 0.4762586796875 0.384440103515625 0.4950086796875 0.380859375 0.495628421875 0.380859375 0.55653415234375 0.3858289921875 0.550477431640625 0.39555121484375 0.5481336796875 0.38999566015625 0.5418836796875 0.39555121484375 0.530946181640625
1 0.416015625 0.569238748046875 0.416015625 0.540437826171875 0.412478298828125 0.53999566015625 0.3958116328125 0.52983941015625 0.368033853515625 0.54312066015625 0.35546875 0.54594780859375 0.35546875 0.588847384765625 0.365256076171875 0.58921441015625 0.384700521484375 0.57749566015625 0.416015625 0.569238748046875
5 0.4078125 0.62649739453125 0.40859375 0.6431640625 0.415625 0.659830728515625 0.422003173828125 0.666015625 0.437451169921875 0.666015625 0.44609375 0.657052951171875 0.45234375 0.641775171875 0.453125 0.609830728515625 0.43046875 0.57094183984375 0.41640625 0.5681640625 0.4046875 0.582052951171875 0.40234375 0.607052951171875 0.4078125 0.62649739453125
9 0.521045939453125 0.763671875 0.533203125 0.748415798828125 0.53515625 0.736841724609375 0.53515625 0.729665798828125 0.533984375 0.71508246484375 0.523046875 0.69702691015625 0.508203125 0.69702691015625 0.497265625 0.7178602421875 0.498046875 0.748415798828125 0.508203125 0.7623046875 0.513970947265625 0.763671875 0.521045939453125 0.763671875
3 0.283203125 0.958361267578125 0.30336371484375 0.96510416796875 0.3575303828125 0.93697916796875 0.386697048828125 0.90651041796875 0.4200303828125 0.88932291796875 0.431640625 0.885806353515625 0.431640625 0.869201232421875 0.411697048828125 0.86979166796875 0.3825303828125 0.88307291796875 0.346419271484375 0.89088541796875 0.33530816015625 0.88307291796875 0.3005859375 0.87447916796875 0.29086371484375 0.87760416796875 0.283203125 0.87267950390625 0.283203125 0.958361267578125
12 0.3365234375 0.112608505859375 0.2701171875 0.115386283203125 0.2623046875 0.127886283203125 0.2732421875 0.27649739453125 0.2748046875 0.366775171875 0.2943359375 0.602886283203125 0.3169921875 0.984830728515625 0.3195263671875 0.99609375 0.340162869140625 0.99609375 0.4685546875 0.979275171875 0.4818359375 0.9737196171875 0.6693359375 0.954275171875 0.6763671875 0.93344183984375 0.7076171875 0.477886283203125 0.7279296875 0.1376085078125 0.7263671875 0.115386283203125 0.3365234375 0.112608505859375