11 0.4921875 0.5703125 0.494140625 0.572265625 0.494140625 0.6015625 0.447265625 0.6328125 0.435546875 0.64453125 0.42578125 0.6484375 0.4140625 0.64453125 0.4140625 0.61328125 0.41796875 0.609375 0.421875 0.609375 0.423828125 0.60546875 0.4375 0.59765625 0.443359375 0.591796875 0.455078125 0.5859375 0.466796875 0.57421875 0.4765625 0.5703125 0.490234375 0.5703125
2 0.55859375 0.60546875 0.55859375 0.662109375 0.54296875 0.6640625 0.53515625 0.66796875 0.494140625 0.66796875 0.494140625 0.607421875 0.505859375 0.607421875 0.5078125 0.60546875 0.556640625 0.60546875
0 0.48046875 0.3671875 0.482421875 0.369140625 0.490234375 0.369140625 0.509765625 0.37890625 0.509765625 0.453125 0.50390625 0.45703125 0.49609375 0.45703125 0.486328125 0.4609375 0.447265625 0.4609375 0.423828125 0.453125 0.4140625 0.447265625 0.4140625 0.375 0.42578125 0.369140625 0.44140625 0.3671875 0.443359375 0.365234375 0.47265625 0.365234375 0.478515625 0.3671875
5 0.501953125 0.314453125 0.55859375 0.314453125 0.55859375 0.345703125 0.55078125 0.349609375 0.5390625 0.349609375 0.525390625 0.353515625 0.51953125 0.359375 0.51953125 0.36328125 0.5234375 0.3671875 0.54296875 0.3671875 0.54296875 0.369140625 0.501953125 0.369140625 0.501953125 0.31640625
6 0.513671875 0.19140625 0.513671875 0.232421875 0.498046875 0.23828125 0.46484375 0.23828125 0.46484375 0.1953125 0.47265625 0.1953125 0.474609375 0.193359375 0.5 0.1953125 0.51171875 0.19140625
10 0.6474609375 0.387434896484375 0.6498046875 0.36937933984375 0.6482421875 0.33743489453125 0.6419921875 0.322157119140625 0.6279296875 0.3096571171875 0.6068359375 0.30687933984375 0.5943359375 0.340212673828125 0.5912109375 0.376323783203125 0.5966796875 0.415212673828125 0.5912109375 0.4221571171875 0.58984375 0.43795573046875 0.58984375 0.440486798828125 0.6044921875 0.461046005859375 0.6341796875 0.47632378515625 0.6474609375 0.47632378515625 0.650390625 0.467209203125 0.650390625 0.466254341796875 0.6427734375 0.45271267578125 0.6451171875 0.44021267578125 0.6341796875 0.44437933984375 0.6310546875 0.44021267578125 0.6310546875 0.42493489453125 0.6341796875 0.4110460078125 0.6404296875 0.406879341796875 0.6474609375 0.387434896484375
1 0.4072265625 0.6293836796875 0.4080078125 0.609939236328125 0.3767578125 0.532161458984375 0.357379150390625 0.515625 0.356750486328125 0.515625 0.3470703125 0.518272568359375 0.3408203125 0.532161458984375 0.3423828125 0.557161458984375 0.3525390625 0.573828125 0.3736328125 0.62660590234375 0.38785400390625 0.63671875 0.40103759765625 0.63671875 0.4072265625 0.6293836796875
7 0.625 0.2615371953125 0.616623263671875 0.256488716796875 0.591623263671875 0.257269966796875 0.583984375 0.26617063671875 0.583984375 0.286217333984375 0.598567708984375 0.293988716796875 0.6096788203125 0.297894966796875 0.625 0.297894966796875 0.625 0.2615371953125
4 0.55040283203125 0.578125 0.559765625 0.575564236328125 0.564453125 0.564849951171875 0.564453125 0.539453125 0.554296875 0.485286458984375 0.550390625 0.478342013671875 0.541015625 0.476953125 0.525390625 0.48667534765625 0.522265625 0.4963975703125 0.529296875 0.560286458984375 0.549365234375 0.578125 0.55040283203125 0.578125
3 0.299609375 0.979231771484375 0.285246060546875 0.998046875 0.494140625 0.998046875 0.494140625 0.997287328125 0.486328125 0.9833984375 0.470703125 0.979231771484375 0.425390625 0.933398439453125 0.401953125 0.888953994140625 0.382421875 0.87506510546875 0.372265625 0.861176216796875 0.356640625 0.829231771484375 0.345703125 0.79312066015625 0.34122314453125 0.78515625 0.3395629921875 0.78515625 0.335546875 0.78617621484375 0.337890625 0.838953994140625 0.349609375 0.863953994140625 0.358984375 0.90562066015625 0.350390625 0.9153428828125 0.337890625 0.96950955078125 0.324609375 0.979231771484375 0.299609375 0.979231771484375
12 0.6400390625 0.182465279296875 0.6392578125 0.194965279296875 0.6322265625 0.204687501953125 0.6408203125 0.22829861328125 0.6400390625 0.243576390625 0.6517578125 0.265798611328125 0.6501953125 0.29635416796875 0.6533203125 0.322743056640625 0.6439453125 0.328298611328125 0.6361328125 0.319965279296875 0.6275390625 0.2866319453125 0.6134765625 0.256076388671875 0.5994140625 0.238020833984375 0.5830078125 0.229687501953125 0.5478515625 0.163020833984375 0.5369140625 0.15885416796875 0.5205078125 0.135243056640625 0.5072265625 0.135243056640625 0.4923828125 0.12690972265625 0.4845703125 0.113020833984375 0.2798828125 0.11440972265625 0.2626953125 0.118576388671875 0.2619140625 0.168576390625 0.2666015625 0.23246527734375 0.2705078125 0.23385416796875 0.2681640625 0.257465279296875 0.2712890625 0.27690972265625 0.2712890625 0.3241319453125 0.2744140625 0.33385416796875 0.2705078125 0.36579861328125 0.3064453125 0.851909720703125 0.3134765625 0.98385416796875 0.316048177734375 0.994140625 0.333117671875 0.994140625 0.6689453125 0.9491319453125 0.6822265625 0.789409720703125 0.7103515625 0.351909720703125 0.72265625 0.151388888671875 0.72265625 0.118055556640625 0.7212890625 0.11440972265625 0.7025390625 0.11579861328125 0.6923828125 0.132465279296875 0.6767578125 0.140798611328125 0.6642578125 0.13385416796875 0.6462890625 0.14635416796875 0.6470703125 0.174131943359375 0.6400390625 0.182465279296875
8 0.416145833984375 0.311675345703125 0.4453125 0.304103232421875 0.4453125 0.26988848828125 0.40234375 0.276085904296875 0.40234375 0.312160576171875 0.416145833984375 0.311675345703125