0 0.451153564453125 0.513671875 0.4474609375 0.518923609375 0.4474609375 0.531423609375 0.4427734375 0.54253472265625 0.4169921875 0.553645833984375 0.4123046875 0.573090279296875 0.4130859375 0.598090279296875 0.4185546875 0.6203125 0.4373046875 0.6522569453125 0.4599609375 0.66197916796875 0.4755859375 0.66197916796875 0.4912109375 0.65364583203125 0.5044921875 0.630034720703125 0.509765625 0.60860615234375 0.509765625 0.57682959375 0.5005859375 0.546701390625 0.4857421875 0.524479166015625 0.464465330078125 0.513671875 0.451153564453125 0.513671875
7 0.396484375 0.2413598203125 0.396484375 0.266812607421875 0.3977647578125 0.267100693359375 0.4213758671875 0.278038193359375 0.436653646484375 0.280381943359375 0.443359375 0.275101181640625 0.443359375 0.242674423828125 0.4283203125 0.236631943359375 0.4102647578125 0.232725693359375 0.40609808984375 0.234288193359375 0.396484375 0.2413598203125
8 0.3802734375 0.688736978515625 0.39453125 0.688736978515625 0.39453125 0.651826607421875 0.3497178828125 0.644205728515625 0.349609375 0.644205728515625 0.349609375 0.678750984375 0.3802734375 0.688736978515625
11 0.342122396484375 0.5663194453125 0.37406683984375 0.5756944453125 0.375 0.576324328125 0.375 0.553341111328125 0.3643446171875 0.5475694453125 0.32421875 0.531225072265625 0.32421875 0.5565959140625 0.342122396484375 0.5663194453125
2 0.5993896484375 0.640625 0.592297361328125 0.640625 0.5876953125 0.64125433984375 0.5814453125 0.644032119140625 0.5728515625 0.6579210078125 0.5689453125 0.6704210078125 0.5697265625 0.7634765625 0.5806640625 0.78569878515625 0.5916015625 0.794032119140625 0.6103515625 0.79125433984375 0.6189453125 0.781532119140625 0.6244140625 0.769032119140625 0.625 0.754969619140625 0.625 0.708962673828125 0.6236328125 0.677365451171875 0.6181640625 0.6579210078125 0.6119140625 0.646809896484375 0.5993896484375 0.640625
6 0.51953125 0.79107184765625 0.51953125 0.758153619140625 0.48046875 0.754491509765625 0.48046875 0.78557671484375 0.514040798828125 0.79097222265625 0.51953125 0.79107184765625
4 0.561892361328125 0.490928818359375 0.564453125 0.49079787109375 0.564453125 0.453265837890625 0.5327256953125 0.447960068359375 0.521484375 0.4475648671875 0.521484375 0.4833523203125 0.561892361328125 0.490928818359375
10 0.38125 0.53422308984375 0.39140625 0.546723091796875 0.39609375 0.546723091796875 0.41484375 0.5314453125 0.43046875 0.5314453125 0.440625 0.4995008671875 0.43671875 0.45366753515625 0.44765625 0.44811198046875 0.45390625 0.45366753515625 0.45625 0.4439453125 0.46640625 0.43561198046875 0.465625 0.4258897578125 0.45703125 0.4189453125 0.448242185546875 0.41796875 0.425952150390625 0.41796875 0.40390625 0.424500869140625 0.40078125 0.442556423828125 0.38203125 0.49116753515625 0.38125 0.53422308984375
1 0.35546875 0.45405219140625 0.368033853515625 0.45687933984375 0.3958116328125 0.47016058984375 0.412478298828125 0.46000433984375 0.416015625 0.459562173828125 0.416015625 0.430761251953125 0.384700521484375 0.42250433984375 0.365256076171875 0.41078558984375 0.35546875 0.411152615234375 0.35546875 0.45405219140625
5 0.40234375 0.3960980625 0.420290798828125 0.4065538203125 0.4522352421875 0.4057725703125 0.453125 0.405408578125 0.453125 0.361999173828125 0.43695746484375 0.3612413203125 0.417513021484375 0.3557725703125 0.40234375 0.357194689453125 0.40234375 0.3960980625
9 0.49609375 0.284444486328125 0.49984808984375 0.28671875 0.51929253515625 0.28828125 0.533181423828125 0.2859375 0.53515625 0.284363810546875 0.53515625 0.252225341796875 0.533181423828125 0.25078125 0.5026258671875 0.25 0.49609375 0.253429361328125 0.49609375 0.284444486328125
3 0.371549478515625 0.10755208203125 0.3354383671875 0.09973958203125 0.306271701171875 0.08645833203125 0.283203125 0.085775380859375 0.283203125 0.10152650390625 0.2979383671875 0.10598958203125 0.331271701171875 0.12317708203125 0.3604383671875 0.15364583203125 0.41460503515625 0.18177083203125 0.431640625 0.1760731171875 0.431640625 0.091355095703125 0.42710503515625 0.09427083203125 0.4173828125 0.09114583203125 0.38266058984375 0.09973958203125 0.371549478515625 0.10755208203125
12 0.3142578125 0.82233073046875 0.3212890625 0.8431640625 0.5087890625 0.8626085078125 0.5220703125 0.8681640625 0.6705078125 0.8876085078125 0.6736328125 0.873719619140625 0.6962890625 0.491775173828125 0.7158203125 0.2556640625 0.7173828125 0.16538628515625 0.7283203125 0.016775173828125 0.7205078125 0.004275173828125 0.7116882265625 0.00390625 0.316033974609375 0.00390625 0.2642578125 0.004275173828125 0.2626953125 0.026497396484375 0.2830078125 0.366775173828125 0.3142578125 0.82233073046875