10 0.416796875 0.74850260546875 0.411328125 0.7568359375 0.387109375 0.845724826171875 0.387890625 0.886002603515625 0.391015625 0.898502603515625 0.396484375 0.90405816015625 0.408203125 0.90405816015625 0.416015625 0.892947046875 0.433984375 0.801280380859375 0.438671875 0.76516926953125 0.439453125 0.739706306640625 0.439453125 0.679454984375 0.435760498046875 0.673828125 0.42989501953125 0.673828125 0.426953125 0.679058158203125 0.416796875 0.74850260546875
5 0.564453125 0.647352431640625 0.564453125 0.6219308046875 0.5599609375 0.620789931640625 0.5552734375 0.64440104296875 0.5490234375 0.641623263671875 0.5474609375 0.623567708984375 0.5396484375 0.61245659765625 0.530126947265625 0.611328125 0.52760009765625 0.611328125 0.5208984375 0.616623263671875 0.5060546875 0.677734375 0.5068359375 0.6971788203125 0.5146484375 0.713845486328125 0.523134763671875 0.720703125 0.534287111328125 0.720703125 0.5427734375 0.713845486328125 0.5521484375 0.68051215234375 0.5638671875 0.66245659765625 0.564453125 0.647352431640625
0 0.423828125 0.503548177734375 0.428342013671875 0.506228298828125 0.451953125 0.511697048828125 0.489453125 0.511697048828125 0.51723090234375 0.505447048828125 0.5234375 0.501955837890625 0.5234375 0.419976322265625 0.4713975703125 0.410915798828125 0.4338975703125 0.417947048828125 0.423828125 0.42285590234375 0.423828125 0.503548177734375
2 0.3732421875 0.345963541015625 0.3482421875 0.39457465234375 0.3435546875 0.416796873046875 0.3451171875 0.443185763671875 0.3552734375 0.466796875 0.3630859375 0.47513020703125 0.3818359375 0.479296873046875 0.3919921875 0.472352431640625 0.4037109375 0.451519095703125 0.4177734375 0.408463541015625 0.41796875 0.404991318359375 0.41796875 0.374609375 0.4146484375 0.3598524296875 0.396640625 0.33984375 0.38299560546875 0.33984375 0.3732421875 0.345963541015625
6 0.6291015625 0.427734375 0.6291015625 0.397178818359375 0.6212890625 0.38190104296875 0.6125 0.380859375 0.60927734375 0.380859375 0.6001953125 0.391623263671875 0.5962890625 0.412456595703125 0.5970703125 0.486067708984375 0.6009765625 0.506901041015625 0.607070314453125 0.513671875 0.62216796875 0.513671875 0.6298828125 0.49995659765625 0.6328125 0.464539931640625 0.6328125 0.447526041015625 0.6291015625 0.427734375
11 0.374240451171875 0.572721353515625 0.380859375 0.572307669921875 0.380859375 0.53639084765625 0.346462673828125 0.525065103515625 0.33203125 0.524210611328125 0.33203125 0.55599355859375 0.374240451171875 0.572721353515625
1 0.5951171875 0.5370225703125 0.5865234375 0.563411458984375 0.5880859375 0.62174479296875 0.5857421875 0.666189236328125 0.5912109375 0.67730034765625 0.6029296875 0.68424479296875 0.6115234375 0.675911458984375 0.6171875 0.653534916015625 0.6171875 0.545355904296875 0.6162109375 0.538411458984375 0.60888671875 0.529296875 0.607430013671875 0.529296875 0.5951171875 0.5370225703125
8 0.571875 0.752864583984375 0.56796875 0.811197916015625 0.57109375 0.836197916015625 0.578125 0.844531251953125 0.58984375 0.84730902734375 0.6015625 0.833828634765625 0.6015625 0.754484951171875 0.59296875 0.741753470703125 0.58741455078125 0.740234375 0.5818212890625 0.740234375 0.571875 0.752864583984375
9 0.4403428828125 0.618988716796875 0.46484375 0.618223064453125 0.46484375 0.588153755859375 0.4583984375 0.586176216796875 0.431640625 0.587609671875 0.431640625 0.6161332890625 0.4403428828125 0.618988716796875
7 0.4140625 0.6123914921875 0.41328125 0.592947046875 0.3921875 0.576280380859375 0.38671875 0.580447046875 0.37109375 0.629058158203125 0.37109375 0.634613716796875 0.38515625 0.6512803828125 0.39453125 0.659613716796875 0.4046875 0.642947046875 0.4140625 0.6123914921875
4 0.564453125 0.490928818359375 0.564453125 0.45422665234375 0.521484375 0.44875421875 0.521484375 0.483191119140625 0.561892361328125 0.490928818359375 0.564453125 0.490928818359375
12 0.309765625 0.127256943359375 0.306640625 0.20920138671875 0.308984375 0.22864583203125 0.303515625 0.24670138671875 0.304296875 0.2772569453125 0.300390625 0.29114583203125 0.294921875 0.38559027734375 0.290234375 0.41197916796875 0.289453125 0.4758680546875 0.285546875 0.492534720703125 0.279296875 0.606423609375 0.269921875 0.630034720703125 0.275390625 0.643923609375 0.276171875 0.65920138671875 0.262890625 0.8328125 0.262109375 0.881423611328125 0.317578125 0.886979166015625 0.724609375 0.88559027734375 0.726171875 0.864756943359375 0.710546875 0.61059027734375 0.671484375 0.06059027734375 0.654296875 0.04809027734375 0.638671875 0.045312498046875 0.423828125 0.01753472265625 0.396484375 0.018923611328125 0.344375884765625 0.005859375 0.3186767578125 0.005859375 0.317578125 0.0078125 0.311328125 0.0897569453125 0.312890625 0.118923609375 0.309765625 0.127256943359375
3 0.31640625 0.57904578515625 0.32133246484375 0.582855904296875 0.3366102421875 0.588324654296875 0.372721353515625 0.642230904296875 0.38383246484375 0.649262154296875 0.407443576171875 0.652387154296875 0.4116102421875 0.649262154296875 0.397721353515625 0.636762154296875 0.4004991328125 0.620355904296875 0.410221353515625 0.611762154296875 0.4140625 0.6104911875 0.4140625 0.589704048828125 0.40883246484375 0.586762154296875 0.367165798828125 0.581293404296875 0.31640625 0.555056205078125 0.31640625 0.57904578515625