10 0.388671875 0.1887803828125 0.393359375 0.224891494140625 0.411328125 0.316558158203125 0.418087767578125 0.326171875 0.432333375 0.326171875 0.436328125 0.322113716796875 0.439453125 0.30961371484375 0.439453125 0.266468556640625 0.416015625 0.180447048828125 0.410546875 0.172113716796875 0.400390625 0.102669271484375 0.396484375 0.095724828125 0.391796875 0.097113716796875 0.386328125 0.105447048828125 0.386328125 0.112391494140625 0.388671875 0.1887803828125
5 0.532421875 0.36195746484375 0.5504774296875 0.35023871484375 0.564453125 0.34630805078125 0.564453125 0.304818095703125 0.54769965234375 0.30414496484375 0.50390625 0.314782283203125 0.50390625 0.346448900390625 0.511588541015625 0.34711371484375 0.5143663203125 0.35336371484375 0.50390625 0.355440345703125 0.50390625 0.363063673828125 0.532421875 0.36195746484375
0 0.4248046875 0.562326388671875 0.4302734375 0.5859375 0.4451171875 0.6109375 0.4537109375 0.6109375 0.461328125 0.62109375 0.477587892578125 0.62109375 0.4888671875 0.619270833984375 0.5083984375 0.60121527734375 0.5185546875 0.580381943359375 0.5234375 0.55434027734375 0.5234375 0.53054219921875 0.5154296875 0.484548611328125 0.4998046875 0.462326388671875 0.4849609375 0.4539930546875 0.4662109375 0.455381943359375 0.4443359375 0.4734375 0.4310546875 0.497048611328125 0.4248046875 0.524826388671875 0.4248046875 0.562326388671875
2 0.3595703125 0.6348524296875 0.3712890625 0.655685765625 0.3778271484375 0.66015625 0.39257812109375 0.66015625 0.4001953125 0.658463541015625 0.4080078125 0.650130208984375 0.41796875 0.626973158203125 0.41796875 0.591796875 0.4150390625 0.57790798828125 0.3900390625 0.529296875 0.3767578125 0.52096354296875 0.3673828125 0.522352431640625 0.3486328125 0.543185763671875 0.3439453125 0.56401909765625 0.3455078125 0.591796875 0.3595703125 0.6348524296875
6 0.595703125 0.5715333046875 0.6328125 0.571927154296875 0.6328125 0.53886990234375 0.61011284765625 0.53461371484375 0.595703125 0.5358056953125 0.595703125 0.5715333046875
11 0.33203125 0.44171509765625 0.33203125 0.476254611328125 0.342165798828125 0.476888021484375 0.380859375 0.461553494140625 0.380859375 0.42858544140625 0.369943576171875 0.429231771484375 0.33203125 0.44171509765625
1 0.6134765625 0.46341145703125 0.6171875 0.4558717734375 0.6171875 0.418967013671875 0.6166015625 0.40785590234375 0.6171875 0.38598090234375 0.6171875 0.346523830078125 0.6095703125 0.3231336796875 0.5962890625 0.314800345703125 0.5884765625 0.324522568359375 0.5869140625 0.3356336796875 0.5861328125 0.434244791015625 0.5931640625 0.462022568359375 0.6017578125 0.47035590234375 0.6134765625 0.46341145703125
8 0.566623263671875 0.2237413203125 0.6015625 0.221401638671875 0.6015625 0.189155470703125 0.56640625 0.188795919921875 0.56640625 0.223714193359375 0.566623263671875 0.2237413203125
9 0.431640625 0.3838667109375 0.431640625 0.412390328125 0.4583984375 0.413823783203125 0.46484375 0.411846244140625 0.46484375 0.381776935546875 0.4403428828125 0.381011283203125 0.431640625 0.3838667109375
7 0.37109375 0.365386283203125 0.37109375 0.370941841796875 0.38671875 0.419552953125 0.3921875 0.423719619140625 0.41328125 0.407052953125 0.4140625 0.3876085078125 0.4046875 0.357052953125 0.39453125 0.340386283203125 0.38515625 0.3487196171875 0.37109375 0.365386283203125
4 0.521484375 0.55124578125 0.564453125 0.54577334765625 0.564453125 0.509071181640625 0.561892361328125 0.509071181640625 0.521484375 0.516808880859375 0.521484375 0.55124578125
12 0.447829861328125 0.76315104296875 0.46449652734375 0.75924479296875 0.528385416015625 0.75846354296875 0.5547743046875 0.75377604296875 0.64921875 0.748307291015625 0.663107638671875 0.744401041015625 0.6936631953125 0.74518229296875 0.71171875 0.73971354296875 0.7265625 0.741502744140625 0.7265625 0.3663320234375 0.3297743046875 0.33815104296875 0.26171875 0.33396730078125 0.26171875 0.77401354296875 0.2811631953125 0.77252604296875 0.29644097265625 0.77330729296875 0.310329861328125 0.77877604296875 0.33394097265625 0.76940104296875 0.447829861328125 0.76315104296875
3 0.6283203125 0.59320746484375 0.6197265625 0.6029296875 0.5994140625 0.58765191015625 0.5908203125 0.57515191015625 0.5681640625 0.566818576171875 0.5697265625 0.579318576171875 0.5650390625 0.5848741328125 0.5931640625 0.61959635546875 0.5994140625 0.63209635546875 0.6080078125 0.666818576171875 0.6322265625 0.7029296875 0.6416015625 0.6779296875 0.6541015625 0.658485244140625 0.6759765625 0.654318576171875 0.6845703125 0.6654296875 0.6869140625 0.6598741328125 0.6875 0.654665798828125 0.6875 0.635568578125 0.6853515625 0.61265191015625 0.6751953125 0.579318576171875 0.6783203125 0.541818576171875 0.6619140625 0.55570746484375 0.6595703125 0.576540798828125 0.6525390625 0.5904296875 0.6478515625 0.59459635546875 0.6283203125 0.59320746484375