10 0.388671875 0.1887803828125 0.393359375 0.224891494140625 0.411328125 0.316558158203125 0.418087767578125 0.326171875 0.432333375 0.326171875 0.436328125 0.322113716796875 0.439453125 0.30961371484375 0.439453125 0.266468556640625 0.416015625 0.180447048828125 0.410546875 0.172113716796875 0.400390625 0.102669271484375 0.396484375 0.095724828125 0.391796875 0.097113716796875 0.386328125 0.105447048828125 0.386328125 0.112391494140625 0.388671875 0.1887803828125
5 0.564453125 0.321302416015625 0.560286458984375 0.32094183984375 0.5575086796875 0.31469183984375 0.564453125 0.3133131640625 0.564453125 0.30512826171875 0.539453125 0.30609808984375 0.5213975703125 0.31781683984375 0.50390625 0.3227362734375 0.50390625 0.362742783203125 0.50473090234375 0.36312933984375 0.52417534765625 0.36391058984375 0.564453125 0.354127208984375 0.564453125 0.321302416015625
0 0.4251953125 0.534895833984375 0.4353515625 0.593229166015625 0.4509765625 0.615451388671875 0.461027017578125 0.62109375 0.486147837890625 0.62109375 0.5064453125 0.60434027734375 0.5197265625 0.580729166015625 0.5234375 0.564236111328125 0.5234375 0.504489087890625 0.5205078125 0.49184027734375 0.5056640625 0.46684027734375 0.4970703125 0.46684027734375 0.4876953125 0.45434027734375 0.4619140625 0.458506943359375 0.4423828125 0.4765625 0.4322265625 0.497395833984375 0.4251953125 0.534895833984375
2 0.41796875 0.6159767734375 0.41796875 0.55577799609375 0.4164930546875 0.55514323046875 0.390104166015625 0.55358073046875 0.3678819453125 0.558268228515625 0.341796875 0.571683408203125 0.341796875 0.626617837890625 0.3539930546875 0.62936198046875 0.381770833984375 0.62779948046875 0.41796875 0.6159767734375
6 0.595703125 0.5715333046875 0.6328125 0.571927154296875 0.6328125 0.53886990234375 0.61011284765625 0.53461371484375 0.595703125 0.5358056953125 0.595703125 0.5715333046875
11 0.33203125 0.44171509765625 0.33203125 0.476254611328125 0.342165798828125 0.476888021484375 0.380859375 0.461553494140625 0.380859375 0.42858544140625 0.369943576171875 0.429231771484375 0.33203125 0.44171509765625
1 0.583984375 0.408794716796875 0.6171875 0.40905776953125 0.6171875 0.378795453125 0.61714409765625 0.3787977421875 0.583984375 0.37790953515625 0.583984375 0.408794716796875
8 0.566623263671875 0.2237413203125 0.6015625 0.221401638671875 0.6015625 0.189155470703125 0.56640625 0.188795919921875 0.56640625 0.223714193359375 0.566623263671875 0.2237413203125
9 0.454927060546875 0.42578125 0.4634765625 0.41642794921875 0.46484375 0.3909071171875 0.46484375 0.386624708984375 0.4603515625 0.371983505859375 0.4541015625 0.36642794921875 0.4431640625 0.36642794921875 0.4330078125 0.380316837890625 0.4322265625 0.405316837890625 0.4376953125 0.421983505859375 0.44837646875 0.42578125 0.454927060546875 0.42578125
7 0.37109375 0.365386283203125 0.37109375 0.370941841796875 0.38671875 0.419552953125 0.3921875 0.423719619140625 0.41328125 0.407052953125 0.4140625 0.3876085078125 0.4046875 0.357052953125 0.39453125 0.340386283203125 0.38515625 0.3487196171875 0.37109375 0.365386283203125
4 0.551640625 0.58203125 0.560546875 0.577083333984375 0.564453125 0.570138888671875 0.564453125 0.5475694453125 0.557421875 0.492361109375 0.548046875 0.47847222265625 0.529296875 0.48541666796875 0.523046875 0.5006944453125 0.523046875 0.5131944453125 0.535546875 0.57847222265625 0.5435546875 0.58203125 0.551640625 0.58203125
12 0.447829861328125 0.76315104296875 0.46449652734375 0.75924479296875 0.528385416015625 0.75846354296875 0.5547743046875 0.75377604296875 0.64921875 0.748307291015625 0.663107638671875 0.744401041015625 0.6936631953125 0.74518229296875 0.71171875 0.73971354296875 0.7265625 0.741502744140625 0.7265625 0.3663320234375 0.3297743046875 0.33815104296875 0.26171875 0.33396730078125 0.26171875 0.77401354296875 0.2811631953125 0.77252604296875 0.29644097265625 0.77330729296875 0.310329861328125 0.77877604296875 0.33394097265625 0.76940104296875 0.447829861328125 0.76315104296875
3 0.39878472265625 0.429947916015625 0.415451388671875 0.429947916015625 0.435546875 0.421823375 0.435546875 0.395340982421875 0.4265625 0.387760416015625 0.4265625 0.375260416015625 0.435546875 0.36869059375 0.435546875 0.361979166015625 0.415451388671875 0.361979166015625 0.39184027734375 0.369791666015625 0.359895833984375 0.422916666015625 0.3390625 0.43151041796875 0.337890625 0.43282877734375 0.337890625 0.4558100390625 0.3765625 0.43541666796875 0.39878472265625 0.429947916015625