0 0.45043402734375 0.5381727421875 0.4282118046875 0.543641494140625 0.41015625 0.5542393203125 0.41015625 0.6248914921875 0.418489583984375 0.6295789921875 0.4407118046875 0.6350477421875 0.468489583984375 0.635828994140625 0.501822916015625 0.6256727421875 0.509765625 0.62036726171875 0.509765625 0.56945326171875 0.505989583984375 0.567860244140625 0.49487847265625 0.5420789921875 0.47543402734375 0.5373914921875 0.45043402734375 0.5381727421875
7 0.396484375 0.2413598203125 0.396484375 0.266812607421875 0.3977647578125 0.267100693359375 0.4213758671875 0.278038193359375 0.436653646484375 0.280381943359375 0.443359375 0.275101181640625 0.443359375 0.242674423828125 0.4283203125 0.236631943359375 0.4102647578125 0.232725693359375 0.40609808984375 0.234288193359375 0.396484375 0.2413598203125
8 0.39453125 0.689079626953125 0.39453125 0.65445513671875 0.3642578125 0.644596353515625 0.349609375 0.644596353515625 0.349609375 0.681440296875 0.39453125 0.689079626953125
11 0.342122396484375 0.5663194453125 0.37406683984375 0.5756944453125 0.375 0.576324328125 0.375 0.553341111328125 0.3643446171875 0.5475694453125 0.32421875 0.531225072265625 0.32421875 0.5565959140625 0.342122396484375 0.5663194453125
2 0.5993896484375 0.640625 0.592297361328125 0.640625 0.5876953125 0.64125433984375 0.5814453125 0.644032119140625 0.5728515625 0.6579210078125 0.5689453125 0.6704210078125 0.5697265625 0.7634765625 0.5806640625 0.78569878515625 0.5916015625 0.794032119140625 0.6103515625 0.79125433984375 0.6189453125 0.781532119140625 0.6244140625 0.769032119140625 0.625 0.754969619140625 0.625 0.708962673828125 0.6236328125 0.677365451171875 0.6181640625 0.6579210078125 0.6119140625 0.646809896484375 0.5993896484375 0.640625
6 0.51953125 0.707747396484375 0.516015625 0.698372396484375 0.50683593359375 0.6953125 0.5027685546875 0.6953125 0.494140625 0.708094619140625 0.481640625 0.785872396484375 0.480859375 0.828927951171875 0.489453125 0.848372396484375 0.493627927734375 0.849609375 0.494268798828125 0.849609375 0.501171875 0.841427951171875 0.512109375 0.816427951171875 0.51953125 0.73726128515625 0.51953125 0.707747396484375
4 0.561892361328125 0.490928818359375 0.564453125 0.49079787109375 0.564453125 0.453265837890625 0.5327256953125 0.447960068359375 0.521484375 0.4475648671875 0.521484375 0.4833523203125 0.561892361328125 0.490928818359375
10 0.4109375 0.51022135546875 0.4 0.51577691015625 0.39375 0.51022135546875 0.39140625 0.519943578125 0.38125 0.52827691015625 0.38203125 0.5379991328125 0.390625 0.544943578125 0.415625 0.54772135546875 0.44375 0.539388021484375 0.446875 0.521332466796875 0.465625 0.47272135546875 0.46640625 0.429665798828125 0.4569023984375 0.41796875 0.45057705859375 0.41796875 0.4328125 0.432443578125 0.4171875 0.432443578125 0.40703125 0.464388021484375 0.4109375 0.51022135546875
1 0.4154296875 0.419596353515625 0.4146484375 0.39876301953125 0.4060546875 0.379318576171875 0.400067138671875 0.376953125 0.398611111328125 0.376953125 0.3740234375 0.401540798828125 0.3693359375 0.422374130859375 0.3560546875 0.45015191015625 0.3662109375 0.466818576171875 0.370846896484375 0.50390625 0.371903482421875 0.50390625 0.3810546875 0.50015191015625 0.3919921875 0.4834852421875 0.4037109375 0.439040798828125 0.4154296875 0.419596353515625
5 0.40234375 0.3960980625 0.420290798828125 0.4065538203125 0.4522352421875 0.4057725703125 0.453125 0.405408578125 0.453125 0.361999173828125 0.43695746484375 0.3612413203125 0.417513021484375 0.3557725703125 0.40234375 0.357194689453125 0.40234375 0.3960980625
9 0.512109375 0.30258246484375 0.523828125 0.2998046875 0.533984375 0.285915798828125 0.534765625 0.2553602421875 0.524773763671875 0.236328125 0.50789325390625 0.236328125 0.498046875 0.25258246484375 0.496484375 0.27202691015625 0.498828125 0.285915798828125 0.512109375 0.30258246484375
3 0.404296875 0.10687933984375 0.431640625 0.05421730078125 0.431640625 0.0503768125 0.415444865234375 0.001953125 0.285246060546875 0.001953125 0.299609375 0.020768228515625 0.325390625 0.020768228515625 0.338671875 0.03049044921875 0.344921875 0.040212671875 0.341796875 0.04993489453125 0.350390625 0.0846571171875 0.358203125 0.095768228515625 0.350390625 0.13187933984375 0.337109375 0.161046005859375 0.335546875 0.21382378515625 0.33898926171875 0.21484375 0.340441892578125 0.21484375 0.345703125 0.20549044921875 0.356640625 0.16937933984375 0.373828125 0.136046005859375 0.404296875 0.10687933984375
12 0.447981771484375 0.6454210078125 0.6840928828125 0.6649522578125 0.728515625 0.66572111328125 0.728515625 0.22285533984375 0.572981771484375 0.2321397578125 0.26171875 0.253491642578125 0.26171875 0.634372224609375 0.447981771484375 0.6454210078125