10 0.436697048828125 0.8131944453125 0.439453125 0.813279005859375 0.439453125 0.784331111328125 0.384765625 0.76943090234375 0.384765625 0.8054058046875 0.4005859375 0.8085069453125 0.436697048828125 0.8131944453125
5 0.564453125 0.647352431640625 0.564453125 0.6219308046875 0.5599609375 0.620789931640625 0.5552734375 0.64440104296875 0.5490234375 0.641623263671875 0.5474609375 0.623567708984375 0.5396484375 0.61245659765625 0.530126947265625 0.611328125 0.52760009765625 0.611328125 0.5208984375 0.616623263671875 0.5060546875 0.677734375 0.5068359375 0.6971788203125 0.5146484375 0.713845486328125 0.523134763671875 0.720703125 0.534287111328125 0.720703125 0.5427734375 0.713845486328125 0.5521484375 0.68051215234375 0.5638671875 0.66245659765625 0.564453125 0.647352431640625
0 0.423828125 0.503548177734375 0.428342013671875 0.506228298828125 0.451953125 0.511697048828125 0.489453125 0.511697048828125 0.51723090234375 0.505447048828125 0.5234375 0.501955837890625 0.5234375 0.419976322265625 0.4713975703125 0.410915798828125 0.4338975703125 0.417947048828125 0.423828125 0.42285590234375 0.423828125 0.503548177734375
2 0.341796875 0.3739568984375 0.341796875 0.43149519140625 0.381510416015625 0.44446614453125 0.4092881953125 0.446028646484375 0.41796875 0.444075521484375 0.41796875 0.386542037109375 0.3953993046875 0.37493489453125 0.373177083984375 0.37024739453125 0.3467881953125 0.371809896484375 0.341796875 0.3739568984375
6 0.595703125 0.466400619140625 0.6328125 0.46600676953125 0.6328125 0.43002394921875 0.62113715234375 0.429058158203125 0.59613715234375 0.43374566015625 0.595703125 0.43374566015625 0.595703125 0.466400619140625
11 0.369943576171875 0.570768228515625 0.380859375 0.57141455859375 0.380859375 0.538446505859375 0.342165798828125 0.523111978515625 0.33203125 0.523745388671875 0.33203125 0.55828490234375 0.369943576171875 0.570768228515625
1 0.6171875 0.622711458984375 0.6171875 0.59189259375 0.58754340234375 0.5926866328125 0.583984375 0.59249894921875 0.583984375 0.62297451171875 0.6171875 0.622711458984375
8 0.6015625 0.810844529296875 0.6015625 0.778598361328125 0.566623263671875 0.7762586796875 0.56640625 0.776285806640625 0.56640625 0.811204080078125 0.6015625 0.810844529296875
9 0.4403428828125 0.618988716796875 0.46484375 0.618223064453125 0.46484375 0.588153755859375 0.4583984375 0.586176216796875 0.431640625 0.587609671875 0.431640625 0.6161332890625 0.4403428828125 0.618988716796875
7 0.403580728515625 0.639539931640625 0.40913628515625 0.639539931640625 0.4140625 0.6353834375 0.4140625 0.60490081640625 0.3869140625 0.596571181640625 0.37109375 0.597206818359375 0.37109375 0.629097689453125 0.403580728515625 0.639539931640625
4 0.564453125 0.48973667578125 0.564453125 0.45509936328125 0.527170138671875 0.447960068359375 0.521484375 0.447960068359375 0.521484375 0.4842642421875 0.564453125 0.48973667578125
12 0.309765625 0.127256943359375 0.306640625 0.20920138671875 0.308984375 0.22864583203125 0.303515625 0.24670138671875 0.304296875 0.2772569453125 0.300390625 0.29114583203125 0.294921875 0.38559027734375 0.290234375 0.41197916796875 0.289453125 0.4758680546875 0.285546875 0.492534720703125 0.279296875 0.606423609375 0.269921875 0.630034720703125 0.275390625 0.643923609375 0.276171875 0.65920138671875 0.262890625 0.8328125 0.262109375 0.881423611328125 0.317578125 0.886979166015625 0.724609375 0.88559027734375 0.726171875 0.864756943359375 0.710546875 0.61059027734375 0.671484375 0.06059027734375 0.654296875 0.04809027734375 0.638671875 0.045312498046875 0.423828125 0.01753472265625 0.396484375 0.018923611328125 0.344375884765625 0.005859375 0.3186767578125 0.005859375 0.317578125 0.0078125 0.311328125 0.0897569453125 0.312890625 0.118923609375 0.309765625 0.127256943359375
3 0.4409071171875 0.617296005859375 0.436740451171875 0.605577255859375 0.431184896484375 0.6079210078125 0.4140625 0.60762002734375 0.4140625 0.6773750390625 0.42562933984375 0.679796005859375 0.458962673828125 0.675889755859375 0.505859375 0.687922462890625 0.505859375 0.6659990078125 0.4728515625 0.656358505859375 0.458962673828125 0.643077255859375 0.4353515625 0.631358505859375 0.4409071171875 0.617296005859375