10 0.387109375 0.154275173828125 0.411328125 0.2431640625 0.416796875 0.25149739453125 0.426953125 0.320941841796875 0.42989501953125 0.326171875 0.435760498046875 0.326171875 0.439453125 0.320545015625 0.439453125 0.260293693359375 0.438671875 0.23483073046875 0.433984375 0.198719619140625 0.416015625 0.107052953125 0.408203125 0.09594183984375 0.396484375 0.09594183984375 0.391015625 0.101497396484375 0.387890625 0.113997396484375 0.387109375 0.154275173828125
5 0.564453125 0.321302416015625 0.560286458984375 0.32094183984375 0.5575086796875 0.31469183984375 0.564453125 0.3133131640625 0.564453125 0.30512826171875 0.539453125 0.30609808984375 0.5213975703125 0.31781683984375 0.50390625 0.3227362734375 0.50390625 0.362742783203125 0.50473090234375 0.36312933984375 0.52417534765625 0.36391058984375 0.564453125 0.354127208984375 0.564453125 0.321302416015625
0 0.522439236328125 0.584006076171875 0.5234375 0.583413357421875 0.5234375 0.4989198125 0.5168836796875 0.495724826171875 0.4793836796875 0.488693576171875 0.423828125 0.4983661953125 0.423828125 0.577756076171875 0.43355034765625 0.583224826171875 0.461328125 0.589474826171875 0.498828125 0.589474826171875 0.522439236328125 0.584006076171875
2 0.41796875 0.613457962890625 0.41796875 0.555924478515625 0.4092881953125 0.553971353515625 0.381510416015625 0.55553385546875 0.341796875 0.56850480859375 0.341796875 0.6260431015625 0.3467881953125 0.628190103515625 0.373177083984375 0.62975260546875 0.3953993046875 0.62506510546875 0.41796875 0.613457962890625
6 0.6291015625 0.602821181640625 0.6291015625 0.572265625 0.6328125 0.552473958984375 0.6328125 0.535460068359375 0.6298828125 0.50004340234375 0.62216796875 0.486328125 0.607070314453125 0.486328125 0.6009765625 0.493098958984375 0.5970703125 0.513932291015625 0.5962890625 0.587543404296875 0.6001953125 0.608376736328125 0.60927734375 0.619140625 0.6125 0.619140625 0.6212890625 0.61809895703125 0.6291015625 0.602821181640625
11 0.33203125 0.44400644140625 0.33203125 0.475789388671875 0.346462673828125 0.474934896484375 0.380859375 0.46360915234375 0.380859375 0.427692330078125 0.374240451171875 0.427278646484375 0.33203125 0.44400644140625
1 0.583984375 0.408794716796875 0.6171875 0.40905776953125 0.6171875 0.378795453125 0.61714409765625 0.3787977421875 0.583984375 0.37790953515625 0.583984375 0.408794716796875
8 0.566623263671875 0.2237413203125 0.6015625 0.221401638671875 0.6015625 0.189155470703125 0.56640625 0.188795919921875 0.56640625 0.223714193359375 0.566623263671875 0.2237413203125
9 0.440258791015625 0.42578125 0.455345458984375 0.42578125 0.4638671875 0.414127603515625 0.4646484375 0.389127603515625 0.4591796875 0.372460935546875 0.4435546875 0.366905380859375 0.4333984375 0.3780164921875 0.4318359375 0.407183158203125 0.4365234375 0.422460935546875 0.440258791015625 0.42578125
7 0.3982421875 0.360460068359375 0.37109375 0.368789705078125 0.37109375 0.39927232421875 0.37601996484375 0.403428818359375 0.381575521484375 0.403428818359375 0.4140625 0.392986576171875 0.4140625 0.36109570703125 0.3982421875 0.360460068359375
4 0.521484375 0.55124578125 0.564453125 0.54577334765625 0.564453125 0.509071181640625 0.561892361328125 0.509071181640625 0.521484375 0.516808880859375 0.521484375 0.55124578125
12 0.724609375 0.11440972265625 0.317578125 0.113020833984375 0.262109375 0.118576388671875 0.262890625 0.1671875 0.276171875 0.34079861328125 0.275390625 0.356076390625 0.269921875 0.369965279296875 0.279296875 0.393576390625 0.285546875 0.507465279296875 0.289453125 0.5241319453125 0.290234375 0.58802083203125 0.294921875 0.61440972265625 0.300390625 0.70885416796875 0.304296875 0.7227430546875 0.303515625 0.75329861328125 0.308984375 0.77135416796875 0.306640625 0.79079861328125 0.309765625 0.872743056640625 0.312890625 0.881076390625 0.311328125 0.9102430546875 0.317578125 0.9921875 0.3186767578125 0.994140625 0.344375884765625 0.994140625 0.396484375 0.981076388671875 0.423828125 0.98246527734375 0.638671875 0.954687501953125 0.654296875 0.95190972265625 0.671484375 0.93940972265625 0.710546875 0.38940972265625 0.726171875 0.135243056640625 0.724609375 0.11440972265625
3 0.4068359375 0.265017361328125 0.4052734375 0.274739583984375 0.4091796875 0.290017361328125 0.4248046875 0.321961806640625 0.4318359375 0.346267361328125 0.4333984375 0.377517361328125 0.449386935546875 0.4140625 0.450274658203125 0.4140625 0.4607421875 0.39279513671875 0.4724609375 0.387239583984375 0.4919921875 0.399739583984375 0.4912109375 0.40390625 0.4951171875 0.406684029296875 0.4982421875 0.40112847265625 0.5029296875 0.376128470703125 0.5005859375 0.346961806640625 0.5078125 0.32512152734375 0.5078125 0.309461806640625 0.4951171875 0.309461806640625 0.4794921875 0.333072916015625 0.4529296875 0.324739583984375 0.4357421875 0.302517361328125 0.4287109375 0.280295138671875 0.4201171875 0.274739583984375 0.4146484375 0.26362847265625 0.4068359375 0.265017361328125