10 0.387109375 0.154275173828125 0.411328125 0.2431640625 0.416796875 0.25149739453125 0.426953125 0.320941841796875 0.42989501953125 0.326171875 0.435760498046875 0.326171875 0.439453125 0.320545015625 0.439453125 0.260293693359375 0.438671875 0.23483073046875 0.433984375 0.198719619140625 0.416015625 0.107052953125 0.408203125 0.09594183984375 0.396484375 0.09594183984375 0.391015625 0.101497396484375 0.387890625 0.113997396484375 0.387109375 0.154275173828125
5 0.5474609375 0.376432291015625 0.5490234375 0.358376736328125 0.5552734375 0.35559895703125 0.5599609375 0.379210068359375 0.564453125 0.3780691953125 0.564453125 0.352647568359375 0.5638671875 0.33754340234375 0.5521484375 0.31948784765625 0.5427734375 0.286154513671875 0.534287111328125 0.279296875 0.523134763671875 0.279296875 0.5146484375 0.286154513671875 0.5068359375 0.3028211796875 0.5060546875 0.322265625 0.5208984375 0.383376736328125 0.52760009765625 0.388671875 0.530126947265625 0.388671875 0.5396484375 0.38754340234375 0.5474609375 0.376432291015625
0 0.4248046875 0.562326388671875 0.4302734375 0.5859375 0.4451171875 0.6109375 0.4537109375 0.6109375 0.461328125 0.62109375 0.477587892578125 0.62109375 0.4888671875 0.619270833984375 0.5083984375 0.60121527734375 0.5185546875 0.580381943359375 0.5234375 0.55434027734375 0.5234375 0.53054219921875 0.5154296875 0.484548611328125 0.4998046875 0.462326388671875 0.4849609375 0.4539930546875 0.4662109375 0.455381943359375 0.4443359375 0.4734375 0.4310546875 0.497048611328125 0.4248046875 0.524826388671875 0.4248046875 0.562326388671875
2 0.41796875 0.6159767734375 0.41796875 0.55577799609375 0.4164930546875 0.55514323046875 0.390104166015625 0.55358073046875 0.3678819453125 0.558268228515625 0.341796875 0.571683408203125 0.341796875 0.626617837890625 0.3539930546875 0.62936198046875 0.381770833984375 0.62779948046875 0.41796875 0.6159767734375
6 0.6291015625 0.602821181640625 0.6291015625 0.572265625 0.6328125 0.552473958984375 0.6328125 0.535460068359375 0.6298828125 0.50004340234375 0.62216796875 0.486328125 0.607070314453125 0.486328125 0.6009765625 0.493098958984375 0.5970703125 0.513932291015625 0.5962890625 0.587543404296875 0.6001953125 0.608376736328125 0.60927734375 0.619140625 0.6125 0.619140625 0.6212890625 0.61809895703125 0.6291015625 0.602821181640625
11 0.33203125 0.44171509765625 0.33203125 0.476254611328125 0.342165798828125 0.476888021484375 0.380859375 0.461553494140625 0.380859375 0.42858544140625 0.369943576171875 0.429231771484375 0.33203125 0.44171509765625
1 0.607430013671875 0.470703125 0.60888671875 0.470703125 0.6162109375 0.461588541015625 0.6171875 0.454644095703125 0.6171875 0.346465083984375 0.6115234375 0.324088541015625 0.6029296875 0.31575520703125 0.5912109375 0.32269965234375 0.5857421875 0.333810763671875 0.5880859375 0.37825520703125 0.5865234375 0.436588541015625 0.5951171875 0.4629774296875 0.607430013671875 0.470703125
8 0.6015625 0.19023766796875 0.56640625 0.192591880859375 0.56640625 0.2247174375 0.6015625 0.225076990234375 0.6015625 0.19023766796875
9 0.431640625 0.382718048828125 0.431640625 0.412655298828125 0.4565321171875 0.413433158203125 0.46484375 0.410705904296875 0.46484375 0.382033185546875 0.4384765625 0.380620658203125 0.431640625 0.382718048828125
7 0.4140625 0.398502603515625 0.4140625 0.392947046875 0.3984375 0.344335935546875 0.39296875 0.34016926953125 0.371875 0.356835935546875 0.37109375 0.376280380859375 0.38046875 0.406835935546875 0.390625 0.42350260546875 0.4 0.41516926953125 0.4140625 0.398502603515625
4 0.559765625 0.5756944453125 0.564453125 0.56423611328125 0.564453125 0.5397569453125 0.553515625 0.482638890625 0.541015625 0.477083333984375 0.528515625 0.484027779296875 0.522265625 0.495138890625 0.531640625 0.568750001953125 0.540605466796875 0.58203125 0.54265625390625 0.58203125 0.559765625 0.5756944453125
12 0.447829861328125 0.76315104296875 0.46449652734375 0.75924479296875 0.528385416015625 0.75846354296875 0.5547743046875 0.75377604296875 0.64921875 0.748307291015625 0.663107638671875 0.744401041015625 0.6936631953125 0.74518229296875 0.71171875 0.73971354296875 0.7265625 0.741502744140625 0.7265625 0.3663320234375 0.3297743046875 0.33815104296875 0.26171875 0.33396730078125 0.26171875 0.77401354296875 0.2811631953125 0.77252604296875 0.29644097265625 0.77330729296875 0.310329861328125 0.77877604296875 0.33394097265625 0.76940104296875 0.447829861328125 0.76315104296875
3 0.4181640625 0.244335939453125 0.4181640625 0.255447048828125 0.4376953125 0.324891494140625 0.4353515625 0.3623914921875 0.4478515625 0.41100260546875 0.449263509765625 0.43359375 0.45047869140625 0.43359375 0.4580078125 0.41655816015625 0.4736328125 0.40405816015625 0.4845703125 0.406835939453125 0.4955078125 0.42211371484375 0.501953125 0.38264612109375 0.501953125 0.338641494140625 0.4908203125 0.336002603515625 0.4806640625 0.347113716796875 0.4681640625 0.324891494140625 0.4548828125 0.313780380859375 0.4439453125 0.270724826171875 0.4298828125 0.2373914921875 0.4220703125 0.2373914921875 0.4181640625 0.244335939453125