0 0.421614583984375 0.452061630859375 0.454947916015625 0.4622178828125 0.4827256953125 0.461436630859375 0.504947916015625 0.455967880859375 0.509765625 0.453257919921875 0.509765625 0.378564689453125 0.4952256953125 0.3700303828125 0.47300347265625 0.364561630859375 0.44800347265625 0.363780380859375 0.42855902734375 0.368467880859375 0.417447916015625 0.3942491328125 0.41015625 0.397325302734375 0.41015625 0.444407822265625 0.421614583984375 0.452061630859375
7 0.414453125 0.780664064453125 0.416833494140625 0.783203125 0.420800783203125 0.783203125 0.430859375 0.776497396484375 0.443359375 0.75950393359375 0.443359375 0.743441841796875 0.441796875 0.736219619140625 0.430078125 0.707052953125 0.425390625 0.701497396484375 0.414453125 0.707052953125 0.398046875 0.72788628515625 0.400390625 0.743164064453125 0.411328125 0.766775173828125 0.414453125 0.780664064453125
8 0.3693359375 0.281618923828125 0.3552734375 0.285785591796875 0.3498046875 0.298285591796875 0.3498046875 0.310785591796875 0.3599609375 0.3705078125 0.3708984375 0.384396701171875 0.3794921875 0.384396701171875 0.3865234375 0.38023003515625 0.3943359375 0.3649522578125 0.3943359375 0.341341146484375 0.3771484375 0.288563369140625 0.3693359375 0.281618923828125
11 0.3379991328125 0.4336805546875 0.32421875 0.4411449296875 0.32421875 0.4645448125 0.32827691015625 0.4618055546875 0.360221353515625 0.4524305546875 0.375 0.444404220703125 0.375 0.418609080078125 0.3379991328125 0.4336805546875
2 0.5701171875 0.296809896484375 0.5716796875 0.334309896484375 0.5771484375 0.346809896484375 0.5857421875 0.3565321171875 0.6044921875 0.359309896484375 0.6154296875 0.3509765625 0.625 0.3315321171875 0.625 0.22882378515625 0.6232421875 0.22319878515625 0.6146484375 0.209309896484375 0.6083984375 0.2065321171875 0.5982421875 0.205143228515625 0.5841796875 0.212087673828125 0.5779296875 0.22319878515625 0.5724609375 0.242643228515625 0.5701171875 0.296809896484375
6 0.51953125 0.292252603515625 0.51953125 0.26273871484375 0.512109375 0.183572048828125 0.501171875 0.158572048828125 0.494268798828125 0.150390625 0.493627927734375 0.150390625 0.489453125 0.151627603515625 0.480859375 0.171072048828125 0.481640625 0.214127603515625 0.494140625 0.291905380859375 0.5027685546875 0.3046875 0.50683593359375 0.3046875 0.516015625 0.301627603515625 0.51953125 0.292252603515625
4 0.521484375 0.51489954296875 0.521484375 0.551749181640625 0.527170138671875 0.552039931640625 0.564453125 0.54504937109375 0.564453125 0.508785841796875 0.5563368046875 0.509071181640625 0.521484375 0.51489954296875
10 0.41460503515625 0.5598524296875 0.463216146484375 0.5411024296875 0.466796875 0.5404826875 0.466796875 0.47957695703125 0.4618272578125 0.4856336796875 0.45210503515625 0.4879774296875 0.45766058984375 0.4942274296875 0.45210503515625 0.5051649296875 0.406271701171875 0.5012586796875 0.380859375 0.50933814453125 0.380859375 0.56046475 0.41460503515625 0.5598524296875
1 0.4146484375 0.60123698046875 0.4154296875 0.580403646484375 0.4037109375 0.560959201171875 0.3919921875 0.5165147578125 0.3810546875 0.49984808984375 0.371903482421875 0.49609375 0.370846896484375 0.49609375 0.3662109375 0.533181423828125 0.3560546875 0.54984808984375 0.3693359375 0.577625869140625 0.3740234375 0.598459201171875 0.398611111328125 0.623046875 0.400067138671875 0.623046875 0.4060546875 0.620681423828125 0.4146484375 0.60123698046875
5 0.40390625 0.626280380859375 0.4265625 0.66516926953125 0.43084717578125 0.666015625 0.44225463671875 0.666015625 0.45234375 0.654058158203125 0.453125 0.64572482421875 0.453125 0.623502603515625 0.44921875 0.60961371484375 0.4484375 0.592947046875 0.44140625 0.576280380859375 0.4328125 0.567947046875 0.4203125 0.5693359375 0.4109375 0.579058158203125 0.4046875 0.5943359375 0.40390625 0.626280380859375
9 0.521045939453125 0.763671875 0.533203125 0.748415798828125 0.53515625 0.736841724609375 0.53515625 0.729665798828125 0.533984375 0.71508246484375 0.523046875 0.69702691015625 0.508203125 0.69702691015625 0.497265625 0.7178602421875 0.498046875 0.748415798828125 0.508203125 0.7623046875 0.513970947265625 0.763671875 0.521045939453125 0.763671875
3 0.37941894921875 0.998046875 0.382421875 0.997157119140625 0.380859375 0.94437933984375 0.367578125 0.91521267578125 0.359765625 0.879101564453125 0.367578125 0.867990453125 0.376171875 0.83326823046875 0.373046875 0.8235460078125 0.379296875 0.81382378515625 0.392578125 0.804101564453125 0.418359375 0.804101564453125 0.431640625 0.78670390234375 0.431640625 0.78515625 0.302567435546875 0.78515625 0.285546875 0.8360460078125 0.313671875 0.89021267578125 0.344140625 0.919379341796875 0.361328125 0.95271267578125 0.372265625 0.98882378515625 0.37745361328125 0.998046875 0.37941894921875 0.998046875
12 0.5220703125 0.1318359375 0.5087890625 0.1373914921875 0.3212890625 0.1568359375 0.3142578125 0.17766926953125 0.2830078125 0.633224826171875 0.2626953125 0.973502603515625 0.2642578125 0.995724826171875 0.316033974609375 0.99609375 0.7116882265625 0.99609375 0.7205078125 0.995724826171875 0.7283203125 0.983224826171875 0.7173828125 0.83461371484375 0.7158203125 0.7443359375 0.6962890625 0.508224826171875 0.6736328125 0.126280380859375 0.6705078125 0.1123914921875 0.5220703125 0.1318359375