10 0.411328125 0.683441841796875 0.393359375 0.775108505859375 0.388671875 0.8112196171875 0.386328125 0.887608505859375 0.386328125 0.894552951171875 0.391796875 0.902886283203125 0.396484375 0.904275171875 0.400390625 0.897330728515625 0.410546875 0.827886283203125 0.416015625 0.819552951171875 0.439453125 0.733531443359375 0.439453125 0.69038628515625 0.436328125 0.677886283203125 0.432333375 0.673828125 0.418087767578125 0.673828125 0.411328125 0.683441841796875
5 0.564453125 0.647352431640625 0.564453125 0.6219308046875 0.5599609375 0.620789931640625 0.5552734375 0.64440104296875 0.5490234375 0.641623263671875 0.5474609375 0.623567708984375 0.5396484375 0.61245659765625 0.530126947265625 0.611328125 0.52760009765625 0.611328125 0.5208984375 0.616623263671875 0.5060546875 0.677734375 0.5068359375 0.6971788203125 0.5146484375 0.713845486328125 0.523134763671875 0.720703125 0.534287111328125 0.720703125 0.5427734375 0.713845486328125 0.5521484375 0.68051215234375 0.5638671875 0.66245659765625 0.564453125 0.647352431640625
0 0.461027017578125 0.37890625 0.4509765625 0.384548611328125 0.4353515625 0.406770833984375 0.4251953125 0.465104166015625 0.4322265625 0.502604166015625 0.4423828125 0.5234375 0.4619140625 0.541493056640625 0.4876953125 0.54565972265625 0.4970703125 0.53315972265625 0.5056640625 0.53315972265625 0.5205078125 0.50815972265625 0.5234375 0.495510912109375 0.5234375 0.435763888671875 0.5197265625 0.419270833984375 0.5064453125 0.39565972265625 0.486147837890625 0.37890625 0.461027017578125 0.37890625
2 0.341796875 0.3739568984375 0.341796875 0.43149519140625 0.381510416015625 0.44446614453125 0.4092881953125 0.446028646484375 0.41796875 0.444075521484375 0.41796875 0.386542037109375 0.3953993046875 0.37493489453125 0.373177083984375 0.37024739453125 0.3467881953125 0.371809896484375 0.341796875 0.3739568984375
6 0.6328125 0.46113009765625 0.6328125 0.428072845703125 0.595703125 0.4284666953125 0.595703125 0.4641943046875 0.61011284765625 0.46538628515625 0.6328125 0.46113009765625
11 0.3337890625 0.586046005859375 0.3455078125 0.592990451171875 0.3587890625 0.592990451171875 0.380859375 0.537300486328125 0.380859375 0.5067900546875 0.361934408203125 0.50390625 0.353708556640625 0.50390625 0.3353515625 0.5596571171875 0.3337890625 0.586046005859375
1 0.6134765625 0.53658854296875 0.6017578125 0.52964409765625 0.5931640625 0.537977431640625 0.5861328125 0.565755208984375 0.5869140625 0.6643663203125 0.5884765625 0.675477431640625 0.5962890625 0.685199654296875 0.6095703125 0.6768663203125 0.6171875 0.653476169921875 0.6171875 0.61401909765625 0.6166015625 0.59214409765625 0.6171875 0.581032986328125 0.6171875 0.5441282265625 0.6134765625 0.53658854296875
8 0.58671875 0.847135416015625 0.59765625 0.83324652734375 0.6015625 0.774913193359375 0.5984375 0.7499131953125 0.59140625 0.741579859375 0.585729986328125 0.740234375 0.578442380859375 0.740234375 0.56640625 0.754079859375 0.5671875 0.830468751953125 0.5765625 0.844357640625 0.58671875 0.847135416015625
9 0.4384765625 0.619379341796875 0.46484375 0.617966814453125 0.46484375 0.589294095703125 0.4565321171875 0.586566841796875 0.431640625 0.587344701171875 0.431640625 0.617281951171875 0.4384765625 0.619379341796875
7 0.4140625 0.6123914921875 0.41328125 0.592947046875 0.3921875 0.576280380859375 0.38671875 0.580447046875 0.37109375 0.629058158203125 0.37109375 0.634613716796875 0.38515625 0.6512803828125 0.39453125 0.659613716796875 0.4046875 0.642947046875 0.4140625 0.6123914921875
4 0.531640625 0.431249998046875 0.522265625 0.504861109375 0.528515625 0.515972220703125 0.541015625 0.522916666015625 0.553515625 0.517361109375 0.564453125 0.4602430546875 0.564453125 0.43576388671875 0.559765625 0.4243055546875 0.54265625390625 0.41796875 0.540605466796875 0.41796875 0.531640625 0.431249998046875
12 0.27734375 0.63138020703125 0.2953993046875 0.63684895703125 0.325954861328125 0.63606770703125 0.33984375 0.63997395703125 0.4342881953125 0.64544270703125 0.460677083984375 0.650130208984375 0.52456597265625 0.65091145703125 0.541232638671875 0.65481770703125 0.65512152734375 0.66106770703125 0.678732638671875 0.67044270703125 0.69262152734375 0.66497395703125 0.7078993046875 0.66419270703125 0.7265625 0.66562044140625 0.7265625 0.2256819921875 0.6592881953125 0.22981770703125 0.26171875 0.258054173828125 0.26171875 0.633263578125 0.27734375 0.63138020703125
3 0.4986328125 0.41156683984375 0.50141058984375 0.42484808984375 0.497243923828125 0.43422308984375 0.50141058984375 0.44047308984375 0.50835503515625 0.44125433984375 0.522243923828125 0.46703558984375 0.50835503515625 0.47250433984375 0.50141058984375 0.48109808984375 0.47641058984375 0.48500433984375 0.462521701171875 0.49594183984375 0.451171875 0.49566426171875 0.451171875 0.50924201171875 0.469466146484375 0.51078558984375 0.497243923828125 0.51781683984375 0.5180772578125 0.52719183984375 0.5486328125 0.53187933984375 0.57421875 0.532807861328125 0.57421875 0.457497974609375 0.547243923828125 0.44828558984375 0.5111328125 0.41156683984375 0.5041883671875 0.40922308984375 0.4986328125 0.41156683984375