0 0.45390625 0.611111111328125 0.4640625 0.623611111328125 0.48828125 0.6194444453125 0.50703125 0.60277777734375 0.51875 0.5805555546875 0.52578125 0.5444444453125 0.525 0.52777777734375 0.5140625 0.4819444453125 0.5 0.4625 0.484375 0.454166666015625 0.4640625 0.4569444453125 0.4421875 0.476388888671875 0.4296875 0.501388888671875 0.425 0.525 0.425 0.561111111328125 0.43125 0.5875 0.44609375 0.6125 0.45390625 0.611111111328125
2 0.38828125 0.6625 0.3984375 0.65972222265625 0.41484375 0.638888888671875 0.41953125 0.6194444453125 0.41875 0.5944444453125 0.40390625 0.548611111328125 0.390625 0.526388888671875 0.38125 0.520833333984375 0.365625 0.523611111328125 0.35546875 0.533333333984375 0.3453125 0.5569444453125 0.34375 0.5819444453125 0.3484375 0.6055555546875 0.37578125 0.6569444453125 0.38828125 0.6625
4 0.56640625 0.561111111328125 0.56640625 0.54722222265625 0.5546875 0.486111111328125 0.5484375 0.47777777734375 0.54140625 0.47777777734375 0.52890625 0.48472222265625 0.52265625 0.49722222265625 0.53203125 0.5694444453125 0.54140625 0.583333333984375 0.56015625 0.576388888671875 0.56640625 0.561111111328125
6 0.62265625 0.616666666015625 0.63046875 0.595833333984375 0.634375 0.54722222265625 0.6328125 0.50972222265625 0.62578125 0.488888888671875 0.6140625 0.48472222265625 0.603125 0.49027777734375 0.59765625 0.5125 0.596875 0.586111111328125 0.60078125 0.6069444453125 0.61015625 0.6194444453125 0.62265625 0.616666666015625
11 0.38203125 0.466666666015625 0.36171875 0.4055555546875 0.33359375 0.4125 0.334375 0.438888888671875 0.359375 0.498611111328125 0.38359375 0.49027777734375 0.38203125 0.466666666015625
9 0.46328125 0.4180555546875 0.465625 0.3930555546875 0.46015625 0.37222222265625 0.44609375 0.36527777734375 0.434375 0.376388888671875 0.43203125 0.40277777734375 0.4375 0.42222222265625 0.45390625 0.42777777734375 0.46328125 0.4180555546875
7 0.39140625 0.423611111328125 0.41171875 0.408333333984375 0.41484375 0.39722222265625 0.4046875 0.3569444453125 0.39375 0.34027777734375 0.38359375 0.35 0.37109375 0.36527777734375 0.37109375 0.37222222265625 0.38671875 0.4194444453125 0.39140625 0.423611111328125
5 0.5296875 0.388888888671875 0.5390625 0.3875 0.55625 0.3555555546875 0.56015625 0.37777777734375 0.56484375 0.379166666015625 0.5640625 0.338888888671875 0.56015625 0.32777777734375 0.5515625 0.3194444453125 0.5484375 0.3 0.5421875 0.286111111328125 0.53359375 0.279166666015625 0.52421875 0.279166666015625 0.5125 0.29027777734375 0.50703125 0.304166666015625 0.50703125 0.323611111328125 0.51796875 0.376388888671875 0.521875 0.383333333984375 0.5296875 0.388888888671875
10 0.38984375 0.198611111328125 0.39375 0.225 0.41171875 0.316666666015625 0.41875 0.32777777734375 0.42890625 0.329166666015625 0.43515625 0.325 0.4390625 0.313888888671875 0.440625 0.2680555546875 0.41484375 0.176388888671875 0.409375 0.1680555546875 0.39921875 0.098611111328125 0.3921875 0.09722222265625 0.38671875 0.104166666015625 0.38671875 0.1125 0.3890625 0.12222222265625 0.38984375 0.198611111328125
8 0.5953125 0.2555555546875 0.60234375 0.2375 0.6015625 0.16527777734375 0.59296875 0.154166666015625 0.584375 0.15277777734375 0.57578125 0.1569444453125 0.56875 0.1694444453125 0.5671875 0.1875 0.57109375 0.24722222265625 0.58046875 0.261111111328125 0.5953125 0.2555555546875
1 0.60859375 0.470833333984375 0.61640625 0.461111111328125 0.61796875 0.45 0.61796875 0.35 0.61171875 0.325 0.60546875 0.316666666015625 0.59921875 0.31527777734375 0.5875 0.329166666015625 0.58515625 0.3375 0.58671875 0.43472222265625 0.5953125 0.4625 0.60859375 0.470833333984375
3 0.43671875 0.7569444453125 0.41796875 0.763888888671875 0.403125 0.751388888671875 0.39375 0.751388888671875 0.37578125 0.758333333984375 0.37265625 0.76527777734375 0.39453125 0.773611111328125 0.41796875 0.79027777734375 0.4296875 0.80277777734375 0.4359375 0.8194444453125 0.4703125 0.8430555546875 0.47734375 0.85277777734375 0.4875 0.826388888671875 0.5078125 0.7930555546875 0.4921875 0.733333333984375 0.4703125 0.691666666015625 0.45859375 0.64722222265625 0.45703125 0.62222222265625 0.45234375 0.616666666015625 0.446875 0.663888888671875 0.4546875 0.7180555546875 0.4390625 0.7430555546875 0.43671875 0.7569444453125
12 0.72734375 0.9930555546875 0.715625 0.8180555546875 0.71484375 0.7444444453125 0.709375 0.720833333984375 0.70703125 0.688888888671875 0.6859375 0.323611111328125 0.67265625 0.125 0.66953125 0.111111111328125 0.328125 0.1555555546875 0.31640625 0.161111111328125 0.2890625 0.536111111328125 0.2703125 0.845833333984375 0.2625 0.97777777734375 0.26484375 0.998611111328125 0.63359375 0.998611111328125 0.72734375 0.9930555546875