11 0.43359375 0.349609375 0.443359375 0.353515625 0.455078125 0.365234375 0.486328125 0.384765625 0.48828125 0.388671875 0.494140625 0.390625 0.494140625 0.423828125 0.486328125 0.427734375 0.474609375 0.423828125 0.462890625 0.412109375 0.4140625 0.37890625 0.4140625 0.353515625 0.41796875 0.349609375 0.431640625 0.349609375
2 0.494140625 0.330078125 0.53515625 0.330078125 0.54296875 0.333984375 0.55859375 0.3359375 0.55859375 0.392578125 0.5078125 0.392578125 0.505859375 0.390625 0.494140625 0.390625 0.494140625 0.33203125
0 0.46875 0.51171875 0.482421875 0.517578125 0.494140625 0.53125 0.498046875 0.537109375 0.498046875 0.541015625 0.501953125 0.544921875 0.509765625 0.568359375 0.509765625 0.607421875 0.505859375 0.6171875 0.505859375 0.625 0.494140625 0.646484375 0.482421875 0.65625 0.4765625 0.65625 0.474609375 0.658203125 0.453125 0.65625 0.4375 0.646484375 0.4296875 0.63671875 0.42578125 0.625 0.421875 0.62109375 0.4140625 0.59375 0.4140625 0.564453125 0.416015625 0.5625 0.416015625 0.5546875 0.421875 0.537109375 0.427734375 0.52734375 0.44140625 0.513671875 0.466796875 0.51171875
5 0.501953125 0.62890625 0.54296875 0.62890625 0.54296875 0.630859375 0.5234375 0.630859375 0.51953125 0.634765625 0.51953125 0.638671875 0.525390625 0.64453125 0.5390625 0.6484375 0.55078125 0.6484375 0.55859375 0.65234375 0.55859375 0.68359375 0.501953125 0.68359375 0.501953125 0.630859375
6 0.4765625 0.71484375 0.48046875 0.712890625 0.498046875 0.712890625 0.505859375 0.716796875 0.513671875 0.724609375 0.513671875 0.763671875 0.509765625 0.7734375 0.51171875 0.798828125 0.509765625 0.80078125 0.5078125 0.826171875 0.501953125 0.833984375 0.4921875 0.83984375 0.486328125 0.853515625 0.48046875 0.85546875 0.4765625 0.84765625 0.474609375 0.833984375 0.46484375 0.818359375 0.46484375 0.783203125 0.466796875 0.78125 0.46875 0.767578125 0.47265625 0.76171875 0.47265625 0.724609375 0.4765625 0.716796875
10 0.58984375 0.559513201171875 0.58984375 0.56204426953125 0.5912109375 0.5778428828125 0.5966796875 0.584787326171875 0.5912109375 0.623676216796875 0.5943359375 0.659787326171875 0.6068359375 0.69312066015625 0.6279296875 0.6903428828125 0.6419921875 0.677842880859375 0.6482421875 0.66256510546875 0.6498046875 0.63062066015625 0.6474609375 0.612565103515625 0.6404296875 0.593120658203125 0.6341796875 0.5889539921875 0.6310546875 0.57506510546875 0.6310546875 0.55978732421875 0.6341796875 0.55562066015625 0.6451171875 0.55978732421875 0.6427734375 0.54728732421875 0.650390625 0.533745658203125 0.650390625 0.532790796875 0.6474609375 0.52367621484375 0.6341796875 0.52367621484375 0.6044921875 0.538953994140625 0.58984375 0.559513201171875
1 0.33984375 0.430108740234375 0.40776909765625 0.457400173828125 0.408203125 0.457382734375 0.408203125 0.41653745703125 0.371657986328125 0.401931423828125 0.3549913203125 0.391775173828125 0.33984375 0.390828451171875 0.33984375 0.430108740234375
7 0.583984375 0.73382936328125 0.591623263671875 0.742730033203125 0.616623263671875 0.743511283203125 0.625 0.7384628046875 0.625 0.702105033203125 0.6096788203125 0.702105033203125 0.598567708984375 0.706011283203125 0.583984375 0.713782666015625 0.583984375 0.73382936328125
4 0.564453125 0.492981080078125 0.564453125 0.454984595703125 0.521484375 0.45025569921875 0.521484375 0.485069443359375 0.563845486328125 0.49301215234375 0.564453125 0.492981080078125
3 0.4068359375 0.11614583203125 0.392947048828125 0.09661458203125 0.348502603515625 0.07317708203125 0.302669271484375 0.02786458203125 0.298502603515625 0.01223958203125 0.283224826171875 0.00364583203125 0.283224826171875 0.21380208203125 0.302669271484375 0.19895833203125 0.302669271484375 0.17395833203125 0.3123914921875 0.16067708203125 0.36655816015625 0.14817708203125 0.3762803828125 0.13958333203125 0.417947048828125 0.14895833203125 0.442947048828125 0.16067708203125 0.494140625 0.16295048046875 0.494140625 0.15587971875 0.4887803828125 0.15286458203125 0.452669271484375 0.14192708203125 0.420724826171875 0.12630208203125 0.4068359375 0.11614583203125
12 0.333117671875 0.005859375 0.316048177734375 0.005859375 0.3134765625 0.01614583203125 0.3064453125 0.148090279296875 0.2705078125 0.63420138671875 0.2744140625 0.66614583203125 0.2712890625 0.6758680546875 0.2712890625 0.72309027734375 0.2681640625 0.742534720703125 0.2705078125 0.76614583203125 0.2666015625 0.76753472265625 0.2619140625 0.831423609375 0.2626953125 0.881423611328125 0.2798828125 0.88559027734375 0.4845703125 0.886979166015625 0.4923828125 0.87309027734375 0.5072265625 0.864756943359375 0.5205078125 0.864756943359375 0.5369140625 0.84114583203125 0.5478515625 0.836979166015625 0.5830078125 0.770312498046875 0.5994140625 0.761979166015625 0.6134765625 0.743923611328125 0.6275390625 0.7133680546875 0.6361328125 0.680034720703125 0.6439453125 0.671701388671875 0.6533203125 0.677256943359375 0.6501953125 0.70364583203125 0.6517578125 0.734201388671875 0.6400390625 0.756423609375 0.6408203125 0.77170138671875 0.6322265625 0.795312498046875 0.6392578125 0.805034720703125 0.6400390625 0.817534720703125 0.6470703125 0.825868056640625 0.6462890625 0.85364583203125 0.6642578125 0.86614583203125 0.6767578125 0.859201388671875 0.6923828125 0.867534720703125 0.7025390625 0.88420138671875 0.7212890625 0.88559027734375 0.72265625 0.881944443359375 0.72265625 0.848611111328125 0.7103515625 0.648090279296875 0.6822265625 0.210590279296875 0.6689453125 0.0508680546875 0.333117671875 0.005859375
8 0.40234375 0.6875 0.4375 0.6875 0.443359375 0.69140625 0.443359375 0.7265625 0.427734375 0.7265625 0.416015625 0.72265625 0.40234375 0.72265625 0.40234375 0.689453125