11 0.46484375 0.58203125 0.478515625 0.572265625 0.484375 0.5703125 0.4921875 0.572265625 0.494140625 0.57421875 0.494140625 0.607421875 0.48828125 0.609375 0.486328125 0.61328125 0.455078125 0.6328125 0.453125 0.63671875 0.439453125 0.646484375 0.43359375 0.6484375 0.41796875 0.6484375 0.4140625 0.64453125 0.4140625 0.619140625 0.46484375 0.583984375
2 0.55859375 0.60546875 0.55859375 0.662109375 0.54296875 0.6640625 0.53515625 0.66796875 0.494140625 0.66796875 0.494140625 0.607421875 0.505859375 0.607421875 0.5078125 0.60546875 0.556640625 0.60546875
0 0.478515625 0.3671875 0.509765625 0.37890625 0.509765625 0.455078125 0.4921875 0.4609375 0.4453125 0.4609375 0.443359375 0.458984375 0.435546875 0.458984375 0.4296875 0.455078125 0.42578125 0.455078125 0.421875 0.451171875 0.4140625 0.44921875 0.4140625 0.375 0.421875 0.37109375 0.4296875 0.37109375 0.439453125 0.3671875 0.4765625 0.3671875
5 0.50390625 0.310546875 0.51171875 0.306640625 0.517578125 0.306640625 0.5234375 0.294921875 0.53125 0.287109375 0.546875 0.287109375 0.552734375 0.29296875 0.55859375 0.306640625 0.55859375 0.375 0.5546875 0.38671875 0.544921875 0.39453125 0.53515625 0.392578125 0.52734375 0.380859375 0.52734375 0.369140625 0.5234375 0.361328125 0.5234375 0.349609375 0.51953125 0.3359375 0.513671875 0.330078125 0.509765625 0.330078125 0.505859375 0.333984375 0.505859375 0.353515625 0.50390625 0.353515625 0.50390625 0.337890625 0.501953125 0.3359375 0.50390625 0.3125
6 0.486328125 0.14453125 0.4921875 0.158203125 0.501953125 0.1640625 0.5078125 0.171875 0.509765625 0.197265625 0.51171875 0.19921875 0.509765625 0.224609375 0.513671875 0.234375 0.513671875 0.2734375 0.505859375 0.28125 0.498046875 0.28515625 0.48046875 0.28515625 0.4765625 0.283203125 0.4765625 0.279296875 0.47265625 0.2734375 0.47265625 0.236328125 0.46875 0.23046875 0.46875 0.224609375 0.46484375 0.21484375 0.46484375 0.1796875 0.474609375 0.1640625 0.478515625 0.14453125 0.48046875 0.142578125 0.484375 0.14453125
10 0.6474609375 0.387434896484375 0.6498046875 0.36937933984375 0.6482421875 0.33743489453125 0.6419921875 0.322157119140625 0.6279296875 0.3096571171875 0.6068359375 0.30687933984375 0.5943359375 0.340212673828125 0.5912109375 0.376323783203125 0.5966796875 0.415212673828125 0.5912109375 0.4221571171875 0.58984375 0.43795573046875 0.58984375 0.440486798828125 0.6044921875 0.461046005859375 0.6341796875 0.47632378515625 0.6474609375 0.47632378515625 0.650390625 0.467209203125 0.650390625 0.466254341796875 0.6427734375 0.45271267578125 0.6451171875 0.44021267578125 0.6341796875 0.44437933984375 0.6310546875 0.44021267578125 0.6310546875 0.42493489453125 0.6341796875 0.4110460078125 0.6404296875 0.406879341796875 0.6474609375 0.387434896484375
1 0.4072265625 0.6293836796875 0.4080078125 0.609939236328125 0.3767578125 0.532161458984375 0.357379150390625 0.515625 0.356750486328125 0.515625 0.3470703125 0.518272568359375 0.3408203125 0.532161458984375 0.3423828125 0.557161458984375 0.3525390625 0.573828125 0.3736328125 0.62660590234375 0.38785400390625 0.63671875 0.40103759765625 0.63671875 0.4072265625 0.6293836796875
7 0.625 0.268713736328125 0.611588541015625 0.261566841796875 0.6004774296875 0.257660591796875 0.583984375 0.257660591796875 0.583984375 0.293312095703125 0.593532986328125 0.29906683984375 0.618532986328125 0.298285591796875 0.625 0.290750365234375 0.625 0.268713736328125
4 0.551046318359375 0.578125 0.563671875 0.57026909765625 0.564453125 0.56783854296875 0.564453125 0.539250578125 0.559765625 0.496657986328125 0.539453125 0.4786024296875 0.529296875 0.481380208984375 0.523828125 0.493880208984375 0.523046875 0.509157986328125 0.534765625 0.571657986328125 0.5384033203125 0.578125 0.551046318359375 0.578125
3 0.2916883671875 0.93619791796875 0.28335503515625 0.94088541796875 0.284743923828125 0.94635416796875 0.337521701171875 0.94401041796875 0.362521701171875 0.93229166796875 0.4041883671875 0.92291666796875 0.41391058984375 0.93151041796875 0.4680772578125 0.94401041796875 0.477799478515625 0.95729166796875 0.477799478515625 0.98229166796875 0.494140625 0.9947663828125 0.494140625 0.7887247734375 0.481966146484375 0.79557291796875 0.477799478515625 0.81119791796875 0.431966146484375 0.85651041796875 0.387521701171875 0.87994791796875 0.3736328125 0.89947916796875 0.359743923828125 0.90963541796875 0.327799478515625 0.92526041796875 0.2916883671875 0.93619791796875
12 0.6400390625 0.182465279296875 0.6392578125 0.194965279296875 0.6322265625 0.204687501953125 0.6408203125 0.22829861328125 0.6400390625 0.243576390625 0.6517578125 0.265798611328125 0.6501953125 0.29635416796875 0.6533203125 0.322743056640625 0.6439453125 0.328298611328125 0.6361328125 0.319965279296875 0.6275390625 0.2866319453125 0.6134765625 0.256076388671875 0.5994140625 0.238020833984375 0.5830078125 0.229687501953125 0.5478515625 0.163020833984375 0.5369140625 0.15885416796875 0.5205078125 0.135243056640625 0.5072265625 0.135243056640625 0.4923828125 0.12690972265625 0.4845703125 0.113020833984375 0.2798828125 0.11440972265625 0.2626953125 0.118576388671875 0.2619140625 0.168576390625 0.2666015625 0.23246527734375 0.2705078125 0.23385416796875 0.2681640625 0.257465279296875 0.2712890625 0.27690972265625 0.2712890625 0.3241319453125 0.2744140625 0.33385416796875 0.2705078125 0.36579861328125 0.3064453125 0.851909720703125 0.3134765625 0.98385416796875 0.316048177734375 0.994140625 0.333117671875 0.994140625 0.6689453125 0.9491319453125 0.6822265625 0.789409720703125 0.7103515625 0.351909720703125 0.72265625 0.151388888671875 0.72265625 0.118055556640625 0.7212890625 0.11440972265625 0.7025390625 0.11579861328125 0.6923828125 0.132465279296875 0.6767578125 0.140798611328125 0.6642578125 0.13385416796875 0.6462890625 0.14635416796875 0.6470703125 0.174131943359375 0.6400390625 0.182465279296875
8 0.443359375 0.271484375 0.443359375 0.306640625 0.4375 0.310546875 0.40234375 0.310546875 0.40234375 0.275390625 0.44140625 0.271484375