10 0.388671875 0.1887803828125 0.393359375 0.224891494140625 0.411328125 0.316558158203125 0.418087767578125 0.326171875 0.432333375 0.326171875 0.436328125 0.322113716796875 0.439453125 0.30961371484375 0.439453125 0.266468556640625 0.416015625 0.180447048828125 0.410546875 0.172113716796875 0.400390625 0.102669271484375 0.396484375 0.095724828125 0.391796875 0.097113716796875 0.386328125 0.105447048828125 0.386328125 0.112391494140625 0.388671875 0.1887803828125
5 0.5474609375 0.376432291015625 0.5490234375 0.358376736328125 0.5552734375 0.35559895703125 0.5599609375 0.379210068359375 0.564453125 0.3780691953125 0.564453125 0.352647568359375 0.5638671875 0.33754340234375 0.5521484375 0.31948784765625 0.5427734375 0.286154513671875 0.534287111328125 0.279296875 0.523134763671875 0.279296875 0.5146484375 0.286154513671875 0.5068359375 0.3028211796875 0.5060546875 0.322265625 0.5208984375 0.383376736328125 0.52760009765625 0.388671875 0.530126947265625 0.388671875 0.5396484375 0.38754340234375 0.5474609375 0.376432291015625
0 0.4248046875 0.562326388671875 0.4302734375 0.5859375 0.4451171875 0.6109375 0.4537109375 0.6109375 0.461328125 0.62109375 0.477587892578125 0.62109375 0.4888671875 0.619270833984375 0.5083984375 0.60121527734375 0.5185546875 0.580381943359375 0.5234375 0.55434027734375 0.5234375 0.53054219921875 0.5154296875 0.484548611328125 0.4998046875 0.462326388671875 0.4849609375 0.4539930546875 0.4662109375 0.455381943359375 0.4443359375 0.4734375 0.4310546875 0.497048611328125 0.4248046875 0.524826388671875 0.4248046875 0.562326388671875
2 0.3435546875 0.583203126953125 0.3482421875 0.60542534765625 0.3732421875 0.654036458984375 0.38299560546875 0.66015625 0.396640625 0.66015625 0.4146484375 0.6401475703125 0.41796875 0.625390625 0.41796875 0.595008681640625 0.4177734375 0.591536458984375 0.4037109375 0.548480904296875 0.3919921875 0.527647568359375 0.3818359375 0.520703126953125 0.3630859375 0.52486979296875 0.3552734375 0.533203125 0.3451171875 0.556814236328125 0.3435546875 0.583203126953125
6 0.595703125 0.56625433984375 0.59613715234375 0.56625433984375 0.62113715234375 0.570941841796875 0.6328125 0.56997605078125 0.6328125 0.53399323046875 0.595703125 0.533599380859375 0.595703125 0.56625433984375
11 0.33203125 0.44400644140625 0.33203125 0.475789388671875 0.346462673828125 0.474934896484375 0.380859375 0.46360915234375 0.380859375 0.427692330078125 0.374240451171875 0.427278646484375 0.33203125 0.44400644140625
1 0.58754340234375 0.4073133671875 0.6171875 0.40810740625 0.6171875 0.377288541015625 0.583984375 0.37702548828125 0.583984375 0.40750105078125 0.58754340234375 0.4073133671875
8 0.566623263671875 0.2237413203125 0.6015625 0.221401638671875 0.6015625 0.189155470703125 0.56640625 0.188795919921875 0.56640625 0.223714193359375 0.566623263671875 0.2237413203125
9 0.431640625 0.382718048828125 0.431640625 0.412655298828125 0.4565321171875 0.413433158203125 0.46484375 0.410705904296875 0.46484375 0.382033185546875 0.4384765625 0.380620658203125 0.431640625 0.382718048828125
7 0.40913628515625 0.360460068359375 0.403580728515625 0.360460068359375 0.37109375 0.370902310546875 0.37109375 0.402793181640625 0.3869140625 0.403428818359375 0.4140625 0.39509918359375 0.4140625 0.3646165625 0.40913628515625 0.360460068359375
4 0.521484375 0.55124578125 0.564453125 0.54577334765625 0.564453125 0.509071181640625 0.561892361328125 0.509071181640625 0.521484375 0.516808880859375 0.521484375 0.55124578125
12 0.698828125 0.520312501953125 0.694140625 0.49392361328125 0.688671875 0.39947916796875 0.684765625 0.385590279296875 0.685546875 0.35503472265625 0.680078125 0.33697916796875 0.682421875 0.31753472265625 0.679296875 0.235590279296875 0.676171875 0.2272569453125 0.677734375 0.198090279296875 0.671484375 0.116145833984375 0.669140625 0.11197916796875 0.653515625 0.11197916796875 0.592578125 0.1272569453125 0.565234375 0.125868056640625 0.350390625 0.153645833984375 0.334765625 0.15642361328125 0.317578125 0.16892361328125 0.278515625 0.718923611328125 0.262890625 0.97309027734375 0.264453125 0.99392361328125 0.328051130859375 0.994140625 0.68318483203125 0.994140625 0.7265625 0.989796068359375 0.7265625 0.965451390625 0.726171875 0.941145833984375 0.712890625 0.76753472265625 0.713671875 0.752256943359375 0.719140625 0.7383680546875 0.709765625 0.7147569453125 0.703515625 0.600868056640625 0.699609375 0.584201388671875 0.698828125 0.520312501953125
3 0.7234375 0.62886284765625 0.7234375 0.612196181640625 0.70703125 0.621918404296875 0.70234375 0.631640626953125 0.7015625 0.645529515625 0.68671875 0.6635850703125 0.671875 0.656640625 0.6546875 0.6635850703125 0.6390625 0.64830729296875 0.62578125 0.621918404296875 0.6125 0.614973958984375 0.60234375 0.617751734375 0.6015625 0.62886284765625 0.6171875 0.64830729296875 0.6359375 0.685807291015625 0.640625 0.7260850703125 0.663908833984375 0.771484375 0.66592041015625 0.771484375 0.68125 0.745529515625 0.6921875 0.737196181640625 0.70390625 0.73580729296875 0.7203125 0.7510850703125 0.7234375 0.748307291015625 0.7265625 0.706640626953125 0.71640625 0.658029515625 0.7234375 0.62886284765625