10 0.384765625 0.23056909765625 0.439453125 0.215668888671875 0.439453125 0.186720994140625 0.436697048828125 0.1868055546875 0.4005859375 0.1914930546875 0.384765625 0.1945941953125 0.384765625 0.23056909765625
5 0.5575086796875 0.31469183984375 0.564453125 0.3133131640625 0.564453125 0.30512826171875 0.539453125 0.30609808984375 0.5213975703125 0.31781683984375 0.50390625 0.3227362734375 0.50390625 0.362742783203125 0.50473090234375 0.36312933984375 0.52417534765625 0.36391058984375 0.564453125 0.354127208984375 0.564453125 0.321302416015625 0.560286458984375 0.32094183984375 0.5575086796875 0.31469183984375
0 0.4509765625 0.615451388671875 0.461027017578125 0.62109375 0.486147837890625 0.62109375 0.5064453125 0.60434027734375 0.5197265625 0.580729166015625 0.5234375 0.564236111328125 0.5234375 0.504489087890625 0.5205078125 0.49184027734375 0.5056640625 0.46684027734375 0.4970703125 0.46684027734375 0.4876953125 0.45434027734375 0.4619140625 0.458506943359375 0.4423828125 0.4765625 0.4322265625 0.497395833984375 0.4251953125 0.534895833984375 0.4353515625 0.593229166015625 0.4509765625 0.615451388671875
2 0.4092881953125 0.553971353515625 0.381510416015625 0.55553385546875 0.341796875 0.56850480859375 0.341796875 0.6260431015625 0.3467881953125 0.628190103515625 0.373177083984375 0.62975260546875 0.3953993046875 0.62506510546875 0.41796875 0.613457962890625 0.41796875 0.555924478515625 0.4092881953125 0.553971353515625
6 0.6328125 0.5065538203125 0.6310546875 0.4971788203125 0.6218994140625 0.486328125 0.6194824296875 0.486328125 0.6099609375 0.487456599609375 0.6021484375 0.502734375 0.6021484375 0.5332899296875 0.5974609375 0.558289931640625 0.6013671875 0.60551215234375 0.609033203125 0.619140625 0.6242578125 0.619140625 0.6302734375 0.612456599609375 0.6328125 0.598914931640625 0.6328125 0.5065538203125
11 0.3333984375 0.4360460078125 0.357195767578125 0.49609375 0.372692873046875 0.49609375 0.380859375 0.49125433984375 0.380859375 0.46323061328125 0.3623046875 0.406879341796875 0.3349609375 0.4110460078125 0.3333984375 0.4360460078125
1 0.6171875 0.378795453125 0.61714409765625 0.3787977421875 0.583984375 0.37790953515625 0.583984375 0.408794716796875 0.6171875 0.40905776953125 0.6171875 0.378795453125
8 0.585729986328125 0.259765625 0.59140625 0.258420140625 0.5984375 0.2500868046875 0.6015625 0.225086806640625 0.59765625 0.16675347265625 0.58671875 0.152864583984375 0.5765625 0.155642359375 0.5671875 0.169531248046875 0.56640625 0.245920140625 0.578442380859375 0.259765625 0.585729986328125 0.259765625
9 0.4583984375 0.413823783203125 0.46484375 0.411846244140625 0.46484375 0.381776935546875 0.4403428828125 0.381011283203125 0.431640625 0.3838667109375 0.431640625 0.412390328125 0.4583984375 0.413823783203125
7 0.3984375 0.344335935546875 0.39296875 0.34016926953125 0.371875 0.356835935546875 0.37109375 0.376280380859375 0.38046875 0.406835935546875 0.390625 0.42350260546875 0.4 0.41516926953125 0.4140625 0.398502603515625 0.4140625 0.392947046875 0.3984375 0.344335935546875
4 0.564453125 0.509071181640625 0.561892361328125 0.509071181640625 0.521484375 0.516808880859375 0.521484375 0.55124578125 0.564453125 0.54577334765625 0.564453125 0.509071181640625
12 0.325954861328125 0.36393229296875 0.2953993046875 0.36315104296875 0.27734375 0.36861979296875 0.26171875 0.366736421875 0.26171875 0.741945826171875 0.6592881953125 0.77018229296875 0.7265625 0.7743180078125 0.7265625 0.33437955859375 0.7078993046875 0.33580729296875 0.69262152734375 0.33502604296875 0.678732638671875 0.32955729296875 0.65512152734375 0.33893229296875 0.541232638671875 0.34518229296875 0.52456597265625 0.34908854296875 0.460677083984375 0.349869791015625 0.4342881953125 0.35455729296875 0.33984375 0.36002604296875 0.325954861328125 0.36393229296875
3 0.3630859375 0.4404296875 0.3599609375 0.46820746484375 0.3607421875 0.53626301953125 0.3515625 0.566182001953125 0.3515625 0.5716796875 0.352135359375 0.5859375 0.35779052734375 0.5859375 0.3701171875 0.57376301953125 0.3755859375 0.56126301953125 0.3763671875 0.55015191015625 0.3904296875 0.5279296875 0.4115234375 0.52515191015625 0.4232421875 0.514040798828125 0.4365234375 0.52376301953125 0.4474609375 0.547374130859375 0.4724609375 0.557096353515625 0.474609375 0.54563801953125 0.474609375 0.54407551953125 0.4716796875 0.53626301953125 0.4607421875 0.52376301953125 0.4451171875 0.494596353515625 0.4396484375 0.457096353515625 0.4201171875 0.419596353515625 0.4162109375 0.41820746484375 0.4099609375 0.43765191015625 0.3974609375 0.451540798828125 0.3818359375 0.4529296875 0.3630859375 0.4404296875