0 0.45043402734375 0.4618272578125 0.47543402734375 0.4626085078125 0.49487847265625 0.4579210078125 0.505989583984375 0.432139755859375 0.509765625 0.43054673828125 0.509765625 0.37963273828125 0.501822916015625 0.3743272578125 0.468489583984375 0.364171005859375 0.4407118046875 0.3649522578125 0.418489583984375 0.3704210078125 0.41015625 0.3751085078125 0.41015625 0.4457606796875 0.4282118046875 0.456358505859375 0.45043402734375 0.4618272578125
7 0.401171875 0.749891494140625 0.412890625 0.77905816015625 0.4163879375 0.783203125 0.4203552265625 0.783203125 0.428515625 0.77905816015625 0.443359375 0.760208955078125 0.443359375 0.748039642578125 0.442578125 0.742947048828125 0.431640625 0.719335939453125 0.428515625 0.705447048828125 0.424609375 0.7012803828125 0.412109375 0.709613716796875 0.398828125 0.727669271484375 0.397265625 0.731835939453125 0.401171875 0.749891494140625
8 0.3642578125 0.355403646484375 0.39453125 0.34554486328125 0.39453125 0.310920373046875 0.349609375 0.318559703125 0.349609375 0.355403646484375 0.3642578125 0.355403646484375
11 0.3379991328125 0.4336805546875 0.32421875 0.4411449296875 0.32421875 0.4645448125 0.32827691015625 0.4618055546875 0.360221353515625 0.4524305546875 0.375 0.444404220703125 0.375 0.418609080078125 0.3379991328125 0.4336805546875
2 0.5701171875 0.296809896484375 0.5716796875 0.334309896484375 0.5771484375 0.346809896484375 0.5857421875 0.3565321171875 0.6044921875 0.359309896484375 0.6154296875 0.3509765625 0.625 0.3315321171875 0.625 0.22882378515625 0.6232421875 0.22319878515625 0.6146484375 0.209309896484375 0.6083984375 0.2065321171875 0.5982421875 0.205143228515625 0.5841796875 0.212087673828125 0.5779296875 0.22319878515625 0.5724609375 0.242643228515625 0.5701171875 0.296809896484375
6 0.486740451171875 0.24652777734375 0.51953125 0.241257828125 0.51953125 0.210120306640625 0.48046875 0.213782416015625 0.48046875 0.246641578125 0.486740451171875 0.24652777734375
4 0.550634765625 0.58203125 0.563671875 0.574305556640625 0.564453125 0.571875 0.564453125 0.533017677734375 0.557421875 0.49097222265625 0.548046875 0.47847222265625 0.528515625 0.486805556640625 0.523828125 0.49791666796875 0.523046875 0.5131944453125 0.534765625 0.5756944453125 0.538330078125 0.58203125 0.550634765625 0.58203125
10 0.41460503515625 0.5598524296875 0.463216146484375 0.5411024296875 0.466796875 0.5404826875 0.466796875 0.47957695703125 0.4618272578125 0.4856336796875 0.45210503515625 0.4879774296875 0.45766058984375 0.4942274296875 0.45210503515625 0.5051649296875 0.406271701171875 0.5012586796875 0.380859375 0.50933814453125 0.380859375 0.56046475 0.41460503515625 0.5598524296875
1 0.4146484375 0.60123698046875 0.4154296875 0.580403646484375 0.4037109375 0.560959201171875 0.3919921875 0.5165147578125 0.3810546875 0.49984808984375 0.371903482421875 0.49609375 0.370846896484375 0.49609375 0.3662109375 0.533181423828125 0.3560546875 0.54984808984375 0.3693359375 0.577625869140625 0.3740234375 0.598459201171875 0.398611111328125 0.623046875 0.400067138671875 0.623046875 0.4060546875 0.620681423828125 0.4146484375 0.60123698046875
5 0.453125 0.633119466796875 0.453125 0.593159314453125 0.439518228515625 0.5918836796875 0.42007378515625 0.5973524296875 0.4034071171875 0.5981336796875 0.40234375 0.598582287109375 0.40234375 0.640880484375 0.4047960078125 0.6418836796875 0.436740451171875 0.6426649296875 0.453125 0.633119466796875
9 0.53515625 0.747417744140625 0.53515625 0.715519205078125 0.5294053828125 0.7125 0.498849826171875 0.71328125 0.49609375 0.715296630859375 0.49609375 0.746241251953125 0.498849826171875 0.7484375 0.51273871484375 0.75078125 0.53218316015625 0.74921875 0.53515625 0.747417744140625
3 0.338671875 0.96950955078125 0.325390625 0.979231771484375 0.299609375 0.979231771484375 0.285246060546875 0.998046875 0.415444865234375 0.998046875 0.431640625 0.9496231875 0.431640625 0.94578269921875 0.404296875 0.89312066015625 0.373828125 0.863953994140625 0.356640625 0.83062066015625 0.345703125 0.79450955078125 0.340441892578125 0.78515625 0.33898926171875 0.78515625 0.335546875 0.78617621484375 0.337109375 0.838953994140625 0.350390625 0.86812066015625 0.358203125 0.904231771484375 0.350390625 0.9153428828125 0.341796875 0.95006510546875 0.344921875 0.959787328125 0.338671875 0.96950955078125
12 0.3365234375 0.112608505859375 0.2701171875 0.115386283203125 0.2623046875 0.127886283203125 0.2732421875 0.27649739453125 0.2748046875 0.366775171875 0.2943359375 0.602886283203125 0.3169921875 0.984830728515625 0.3195263671875 0.99609375 0.340162869140625 0.99609375 0.4685546875 0.979275171875 0.4818359375 0.9737196171875 0.6693359375 0.954275171875 0.6763671875 0.93344183984375 0.7076171875 0.477886283203125 0.7279296875 0.1376085078125 0.7263671875 0.115386283203125 0.3365234375 0.112608505859375