11 0.474609375 0.32421875 0.478515625 0.32421875 0.48046875 0.33203125 0.4921875 0.3515625 0.494140625 0.359375 0.490234375 0.369140625 0.478515625 0.380859375 0.447265625 0.42578125 0.4453125 0.431640625 0.43359375 0.443359375 0.43359375 0.447265625 0.4296875 0.453125 0.419921875 0.43359375 0.419921875 0.4296875 0.416015625 0.42578125 0.416015625 0.41015625 0.419921875 0.400390625 0.431640625 0.388671875 0.4375 0.376953125 0.443359375 0.37109375 0.451171875 0.357421875 0.455078125 0.35546875 0.455078125 0.3515625 0.474609375 0.326171875
2 0.494140625 0.330078125 0.548828125 0.330078125 0.55078125 0.33203125 0.55859375 0.33203125 0.55859375 0.392578125 0.521484375 0.392578125 0.513671875 0.388671875 0.505859375 0.388671875 0.494140625 0.384765625 0.494140625 0.33203125
0 0.46875 0.51171875 0.482421875 0.517578125 0.494140625 0.53125 0.498046875 0.537109375 0.498046875 0.541015625 0.501953125 0.544921875 0.509765625 0.568359375 0.509765625 0.607421875 0.505859375 0.6171875 0.505859375 0.625 0.494140625 0.646484375 0.482421875 0.65625 0.4765625 0.65625 0.474609375 0.658203125 0.453125 0.65625 0.4375 0.646484375 0.4296875 0.63671875 0.42578125 0.625 0.421875 0.62109375 0.4140625 0.59375 0.4140625 0.564453125 0.416015625 0.5625 0.416015625 0.5546875 0.421875 0.537109375 0.427734375 0.52734375 0.44140625 0.513671875 0.466796875 0.51171875
5 0.501953125 0.62890625 0.55859375 0.62890625 0.55859375 0.68359375 0.544921875 0.68359375 0.54296875 0.685546875 0.51953125 0.68359375 0.51953125 0.681640625 0.5390625 0.681640625 0.54296875 0.677734375 0.54296875 0.673828125 0.537109375 0.66796875 0.5234375 0.6640625 0.51171875 0.6640625 0.501953125 0.66015625 0.501953125 0.630859375
6 0.4765625 0.71484375 0.48046875 0.712890625 0.498046875 0.712890625 0.505859375 0.716796875 0.513671875 0.724609375 0.513671875 0.763671875 0.509765625 0.7734375 0.51171875 0.798828125 0.509765625 0.80078125 0.5078125 0.826171875 0.501953125 0.833984375 0.4921875 0.83984375 0.486328125 0.853515625 0.48046875 0.85546875 0.4765625 0.84765625 0.474609375 0.833984375 0.46484375 0.818359375 0.46484375 0.783203125 0.466796875 0.78125 0.46875 0.767578125 0.47265625 0.76171875 0.47265625 0.724609375 0.4765625 0.716796875
10 0.6462890625 0.55687933984375 0.6337890625 0.523546005859375 0.6126953125 0.52632378515625 0.5986328125 0.53882378515625 0.5923828125 0.554101560546875 0.5908203125 0.586046005859375 0.5931640625 0.6041015625 0.6001953125 0.6235460078125 0.6064453125 0.627712673828125 0.6095703125 0.6416015625 0.6095703125 0.656879341796875 0.6064453125 0.6610460078125 0.5955078125 0.656879341796875 0.5978515625 0.669379341796875 0.5900390625 0.68326823046875 0.5931640625 0.692990451171875 0.6064453125 0.692990451171875 0.6361328125 0.677712673828125 0.650390625 0.6577017109375 0.650390625 0.6501085078125 0.6494140625 0.638823783203125 0.6439453125 0.63187933984375 0.6494140625 0.59299044921875 0.6462890625 0.55687933984375
1 0.376779513671875 0.445290798828125 0.3934461796875 0.455447048828125 0.408203125 0.456369357421875 0.408203125 0.41695653515625 0.34066840234375 0.389822048828125 0.33984375 0.389855181640625 0.33984375 0.430528642578125 0.376779513671875 0.445290798828125
7 0.583984375 0.73382936328125 0.591623263671875 0.742730033203125 0.616623263671875 0.743511283203125 0.625 0.7384628046875 0.625 0.702105033203125 0.6096788203125 0.702105033203125 0.598567708984375 0.706011283203125 0.583984375 0.713782666015625 0.583984375 0.73382936328125
4 0.534765625 0.428342013671875 0.523046875 0.490842013671875 0.523828125 0.506119791015625 0.529296875 0.518619791015625 0.539453125 0.5213975703125 0.559765625 0.503342013671875 0.564453125 0.460749421875 0.564453125 0.43216145703125 0.563671875 0.42973090234375 0.551046318359375 0.421875 0.5384033203125 0.421875 0.534765625 0.428342013671875
3 0.41391058984375 0.06848958203125 0.4041883671875 0.07708333203125 0.362521701171875 0.06770833203125 0.337521701171875 0.05598958203125 0.284743923828125 0.05364583203125 0.28335503515625 0.05911458203125 0.2916883671875 0.06380208203125 0.327799478515625 0.07473958203125 0.359743923828125 0.09036458203125 0.3736328125 0.10052083203125 0.387521701171875 0.12005208203125 0.431966146484375 0.14348958203125 0.477799478515625 0.18880208203125 0.481966146484375 0.20442708203125 0.494140625 0.2112752265625 0.494140625 0.0052336171875 0.477799478515625 0.01770833203125 0.477799478515625 0.04270833203125 0.4680772578125 0.05598958203125 0.41391058984375 0.06848958203125
12 0.6952256953125 0.22845051953125 0.259765625 0.2564443828125 0.259765625 0.637128115234375 0.6813368046875 0.66829426953125 0.71328125 0.66438801953125 0.72265625 0.667401412109375 0.72265625 0.2984375 0.7188368046875 0.29485676953125 0.72265625 0.28841145703125 0.72265625 0.22676728125 0.6952256953125 0.22845051953125
8 0.40234375 0.6875 0.421875 0.6875 0.43359375 0.69140625 0.443359375 0.69140625 0.443359375 0.728515625 0.41796875 0.728515625 0.408203125 0.724609375 0.40234375 0.71875 0.40234375 0.689453125