0 0.4134765625 0.434201390625 0.4189453125 0.456423609375 0.4322265625 0.480034720703125 0.4440266953125 0.486328125 0.468230326171875 0.486328125 0.4861328125 0.47864583203125 0.5048828125 0.446701388671875 0.509765625 0.42686012109375 0.509765625 0.393807869140625 0.5064453125 0.380034720703125 0.4806640625 0.368923611328125 0.4759765625 0.357812498046875 0.4759765625 0.345312498046875 0.4720703125 0.3397569453125 0.4595703125 0.3397569453125 0.4376953125 0.3508680546875 0.4228515625 0.37309027734375 0.4126953125 0.406423609375 0.4134765625 0.434201390625
7 0.443359375 0.724898818359375 0.436653646484375 0.719618056640625 0.4213758671875 0.721961806640625 0.3977647578125 0.732899306640625 0.396484375 0.733187392578125 0.396484375 0.7586401796875 0.40609808984375 0.765711806640625 0.4102647578125 0.767274306640625 0.4283203125 0.763368056640625 0.443359375 0.757325576171875 0.443359375 0.724898818359375
8 0.3497178828125 0.355794271484375 0.39453125 0.348173392578125 0.39453125 0.311263021484375 0.3802734375 0.311263021484375 0.349609375 0.321249015625 0.349609375 0.355794271484375 0.3497178828125 0.355794271484375
11 0.360546875 0.4298828125 0.340340169921875 0.392578125 0.328460693359375 0.392578125 0.326171875 0.40071614453125 0.327734375 0.41321614453125 0.332421875 0.42016058984375 0.341796875 0.452105033203125 0.36356580078125 0.4921875 0.364056396484375 0.4921875 0.369140625 0.489605033203125 0.375 0.4791883671875 0.375 0.4653656171875 0.360546875 0.4298828125
2 0.5876953125 0.35874566015625 0.592297361328125 0.359375 0.5993896484375 0.359375 0.6119140625 0.353190103515625 0.6181640625 0.3420789921875 0.6236328125 0.322634548828125 0.625 0.291037326171875 0.625 0.245030380859375 0.6244140625 0.230967880859375 0.6189453125 0.218467880859375 0.6103515625 0.20874566015625 0.5916015625 0.205967880859375 0.5806640625 0.21430121484375 0.5697265625 0.2365234375 0.5689453125 0.3295789921875 0.5728515625 0.3420789921875 0.5814453125 0.355967880859375 0.5876953125 0.35874566015625
6 0.51953125 0.262955728515625 0.519140625 0.241427951171875 0.506640625 0.163650173828125 0.4976904296875 0.150390625 0.49537760546875 0.150390625 0.484765625 0.153927951171875 0.48046875 0.16538628515625 0.48046875 0.184483505859375 0.488671875 0.271983505859375 0.499609375 0.296983505859375 0.506109619140625 0.3046875 0.508764646484375 0.3046875 0.511328125 0.303927951171875 0.51953125 0.28536734375 0.51953125 0.262955728515625
4 0.5327256953125 0.552039931640625 0.564453125 0.546734162109375 0.564453125 0.50920212890625 0.561892361328125 0.509071181640625 0.521484375 0.5166476796875 0.521484375 0.5524351328125 0.5327256953125 0.552039931640625
10 0.466796875 0.5404826875 0.466796875 0.47957695703125 0.4618272578125 0.4856336796875 0.45210503515625 0.4879774296875 0.45766058984375 0.4942274296875 0.45210503515625 0.5051649296875 0.406271701171875 0.5012586796875 0.380859375 0.50933814453125 0.380859375 0.56046475 0.41460503515625 0.5598524296875 0.463216146484375 0.5411024296875 0.466796875 0.5404826875
1 0.4037109375 0.560959201171875 0.3919921875 0.5165147578125 0.3810546875 0.49984808984375 0.371903482421875 0.49609375 0.370846896484375 0.49609375 0.3662109375 0.533181423828125 0.3560546875 0.54984808984375 0.3693359375 0.577625869140625 0.3740234375 0.598459201171875 0.398611111328125 0.623046875 0.400067138671875 0.623046875 0.4060546875 0.620681423828125 0.4146484375 0.60123698046875 0.4154296875 0.580403646484375 0.4037109375 0.560959201171875
5 0.420290798828125 0.5934461796875 0.40234375 0.6039019375 0.40234375 0.642805310546875 0.417513021484375 0.6442274296875 0.43695746484375 0.6387586796875 0.453125 0.638000826171875 0.453125 0.594591421875 0.4522352421875 0.5942274296875 0.420290798828125 0.5934461796875
9 0.5294053828125 0.7125 0.498849826171875 0.71328125 0.49609375 0.715296630859375 0.49609375 0.746241251953125 0.498849826171875 0.7484375 0.51273871484375 0.75078125 0.53218316015625 0.74921875 0.53515625 0.747417744140625 0.53515625 0.715519205078125 0.5294053828125 0.7125
3 0.380859375 0.94437933984375 0.367578125 0.91521267578125 0.359765625 0.879101564453125 0.367578125 0.867990453125 0.376171875 0.83326823046875 0.373046875 0.8235460078125 0.379296875 0.81382378515625 0.392578125 0.804101564453125 0.418359375 0.804101564453125 0.431640625 0.78670390234375 0.431640625 0.78515625 0.302567435546875 0.78515625 0.285546875 0.8360460078125 0.313671875 0.89021267578125 0.344140625 0.919379341796875 0.361328125 0.95271267578125 0.372265625 0.98882378515625 0.37745361328125 0.998046875 0.37941894921875 0.998046875 0.382421875 0.997157119140625 0.380859375 0.94437933984375
12 0.26171875 0.365627775390625 0.26171875 0.746508357421875 0.572981771484375 0.7678602421875 0.728515625 0.77714466015625 0.728515625 0.33427888671875 0.6840928828125 0.3350477421875 0.447981771484375 0.3545789921875 0.26171875 0.365627775390625