10 0.388671875 0.1887803828125 0.393359375 0.224891494140625 0.411328125 0.316558158203125 0.418087767578125 0.326171875 0.432333375 0.326171875 0.436328125 0.322113716796875 0.439453125 0.30961371484375 0.439453125 0.266468556640625 0.416015625 0.180447048828125 0.410546875 0.172113716796875 0.400390625 0.102669271484375 0.396484375 0.095724828125 0.391796875 0.097113716796875 0.386328125 0.105447048828125 0.386328125 0.112391494140625 0.388671875 0.1887803828125
5 0.532421875 0.36195746484375 0.5504774296875 0.35023871484375 0.564453125 0.34630805078125 0.564453125 0.304818095703125 0.54769965234375 0.30414496484375 0.50390625 0.314782283203125 0.50390625 0.346448900390625 0.511588541015625 0.34711371484375 0.5143663203125 0.35336371484375 0.50390625 0.355440345703125 0.50390625 0.363063673828125 0.532421875 0.36195746484375
0 0.4248046875 0.562326388671875 0.4302734375 0.5859375 0.4451171875 0.6109375 0.4537109375 0.6109375 0.461328125 0.62109375 0.477587892578125 0.62109375 0.4888671875 0.619270833984375 0.5083984375 0.60121527734375 0.5185546875 0.580381943359375 0.5234375 0.55434027734375 0.5234375 0.53054219921875 0.5154296875 0.484548611328125 0.4998046875 0.462326388671875 0.4849609375 0.4539930546875 0.4662109375 0.455381943359375 0.4443359375 0.4734375 0.4310546875 0.497048611328125 0.4248046875 0.524826388671875 0.4248046875 0.562326388671875
2 0.41796875 0.613457962890625 0.41796875 0.555924478515625 0.4092881953125 0.553971353515625 0.381510416015625 0.55553385546875 0.341796875 0.56850480859375 0.341796875 0.6260431015625 0.3467881953125 0.628190103515625 0.373177083984375 0.62975260546875 0.3953993046875 0.62506510546875 0.41796875 0.613457962890625
6 0.595703125 0.5715333046875 0.6328125 0.571927154296875 0.6328125 0.53886990234375 0.61011284765625 0.53461371484375 0.595703125 0.5358056953125 0.595703125 0.5715333046875
11 0.380859375 0.462699513671875 0.3587890625 0.407009548828125 0.3455078125 0.407009548828125 0.3337890625 0.413953994140625 0.3353515625 0.4403428828125 0.353708556640625 0.49609375 0.361934408203125 0.49609375 0.380859375 0.4932099453125 0.380859375 0.462699513671875
1 0.607430013671875 0.470703125 0.60888671875 0.470703125 0.6162109375 0.461588541015625 0.6171875 0.454644095703125 0.6171875 0.346465083984375 0.6115234375 0.324088541015625 0.6029296875 0.31575520703125 0.5912109375 0.32269965234375 0.5857421875 0.333810763671875 0.5880859375 0.37825520703125 0.5865234375 0.436588541015625 0.5951171875 0.4629774296875 0.607430013671875 0.470703125
8 0.56640625 0.245920140625 0.578442380859375 0.259765625 0.585729986328125 0.259765625 0.59140625 0.258420140625 0.5984375 0.2500868046875 0.6015625 0.225086806640625 0.59765625 0.16675347265625 0.58671875 0.152864583984375 0.5765625 0.155642359375 0.5671875 0.169531248046875 0.56640625 0.245920140625
9 0.431640625 0.3838667109375 0.431640625 0.412390328125 0.4583984375 0.413823783203125 0.46484375 0.411846244140625 0.46484375 0.381776935546875 0.4403428828125 0.381011283203125 0.431640625 0.3838667109375
7 0.37109375 0.365386283203125 0.37109375 0.370941841796875 0.38671875 0.419552953125 0.3921875 0.423719619140625 0.41328125 0.407052953125 0.4140625 0.3876085078125 0.4046875 0.357052953125 0.39453125 0.340386283203125 0.38515625 0.3487196171875 0.37109375 0.365386283203125
4 0.559765625 0.5756944453125 0.564453125 0.56423611328125 0.564453125 0.5397569453125 0.553515625 0.482638890625 0.541015625 0.477083333984375 0.528515625 0.484027779296875 0.522265625 0.495138890625 0.531640625 0.568750001953125 0.540605466796875 0.58203125 0.54265625390625 0.58203125 0.559765625 0.5756944453125
12 0.724609375 0.11440972265625 0.317578125 0.113020833984375 0.262109375 0.118576388671875 0.262890625 0.1671875 0.276171875 0.34079861328125 0.275390625 0.356076390625 0.269921875 0.369965279296875 0.279296875 0.393576390625 0.285546875 0.507465279296875 0.289453125 0.5241319453125 0.290234375 0.58802083203125 0.294921875 0.61440972265625 0.300390625 0.70885416796875 0.304296875 0.7227430546875 0.303515625 0.75329861328125 0.308984375 0.77135416796875 0.306640625 0.79079861328125 0.309765625 0.872743056640625 0.312890625 0.881076390625 0.311328125 0.9102430546875 0.317578125 0.9921875 0.3186767578125 0.994140625 0.344375884765625 0.994140625 0.396484375 0.981076388671875 0.423828125 0.98246527734375 0.638671875 0.954687501953125 0.654296875 0.95190972265625 0.671484375 0.93940972265625 0.710546875 0.38940972265625 0.726171875 0.135243056640625 0.724609375 0.11440972265625
3 0.528146701171875 0.54811198046875 0.537868923828125 0.54733073046875 0.54203558984375 0.54186198046875 0.54203558984375 0.51529948046875 0.530924478515625 0.51842448046875 0.51148003515625 0.54029948046875 0.4767578125 0.56529948046875 0.458984375 0.5672989921875 0.458984375 0.64228573828125 0.512868923828125 0.63795573046875 0.537868923828125 0.62779948046875 0.562868923828125 0.62233073046875 0.5859375 0.62063819921875 0.5859375 0.604529123046875 0.5698133671875 0.60592448046875 0.555924478515625 0.60045573046875 0.52953558984375 0.59654948046875 0.5267578125 0.57936198046875 0.515646701171875 0.57233073046875 0.512868923828125 0.56217448046875 0.518424478515625 0.55358073046875 0.528146701171875 0.54811198046875