11 0.427734375 0.3984375 0.431640625 0.396484375 0.48046875 0.32421875 0.484375 0.326171875 0.484375 0.330078125 0.494140625 0.349609375 0.494140625 0.373046875 0.478515625 0.392578125 0.4609375 0.419921875 0.45703125 0.421875 0.45703125 0.42578125 0.4375 0.453125 0.43359375 0.453125 0.4296875 0.44921875 0.4296875 0.4453125 0.41796875 0.42578125 0.41796875 0.412109375 0.427734375 0.400390625
0 0.46875 0.51171875 0.482421875 0.517578125 0.494140625 0.53125 0.498046875 0.537109375 0.498046875 0.541015625 0.501953125 0.544921875 0.501953125 0.548828125 0.505859375 0.552734375 0.505859375 0.55859375 0.509765625 0.568359375 0.509765625 0.607421875 0.5078125 0.609375 0.505859375 0.623046875 0.501953125 0.62890625 0.501953125 0.634765625 0.490234375 0.650390625 0.482421875 0.65625 0.4765625 0.65625 0.474609375 0.658203125 0.453125 0.65625 0.4375 0.646484375 0.4296875 0.63671875 0.42578125 0.625 0.421875 0.62109375 0.4140625 0.59375 0.4140625 0.564453125 0.416015625 0.5625 0.416015625 0.5546875 0.421875 0.537109375 0.427734375 0.52734375 0.44140625 0.513671875 0.466796875 0.51171875
5 0.501953125 0.62890625 0.537109375 0.62890625 0.5390625 0.630859375 0.541015625 0.62890625 0.55859375 0.62890625 0.55859375 0.68359375 0.544921875 0.68359375 0.54296875 0.685546875 0.537109375 0.68359375 0.51953125 0.68359375 0.51953125 0.681640625 0.5390625 0.681640625 0.54296875 0.67578125 0.537109375 0.66796875 0.5234375 0.6640625 0.51171875 0.6640625 0.501953125 0.66015625 0.501953125 0.630859375
6 0.494140625 0.712890625 0.501953125 0.712890625 0.505859375 0.732421875 0.515625 0.748046875 0.515625 0.78515625 0.51171875 0.79296875 0.51171875 0.798828125 0.5078125 0.8046875 0.5078125 0.841796875 0.50390625 0.84765625 0.50390625 0.8515625 0.5 0.853515625 0.484375 0.853515625 0.470703125 0.845703125 0.46484375 0.8359375 0.466796875 0.802734375 0.470703125 0.794921875 0.470703125 0.78125 0.46875 0.779296875 0.470703125 0.748046875 0.474609375 0.736328125 0.48828125 0.7265625 0.490234375 0.71875 0.494140625 0.71484375
1 0.35234375 0.48589409765625 0.3765625 0.467838541015625 0.4078125 0.39144965234375 0.409375 0.3831163203125 0.40625 0.367838541015625 0.393798828125 0.361328125 0.39229058203125 0.361328125 0.3734375 0.37339409765625 0.3421875 0.442838541015625 0.340625 0.467838541015625 0.35234375 0.48589409765625
10 0.6474609375 0.56382378515625 0.6435546875 0.542990451171875 0.6341796875 0.5235460078125 0.6232421875 0.522157119140625 0.6076171875 0.530490451171875 0.5998046875 0.537434896484375 0.5919921875 0.556879341796875 0.5935546875 0.6041015625 0.5990234375 0.622157119140625 0.6076171875 0.627712673828125 0.6123046875 0.65132378515625 0.6060546875 0.6610460078125 0.5958984375 0.655490451171875 0.5974609375 0.67076823046875 0.5912109375 0.680490451171875 0.5912109375 0.68882378515625 0.5951171875 0.694379341796875 0.6029296875 0.694379341796875 0.6318359375 0.680490451171875 0.650390625 0.656740451171875 0.650390625 0.64507378515625 0.6498046875 0.63882378515625 0.6435546875 0.63326823046875 0.6498046875 0.592990451171875 0.6474609375 0.56382378515625
7 0.60234375 0.755121525390625 0.62421875 0.737065970703125 0.6265625 0.71623263671875 0.61484375 0.69123263671875 0.59453125 0.6953993046875 0.588510744140625 0.689453125 0.58705078125 0.689453125 0.584375 0.6953993046875 0.584375 0.717621525390625 0.58828125 0.72873263671875 0.60234375 0.755121525390625
3 0.430078125 0.132009546875 0.421484375 0.120898435546875 0.430078125 0.082009546875 0.443359375 0.0514539921875 0.444921875 0.00423176953125 0.44043579296875 0.001953125 0.43917236328125 0.001953125 0.435546875 0.008398435546875 0.422265625 0.050065103515625 0.408203125 0.077842880859375 0.375390625 0.10978732421875 0.354296875 0.1514539921875 0.305859375 0.195898435546875 0.294140625 0.200065103515625 0.28582763671875 0.21484375 0.494140625 0.21484375 0.494140625 0.21335875390625 0.479296875 0.194509546875 0.453515625 0.194509546875 0.441796875 0.18617621484375 0.430078125 0.132009546875
12 0.7046875 0.352734375 0.709375 0.329123263671875 0.7078125 0.315234373046875 0.71875 0.2596788203125 0.7125 0.236067708984375 0.715625 0.216623263671875 0.7171875 0.145789931640625 0.72265625 0.10568576171875 0.72265625 0.0116849921875 0.7171875 0.013845484375 0.7140625 0.0082899296875 0.701757814453125 0.005859375 0.501318359375 0.005859375 0.48984375 0.022178818359375 0.46640625 0.026345486328125 0.45078125 0.048567708984375 0.43828125 0.054123263671875 0.40625 0.116623263671875 0.38515625 0.13051215234375 0.3671875 0.1596788203125 0.346875 0.1346788203125 0.34765625 0.116623263671875 0.3546875 0.094401041015625 0.34765625 0.08606770703125 0.340625 0.065234373046875 0.340625 0.037456595703125 0.32734375 0.031901041015625 0.3265625 0.026345486328125 0.3140625 0.029123263671875 0.29453125 0.02356770703125 0.28359375 0.00690104296875 0.2712890625 0.005859375 0.2669921875 0.005859375 0.26328125 0.012456595703125 0.26328125 0.029123263671875 0.284375 0.38051215234375 0.3171875 0.838845486328125 0.4703125 0.859678818359375 0.47578125 0.85412326171875 0.49375 0.852734373046875 0.50234375 0.863845484375 0.66837023828125 0.888671875 0.66958984375 0.888671875 0.67421875 0.87495659765625 0.6875 0.63051215234375 0.6953125 0.551345486328125 0.7046875 0.352734375
4 0.535546875 0.42556423828125 0.523046875 0.49223090234375 0.523046875 0.503342013671875 0.528515625 0.51723090234375 0.539453125 0.5213975703125 0.558984375 0.50473090234375 0.564453125 0.459036458984375 0.564453125 0.43216145703125 0.563671875 0.42973090234375 0.551046318359375 0.421875 0.54384765625 0.421875 0.535546875 0.42556423828125
8 0.41796875 0.658203125 0.421875 0.65625 0.435546875 0.65625 0.443359375 0.66796875 0.443359375 0.701171875 0.44140625 0.703125 0.435546875 0.744140625 0.427734375 0.755859375 0.416015625 0.755859375 0.40625 0.748046875 0.40234375 0.736328125 0.40234375 0.71875 0.41015625 0.693359375 0.41015625 0.685546875 0.4140625 0.677734375 0.4140625 0.66796875 0.41796875 0.66015625
11 0.474609375 0.32421875 0.478515625 0.32421875 0.482421875 0.328125 0.482421875 0.33203125 0.494140625 0.3515625 0.494140625 0.365234375 0.4921875 0.369140625 0.48046875 0.380859375 0.431640625 0.453125 0.427734375 0.451171875 0.419921875 0.4296875 0.416015625 0.42578125 0.416015625 0.41015625 0.41796875 0.404296875 0.474609375 0.326171875
2 0.494140625 0.39235761328125 0.49476996484375 0.392599826171875 0.5100477421875 0.394943576171875 0.55726996484375 0.395724826171875 0.55859375 0.39537733203125 0.55859375 0.336558654296875 0.5364366328125 0.331662326171875 0.4975477421875 0.330881076171875 0.494140625 0.331839328125 0.494140625 0.39235761328125
3 0.4361328125 0.06223958203125 0.42641058984375 0.06770833203125 0.412521701171875 0.06848958203125 0.40835503515625 0.07552083203125 0.362521701171875 0.06770833203125 0.34585503515625 0.05833333203125 0.3305772578125 0.05442708203125 0.284743923828125 0.05364583203125 0.28335503515625 0.05911458203125 0.2916883671875 0.06380208203125 0.327799478515625 0.07473958203125 0.3555772578125 0.08802083203125 0.3736328125 0.10052083203125 0.3791883671875 0.11302083203125 0.3916883671875 0.12317708203125 0.4416883671875 0.14895833203125 0.4541883671875 0.16536458203125 0.47641058984375 0.18333333203125 0.4791883671875 0.20130208203125 0.494140625 0.211006671875 0.494140625 0.005192056640625 0.47641058984375 0.01848958203125 0.47641058984375 0.04505208203125 0.4666883671875 0.05677083203125 0.4361328125 0.06223958203125