11 0.48046875 0.32421875 0.490234375 0.34375 0.490234375 0.34765625 0.494140625 0.3515625 0.494140625 0.3671875 0.4921875 0.373046875 0.482421875 0.38671875 0.478515625 0.388671875 0.47265625 0.400390625 0.466796875 0.40625 0.458984375 0.419921875 0.455078125 0.421875 0.455078125 0.42578125 0.435546875 0.453125 0.431640625 0.453125 0.4296875 0.4453125 0.41796875 0.42578125 0.416015625 0.419921875 0.41796875 0.412109375 0.427734375 0.3984375 0.431640625 0.396484375 0.462890625 0.3515625 0.46484375 0.345703125 0.4765625 0.333984375 0.478515625 0.326171875
2 0.537109375 0.291015625 0.546875 0.298828125 0.556640625 0.318359375 0.556640625 0.32421875 0.55859375 0.326171875 0.55859375 0.3671875 0.5546875 0.375 0.5546875 0.3828125 0.55078125 0.392578125 0.55078125 0.40625 0.546875 0.412109375 0.546875 0.416015625 0.53515625 0.4296875 0.529296875 0.431640625 0.513671875 0.4296875 0.50390625 0.41796875 0.498046875 0.404296875 0.498046875 0.3984375 0.49609375 0.396484375 0.49609375 0.33984375 0.498046875 0.337890625 0.498046875 0.32421875 0.5078125 0.30078125 0.521484375 0.291015625 0.53515625 0.291015625
0 0.4921875 0.537109375 0.509765625 0.54296875 0.509765625 0.619140625 0.478515625 0.630859375 0.439453125 0.630859375 0.4296875 0.626953125 0.421875 0.626953125 0.4140625 0.623046875 0.4140625 0.548828125 0.421875 0.546875 0.42578125 0.54296875 0.4296875 0.54296875 0.435546875 0.5390625 0.443359375 0.5390625 0.4453125 0.537109375 0.490234375 0.537109375
5 0.548828125 0.60546875 0.5546875 0.611328125 0.55859375 0.623046875 0.55859375 0.69140625 0.552734375 0.705078125 0.546875 0.7109375 0.53125 0.7109375 0.5234375 0.703125 0.517578125 0.69140625 0.51171875 0.69140625 0.50390625 0.6875 0.50390625 0.669921875 0.501953125 0.66796875 0.50390625 0.64453125 0.505859375 0.64453125 0.505859375 0.6640625 0.509765625 0.66796875 0.513671875 0.66796875 0.51953125 0.662109375 0.521484375 0.65625 0.5234375 0.63671875 0.52734375 0.62890625 0.52734375 0.6171875 0.53125 0.609375 0.5390625 0.603515625 0.544921875 0.603515625 0.546875 0.60546875
6 0.46484375 0.759765625 0.470703125 0.759765625 0.48046875 0.763671875 0.4921875 0.763671875 0.494140625 0.76171875 0.513671875 0.763671875 0.513671875 0.80859375 0.490234375 0.80859375 0.46484375 0.80078125 0.46484375 0.76171875
10 0.616080728515625 0.63548176953125 0.635525173828125 0.628450521484375 0.63969183984375 0.622200521484375 0.650390625 0.619793294921875 0.650390625 0.579556478515625 0.6438585078125 0.58470051953125 0.6049696171875 0.579231771484375 0.58984375 0.580540740234375 0.58984375 0.63742534375 0.598025173828125 0.637825521484375 0.616080728515625 0.63548176953125
1 0.408203125 0.456369357421875 0.408203125 0.41695653515625 0.34066840234375 0.389822048828125 0.33984375 0.389855181640625 0.33984375 0.430528642578125 0.376779513671875 0.445290798828125 0.3934461796875 0.455447048828125 0.408203125 0.456369357421875
7 0.5849609375 0.717621525390625 0.5888671875 0.72873263671875 0.6029296875 0.755121525390625 0.625 0.736179955078125 0.625 0.7084085625 0.6146484375 0.69123263671875 0.5990234375 0.6953993046875 0.590327150390625 0.689453125 0.58839925 0.689453125 0.5849609375 0.696788193359375 0.5849609375 0.717621525390625
4 0.523828125 0.506119791015625 0.529296875 0.518619791015625 0.539453125 0.5213975703125 0.559765625 0.503342013671875 0.564453125 0.460749421875 0.564453125 0.43216145703125 0.563671875 0.42973090234375 0.551046318359375 0.421875 0.5384033203125 0.421875 0.534765625 0.428342013671875 0.523046875 0.490842013671875 0.523828125 0.506119791015625
3 0.348502603515625 0.07317708203125 0.302669271484375 0.02786458203125 0.298502603515625 0.01223958203125 0.283224826171875 0.00364583203125 0.283224826171875 0.21380208203125 0.302669271484375 0.19895833203125 0.302669271484375 0.17395833203125 0.3123914921875 0.16067708203125 0.36655816015625 0.14817708203125 0.3762803828125 0.13958333203125 0.417947048828125 0.14895833203125 0.442947048828125 0.16067708203125 0.494140625 0.16295048046875 0.494140625 0.15587971875 0.4887803828125 0.15286458203125 0.452669271484375 0.14192708203125 0.420724826171875 0.12630208203125 0.4068359375 0.11614583203125 0.392947048828125 0.09661458203125 0.348502603515625 0.07317708203125
12 0.259765625 0.637128115234375 0.6813368046875 0.66829426953125 0.71328125 0.66438801953125 0.72265625 0.667401412109375 0.72265625 0.2984375 0.7188368046875 0.29485676953125 0.72265625 0.28841145703125 0.72265625 0.22676728125 0.6952256953125 0.22845051953125 0.259765625 0.2564443828125 0.259765625 0.637128115234375
8 0.4375 0.66015625 0.443359375 0.669921875 0.443359375 0.71875 0.435546875 0.728515625 0.43359375 0.744140625 0.4296875 0.75 0.4296875 0.75390625 0.419921875 0.7578125 0.412109375 0.755859375 0.404296875 0.74609375 0.404296875 0.708984375 0.408203125 0.697265625 0.408203125 0.68359375 0.412109375 0.673828125 0.412109375 0.666015625 0.419921875 0.65625 0.43359375 0.65625 0.435546875 0.66015625