11 0.43359375 0.349609375 0.443359375 0.353515625 0.455078125 0.365234375 0.486328125 0.384765625 0.48828125 0.388671875 0.494140625 0.390625 0.494140625 0.423828125 0.486328125 0.427734375 0.474609375 0.423828125 0.462890625 0.412109375 0.4140625 0.37890625 0.4140625 0.353515625 0.41796875 0.349609375 0.431640625 0.349609375
2 0.494140625 0.330078125 0.53515625 0.330078125 0.54296875 0.333984375 0.55859375 0.3359375 0.55859375 0.392578125 0.5078125 0.392578125 0.505859375 0.390625 0.494140625 0.390625 0.494140625 0.33203125
0 0.4921875 0.537109375 0.509765625 0.54296875 0.509765625 0.619140625 0.478515625 0.630859375 0.439453125 0.630859375 0.4296875 0.626953125 0.421875 0.626953125 0.4140625 0.623046875 0.4140625 0.548828125 0.421875 0.546875 0.42578125 0.54296875 0.4296875 0.54296875 0.435546875 0.5390625 0.443359375 0.5390625 0.4453125 0.537109375 0.490234375 0.537109375
5 0.548828125 0.60546875 0.5546875 0.611328125 0.55859375 0.623046875 0.55859375 0.69140625 0.552734375 0.705078125 0.546875 0.7109375 0.53125 0.7109375 0.5234375 0.703125 0.517578125 0.69140625 0.51171875 0.69140625 0.50390625 0.6875 0.50390625 0.669921875 0.501953125 0.66796875 0.50390625 0.64453125 0.505859375 0.64453125 0.505859375 0.6640625 0.509765625 0.66796875 0.513671875 0.66796875 0.51953125 0.662109375 0.521484375 0.65625 0.5234375 0.63671875 0.52734375 0.62890625 0.52734375 0.6171875 0.53125 0.609375 0.5390625 0.603515625 0.544921875 0.603515625 0.546875 0.60546875
6 0.4765625 0.71484375 0.48046875 0.712890625 0.498046875 0.712890625 0.505859375 0.716796875 0.513671875 0.724609375 0.513671875 0.763671875 0.509765625 0.7734375 0.51171875 0.798828125 0.509765625 0.80078125 0.5078125 0.826171875 0.501953125 0.833984375 0.4921875 0.83984375 0.486328125 0.853515625 0.48046875 0.85546875 0.4765625 0.84765625 0.474609375 0.833984375 0.46484375 0.818359375 0.46484375 0.783203125 0.466796875 0.78125 0.46875 0.767578125 0.47265625 0.76171875 0.47265625 0.724609375 0.4765625 0.716796875
10 0.6462890625 0.55687933984375 0.6337890625 0.523546005859375 0.6126953125 0.52632378515625 0.5986328125 0.53882378515625 0.5923828125 0.554101560546875 0.5908203125 0.586046005859375 0.5931640625 0.6041015625 0.6001953125 0.6235460078125 0.6064453125 0.627712673828125 0.6095703125 0.6416015625 0.6095703125 0.656879341796875 0.6064453125 0.6610460078125 0.5955078125 0.656879341796875 0.5978515625 0.669379341796875 0.5900390625 0.68326823046875 0.5931640625 0.692990451171875 0.6064453125 0.692990451171875 0.6361328125 0.677712673828125 0.650390625 0.6577017109375 0.650390625 0.6501085078125 0.6494140625 0.638823783203125 0.6439453125 0.63187933984375 0.6494140625 0.59299044921875 0.6462890625 0.55687933984375
1 0.33984375 0.430108740234375 0.40776909765625 0.457400173828125 0.408203125 0.457382734375 0.408203125 0.41653745703125 0.371657986328125 0.401931423828125 0.3549913203125 0.391775173828125 0.33984375 0.390828451171875 0.33984375 0.430108740234375
7 0.583984375 0.73382936328125 0.591623263671875 0.742730033203125 0.616623263671875 0.743511283203125 0.625 0.7384628046875 0.625 0.702105033203125 0.6096788203125 0.702105033203125 0.598567708984375 0.706011283203125 0.583984375 0.713782666015625 0.583984375 0.73382936328125
4 0.564453125 0.492455935546875 0.564453125 0.457400173828125 0.525217013671875 0.45004340234375 0.521484375 0.450234275390625 0.521484375 0.4877270390625 0.564453125 0.492455935546875
3 0.4068359375 0.11614583203125 0.392947048828125 0.09661458203125 0.348502603515625 0.07317708203125 0.302669271484375 0.02786458203125 0.298502603515625 0.01223958203125 0.283224826171875 0.00364583203125 0.283224826171875 0.21380208203125 0.302669271484375 0.19895833203125 0.302669271484375 0.17395833203125 0.3123914921875 0.16067708203125 0.36655816015625 0.14817708203125 0.3762803828125 0.13958333203125 0.417947048828125 0.14895833203125 0.442947048828125 0.16067708203125 0.494140625 0.16295048046875 0.494140625 0.15587971875 0.4887803828125 0.15286458203125 0.452669271484375 0.14192708203125 0.420724826171875 0.12630208203125 0.4068359375 0.11614583203125
12 0.259765625 0.22415364453125 0.259765625 0.589933267578125 0.2671006953125 0.59680989453125 0.261545138671875 0.60618489453125 0.259765625 0.605974162109375 0.259765625 0.665115115234375 0.2907118046875 0.66321614453125 0.72265625 0.635448287109375 0.72265625 0.25427864453125 0.3046006953125 0.223372396484375 0.27265625 0.227278646484375 0.26293402734375 0.22415364453125 0.259765625 0.22415364453125
8 0.41796875 0.658203125 0.421875 0.65625 0.435546875 0.65625 0.443359375 0.666015625 0.443359375 0.703125 0.439453125 0.71484375 0.439453125 0.728515625 0.435546875 0.73828125 0.435546875 0.74609375 0.427734375 0.755859375 0.4140625 0.755859375 0.40625 0.748046875 0.40234375 0.734375 0.40234375 0.69921875 0.40625 0.689453125 0.412109375 0.68359375 0.4140625 0.66796875 0.41796875 0.66015625