0 0.45043402734375 0.4618272578125 0.47543402734375 0.4626085078125 0.49487847265625 0.4579210078125 0.505989583984375 0.432139755859375 0.509765625 0.43054673828125 0.509765625 0.37963273828125 0.501822916015625 0.3743272578125 0.468489583984375 0.364171005859375 0.4407118046875 0.3649522578125 0.418489583984375 0.3704210078125 0.41015625 0.3751085078125 0.41015625 0.4457606796875 0.4282118046875 0.456358505859375 0.45043402734375 0.4618272578125
7 0.414453125 0.780664064453125 0.416833494140625 0.783203125 0.420800783203125 0.783203125 0.430859375 0.776497396484375 0.443359375 0.75950393359375 0.443359375 0.743441841796875 0.441796875 0.736219619140625 0.430078125 0.707052953125 0.425390625 0.701497396484375 0.414453125 0.707052953125 0.398046875 0.72788628515625 0.400390625 0.743164064453125 0.411328125 0.766775173828125 0.414453125 0.780664064453125
8 0.374877927734375 0.384765625 0.37614746484375 0.384765625 0.3892578125 0.380881076171875 0.39453125 0.36882750390625 0.39453125 0.354732572265625 0.3845703125 0.29615885546875 0.3736328125 0.282269966796875 0.3650390625 0.282269966796875 0.3580078125 0.2864366328125 0.3501953125 0.30171441015625 0.3501953125 0.325325521484375 0.3673828125 0.378103298828125 0.374877927734375 0.384765625
11 0.375 0.4791883671875 0.375 0.4653656171875 0.360546875 0.4298828125 0.340340169921875 0.392578125 0.328460693359375 0.392578125 0.326171875 0.40071614453125 0.327734375 0.41321614453125 0.332421875 0.42016058984375 0.341796875 0.452105033203125 0.36356580078125 0.4921875 0.364056396484375 0.4921875 0.369140625 0.489605033203125 0.375 0.4791883671875
2 0.568359375 0.311097123046875 0.625 0.311572650390625 0.625 0.256488611328125 0.5838758671875 0.254709201171875 0.568359375 0.25535572265625 0.568359375 0.311097123046875
6 0.51953125 0.292252603515625 0.51953125 0.26273871484375 0.512109375 0.183572048828125 0.501171875 0.158572048828125 0.494268798828125 0.150390625 0.493627927734375 0.150390625 0.489453125 0.151627603515625 0.480859375 0.171072048828125 0.481640625 0.214127603515625 0.494140625 0.291905380859375 0.5027685546875 0.3046875 0.50683593359375 0.3046875 0.516015625 0.301627603515625 0.51953125 0.292252603515625
4 0.54055989453125 0.58203125 0.542439783203125 0.58203125 0.560546875 0.5743055546875 0.564453125 0.565046296875 0.564453125 0.539583333984375 0.554296875 0.48541666796875 0.550390625 0.47847222265625 0.541796875 0.477083333984375 0.525390625 0.486805556640625 0.522265625 0.496527779296875 0.523046875 0.518750001953125 0.531640625 0.570138890625 0.54055989453125 0.58203125
10 0.41460503515625 0.5598524296875 0.463216146484375 0.5411024296875 0.466796875 0.5404826875 0.466796875 0.47957695703125 0.4618272578125 0.4856336796875 0.45210503515625 0.4879774296875 0.45766058984375 0.4942274296875 0.45210503515625 0.5051649296875 0.406271701171875 0.5012586796875 0.380859375 0.50933814453125 0.380859375 0.56046475 0.41460503515625 0.5598524296875
1 0.416015625 0.57358452734375 0.416015625 0.530582412109375 0.406618923828125 0.53023003515625 0.387174478515625 0.54194878515625 0.35546875 0.550308693359375 0.35546875 0.578957791015625 0.359396701171875 0.57944878515625 0.3760633671875 0.58960503515625 0.403841146484375 0.57632378515625 0.416015625 0.57358452734375
5 0.40390625 0.626280380859375 0.4265625 0.66516926953125 0.43084717578125 0.666015625 0.44225463671875 0.666015625 0.45234375 0.654058158203125 0.453125 0.64572482421875 0.453125 0.623502603515625 0.44921875 0.60961371484375 0.4484375 0.592947046875 0.44140625 0.576280380859375 0.4328125 0.567947046875 0.4203125 0.5693359375 0.4109375 0.579058158203125 0.4046875 0.5943359375 0.40390625 0.626280380859375
9 0.50789325390625 0.763671875 0.524773763671875 0.763671875 0.534765625 0.7446397578125 0.533984375 0.714084201171875 0.523828125 0.7001953125 0.512109375 0.69741753515625 0.498828125 0.714084201171875 0.496484375 0.72797308984375 0.498046875 0.74741753515625 0.50789325390625 0.763671875
3 0.283203125 0.958361267578125 0.30336371484375 0.96510416796875 0.3575303828125 0.93697916796875 0.386697048828125 0.90651041796875 0.4200303828125 0.88932291796875 0.431640625 0.885806353515625 0.431640625 0.869201232421875 0.411697048828125 0.86979166796875 0.3825303828125 0.88307291796875 0.346419271484375 0.89088541796875 0.33530816015625 0.88307291796875 0.3005859375 0.87447916796875 0.29086371484375 0.87760416796875 0.283203125 0.87267950390625 0.283203125 0.958361267578125
12 0.5220703125 0.1318359375 0.5087890625 0.1373914921875 0.3212890625 0.1568359375 0.3142578125 0.17766926953125 0.2830078125 0.633224826171875 0.2626953125 0.973502603515625 0.2642578125 0.995724826171875 0.316033974609375 0.99609375 0.7116882265625 0.99609375 0.7205078125 0.995724826171875 0.7283203125 0.983224826171875 0.7173828125 0.83461371484375 0.7158203125 0.7443359375 0.6962890625 0.508224826171875 0.6736328125 0.126280380859375 0.6705078125 0.1123914921875 0.5220703125 0.1318359375