0 0.486328125 0.537109375 0.509765625 0.544921875 0.509765625 0.619140625 0.5 0.625 0.47265625 0.6328125 0.443359375 0.6328125 0.44140625 0.630859375 0.42578125 0.62890625 0.4140625 0.623046875 0.4140625 0.55078125 0.423828125 0.544921875 0.427734375 0.544921875 0.431640625 0.541015625 0.4375 0.541015625 0.447265625 0.537109375 0.484375 0.537109375
5 0.533203125 0.603515625 0.5390625 0.609375 0.544921875 0.62109375 0.55078125 0.62109375 0.55859375 0.625 0.55859375 0.66796875 0.556640625 0.66796875 0.556640625 0.6484375 0.55078125 0.64453125 0.54296875 0.650390625 0.5390625 0.6640625 0.5390625 0.67578125 0.53515625 0.685546875 0.53515625 0.6953125 0.53125 0.703125 0.5234375 0.708984375 0.513671875 0.70703125 0.5078125 0.701171875 0.50390625 0.689453125 0.50390625 0.650390625 0.505859375 0.6484375 0.50390625 0.646484375 0.50390625 0.62109375 0.509765625 0.607421875 0.513671875 0.603515625 0.53125 0.603515625
6 0.494140625 0.712890625 0.501953125 0.712890625 0.505859375 0.732421875 0.515625 0.748046875 0.515625 0.78515625 0.51171875 0.79296875 0.51171875 0.798828125 0.5078125 0.8046875 0.5078125 0.841796875 0.50390625 0.84765625 0.50390625 0.8515625 0.5 0.853515625 0.484375 0.853515625 0.470703125 0.845703125 0.46484375 0.8359375 0.466796875 0.802734375 0.470703125 0.794921875 0.470703125 0.78125 0.46875 0.779296875 0.470703125 0.748046875 0.474609375 0.736328125 0.48828125 0.7265625 0.490234375 0.71875 0.494140625 0.71484375
1 0.407161458984375 0.456423611328125 0.41015625 0.456985134765625 0.41015625 0.415271267578125 0.3557725703125 0.390798611328125 0.33984375 0.389803060546875 0.33984375 0.428884548828125 0.407161458984375 0.456423611328125
10 0.6501953125 0.536176216796875 0.6501953125 0.5278428828125 0.6462890625 0.522287326171875 0.6384765625 0.522287326171875 0.6095703125 0.536176216796875 0.5900390625 0.561176216796875 0.5916015625 0.5778428828125 0.5978515625 0.5833984375 0.5916015625 0.623676216796875 0.5939453125 0.6528428828125 0.5978515625 0.673676216796875 0.6072265625 0.69312066015625 0.6181640625 0.694509548828125 0.6337890625 0.686176216796875 0.6416015625 0.679231771484375 0.6494140625 0.659787326171875 0.6478515625 0.61256510546875 0.6423828125 0.594509548828125 0.6337890625 0.588953994140625 0.6291015625 0.5653428828125 0.6353515625 0.55562066015625 0.6455078125 0.561176216796875 0.6439453125 0.5458984375 0.6501953125 0.536176216796875
7 0.60234375 0.755121525390625 0.62421875 0.737065970703125 0.6265625 0.71623263671875 0.61484375 0.69123263671875 0.59453125 0.6953993046875 0.588510744140625 0.689453125 0.58705078125 0.689453125 0.584375 0.6953993046875 0.584375 0.717621525390625 0.58828125 0.72873263671875 0.60234375 0.755121525390625
12 0.374869791015625 0.230815970703125 0.36098090234375 0.23237847265625 0.30542534765625 0.221440970703125 0.281814236328125 0.22769097265625 0.262369791015625 0.22456597265625 0.26171875 0.224551611328125 0.26171875 0.66569324609375 0.4262586796875 0.65581597265625 0.72265625 0.6345966015625 0.72265625 0.255211861328125 0.6762586796875 0.252690970703125 0.597092013671875 0.244878470703125 0.39848090234375 0.23550347265625 0.374869791015625 0.230815970703125
4 0.534765625 0.428342013671875 0.523046875 0.490842013671875 0.523828125 0.506119791015625 0.529296875 0.518619791015625 0.539453125 0.5213975703125 0.558984375 0.503342013671875 0.564453125 0.458619791015625 0.564453125 0.43216145703125 0.563671875 0.42973090234375 0.550415041015625 0.421875 0.539615884765625 0.421875 0.534765625 0.428342013671875
3 0.438671875 0.06098090234375 0.41644965234375 0.06723090234375 0.4067274296875 0.07582465234375 0.365060763671875 0.06644965234375 0.342838541015625 0.05473090234375 0.287282986328125 0.05238715234375 0.287109375 0.05263129296875 0.287109375 0.057967509765625 0.2942274296875 0.06254340234375 0.33589409765625 0.07582465234375 0.37339409765625 0.09769965234375 0.384505208984375 0.11488715234375 0.430338541015625 0.14066840234375 0.480338541015625 0.19301215234375 0.484505208984375 0.20394965234375 0.494140625 0.208876853515625 0.494140625 0.00661078515625 0.480338541015625 0.01566840234375 0.480338541015625 0.04223090234375 0.4692274296875 0.05863715234375 0.438671875 0.06098090234375
2 0.52734375 0.3623046875 0.06640625 0.14208984375
8 0.40234375 0.6875 0.419921875 0.6875 0.421875 0.689453125 0.443359375 0.693359375 0.443359375 0.7265625 0.4296875 0.7265625 0.427734375 0.724609375 0.404296875 0.72265625 0.40234375 0.720703125 0.40234375 0.689453125
11 0.474609375 0.32421875 0.478515625 0.32421875 0.482421875 0.328125 0.482421875 0.33203125 0.494140625 0.3515625 0.494140625 0.365234375 0.4921875 0.369140625 0.48046875 0.380859375 0.431640625 0.453125 0.427734375 0.451171875 0.419921875 0.4296875 0.416015625 0.42578125 0.416015625 0.41015625 0.41796875 0.404296875 0.474609375 0.326171875