0 0.45043402734375 0.5381727421875 0.4282118046875 0.543641494140625 0.41015625 0.5542393203125 0.41015625 0.6248914921875 0.418489583984375 0.6295789921875 0.4407118046875 0.6350477421875 0.468489583984375 0.635828994140625 0.501822916015625 0.6256727421875 0.509765625 0.62036726171875 0.509765625 0.56945326171875 0.505989583984375 0.567860244140625 0.49487847265625 0.5420789921875 0.47543402734375 0.5373914921875 0.45043402734375 0.5381727421875
7 0.414453125 0.219335935546875 0.411328125 0.233224826171875 0.400390625 0.256835935546875 0.398046875 0.27211371484375 0.414453125 0.292947046875 0.425390625 0.298502603515625 0.430078125 0.292947046875 0.441796875 0.263780380859375 0.443359375 0.256558158203125 0.443359375 0.24049606640625 0.430859375 0.223502603515625 0.420800783203125 0.216796875 0.416833494140625 0.216796875 0.414453125 0.219335935546875
8 0.3943359375 0.658658853515625 0.3943359375 0.6350477421875 0.3865234375 0.61976996484375 0.3794921875 0.615603298828125 0.3708984375 0.615603298828125 0.3599609375 0.6294921875 0.3498046875 0.689214408203125 0.3498046875 0.701714408203125 0.3552734375 0.714214408203125 0.3693359375 0.718381076171875 0.3771484375 0.711436630859375 0.3943359375 0.658658853515625
11 0.32421875 0.5588550703125 0.3379991328125 0.5663194453125 0.375 0.581390919921875 0.375 0.555595779296875 0.360221353515625 0.5475694453125 0.32827691015625 0.5381944453125 0.32421875 0.5354551875 0.32421875 0.5588550703125
2 0.625 0.74584230078125 0.625 0.68996401171875 0.6122178828125 0.689431423828125 0.568359375 0.6913291484375 0.568359375 0.746317830078125 0.625 0.74584230078125
6 0.51953125 0.707747396484375 0.516015625 0.698372396484375 0.50683593359375 0.6953125 0.5027685546875 0.6953125 0.494140625 0.708094619140625 0.481640625 0.785872396484375 0.480859375 0.828927951171875 0.489453125 0.848372396484375 0.493627927734375 0.849609375 0.494268798828125 0.849609375 0.501171875 0.841427951171875 0.512109375 0.816427951171875 0.51953125 0.73726128515625 0.51953125 0.707747396484375
4 0.5563368046875 0.490928818359375 0.564453125 0.491214158203125 0.564453125 0.45495062890625 0.527170138671875 0.447960068359375 0.521484375 0.448250818359375 0.521484375 0.48510045703125 0.5563368046875 0.490928818359375
10 0.380859375 0.49066185546875 0.406271701171875 0.4987413203125 0.45210503515625 0.4948350703125 0.45766058984375 0.5057725703125 0.45210503515625 0.5120225703125 0.4618272578125 0.5143663203125 0.466796875 0.52042304296875 0.466796875 0.4595173125 0.463216146484375 0.4588975703125 0.41460503515625 0.4401475703125 0.380859375 0.43953525 0.380859375 0.49066185546875
1 0.4154296875 0.419596353515625 0.4146484375 0.39876301953125 0.4060546875 0.379318576171875 0.400067138671875 0.376953125 0.398611111328125 0.376953125 0.3740234375 0.401540798828125 0.3693359375 0.422374130859375 0.3560546875 0.45015191015625 0.3662109375 0.466818576171875 0.370846896484375 0.50390625 0.371903482421875 0.50390625 0.3810546875 0.50015191015625 0.3919921875 0.4834852421875 0.4037109375 0.439040798828125 0.4154296875 0.419596353515625
5 0.4265625 0.33483073046875 0.40390625 0.373719619140625 0.4046875 0.4056640625 0.4109375 0.420941841796875 0.4203125 0.4306640625 0.4328125 0.432052953125 0.44140625 0.423719619140625 0.4484375 0.407052953125 0.44921875 0.39038628515625 0.453125 0.376497396484375 0.453125 0.35427517578125 0.45234375 0.345941841796875 0.44225463671875 0.333984375 0.43084717578125 0.333984375 0.4265625 0.33483073046875
9 0.49609375 0.284444486328125 0.49984808984375 0.28671875 0.51929253515625 0.28828125 0.533181423828125 0.2859375 0.53515625 0.284363810546875 0.53515625 0.252225341796875 0.533181423828125 0.25078125 0.5026258671875 0.25 0.49609375 0.253429361328125 0.49609375 0.284444486328125
3 0.404296875 0.10687933984375 0.431640625 0.05421730078125 0.431640625 0.0503768125 0.415444865234375 0.001953125 0.285246060546875 0.001953125 0.299609375 0.020768228515625 0.325390625 0.020768228515625 0.338671875 0.03049044921875 0.344921875 0.040212671875 0.341796875 0.04993489453125 0.350390625 0.0846571171875 0.358203125 0.095768228515625 0.350390625 0.13187933984375 0.337109375 0.161046005859375 0.335546875 0.21382378515625 0.33898926171875 0.21484375 0.340441892578125 0.21484375 0.345703125 0.20549044921875 0.356640625 0.16937933984375 0.373828125 0.136046005859375 0.404296875 0.10687933984375
12 0.3142578125 0.82233073046875 0.3212890625 0.8431640625 0.5087890625 0.8626085078125 0.5220703125 0.8681640625 0.6705078125 0.8876085078125 0.6736328125 0.873719619140625 0.6962890625 0.491775173828125 0.7158203125 0.2556640625 0.7173828125 0.16538628515625 0.7283203125 0.016775173828125 0.7205078125 0.004275173828125 0.7116882265625 0.00390625 0.316033974609375 0.00390625 0.2642578125 0.004275173828125 0.2626953125 0.026497396484375 0.2830078125 0.366775173828125 0.3142578125 0.82233073046875