11 0.46484375 0.58203125 0.478515625 0.572265625 0.484375 0.5703125 0.4921875 0.572265625 0.494140625 0.57421875 0.494140625 0.607421875 0.48828125 0.609375 0.486328125 0.61328125 0.455078125 0.6328125 0.453125 0.63671875 0.439453125 0.646484375 0.43359375 0.6484375 0.41796875 0.6484375 0.4140625 0.64453125 0.4140625 0.619140625 0.46484375 0.583984375
2 0.533203125 0.568359375 0.546875 0.578125 0.556640625 0.6015625 0.556640625 0.615234375 0.55859375 0.6171875 0.55859375 0.673828125 0.55078125 0.6953125 0.541015625 0.70703125 0.51953125 0.70703125 0.5078125 0.693359375 0.5078125 0.689453125 0.50390625 0.68359375 0.50390625 0.669921875 0.5 0.66015625 0.5 0.65234375 0.49609375 0.64453125 0.49609375 0.603515625 0.5 0.58984375 0.51171875 0.572265625 0.517578125 0.568359375 0.53125 0.568359375
0 0.478515625 0.3671875 0.509765625 0.37890625 0.509765625 0.455078125 0.4921875 0.4609375 0.4453125 0.4609375 0.443359375 0.458984375 0.435546875 0.458984375 0.4296875 0.455078125 0.42578125 0.455078125 0.421875 0.451171875 0.4140625 0.44921875 0.4140625 0.375 0.421875 0.37109375 0.4296875 0.37109375 0.439453125 0.3671875 0.4765625 0.3671875
5 0.501953125 0.314453125 0.55859375 0.314453125 0.55859375 0.345703125 0.55078125 0.349609375 0.5390625 0.349609375 0.525390625 0.353515625 0.51953125 0.359375 0.51953125 0.36328125 0.5234375 0.3671875 0.54296875 0.3671875 0.54296875 0.369140625 0.501953125 0.369140625 0.501953125 0.31640625
6 0.513671875 0.19140625 0.513671875 0.232421875 0.498046875 0.23828125 0.46484375 0.23828125 0.46484375 0.1953125 0.47265625 0.1953125 0.474609375 0.193359375 0.5 0.1953125 0.51171875 0.19140625
10 0.6438585078125 0.41529948046875 0.650390625 0.420443521484375 0.650390625 0.380206705078125 0.63969183984375 0.377799478515625 0.635525173828125 0.371549478515625 0.616080728515625 0.36451823046875 0.598025173828125 0.362174478515625 0.58984375 0.36257465625 0.58984375 0.419459259765625 0.6049696171875 0.420768228515625 0.6438585078125 0.41529948046875
1 0.3934461796875 0.544552951171875 0.376779513671875 0.554709201171875 0.33984375 0.569471357421875 0.33984375 0.610144818359375 0.34066840234375 0.610177951171875 0.408203125 0.58304346484375 0.408203125 0.543630642578125 0.3934461796875 0.544552951171875
7 0.6146484375 0.30876736328125 0.625 0.2915914375 0.625 0.263820044921875 0.6029296875 0.244878474609375 0.5888671875 0.27126736328125 0.5849609375 0.282378474609375 0.5849609375 0.303211806640625 0.58839925 0.310546875 0.590327150390625 0.310546875 0.5990234375 0.3046006953125 0.6146484375 0.30876736328125
4 0.525217013671875 0.54995659765625 0.564453125 0.542599826171875 0.564453125 0.507544064453125 0.521484375 0.5122729609375 0.521484375 0.549765724609375 0.525217013671875 0.54995659765625
3 0.2916883671875 0.93619791796875 0.28335503515625 0.94088541796875 0.284743923828125 0.94635416796875 0.337521701171875 0.94401041796875 0.362521701171875 0.93229166796875 0.4041883671875 0.92291666796875 0.41391058984375 0.93151041796875 0.4680772578125 0.94401041796875 0.477799478515625 0.95729166796875 0.477799478515625 0.98229166796875 0.494140625 0.9947663828125 0.494140625 0.7887247734375 0.481966146484375 0.79557291796875 0.477799478515625 0.81119791796875 0.431966146484375 0.85651041796875 0.387521701171875 0.87994791796875 0.3736328125 0.89947916796875 0.359743923828125 0.90963541796875 0.327799478515625 0.92526041796875 0.2916883671875 0.93619791796875
12 0.6794921875 0.25642361328125 0.6724609375 0.12447916796875 0.6693359375 0.11197916796875 0.3169921875 0.159201390625 0.3037109375 0.31892361328125 0.2755859375 0.75642361328125 0.2615234375 0.985590279296875 0.2646484375 0.99392361328125 0.2833984375 0.992534720703125 0.2935546875 0.975868056640625 0.3091796875 0.96753472265625 0.3216796875 0.97447916796875 0.3396484375 0.96197916796875 0.3388671875 0.934201390625 0.3458984375 0.9258680546875 0.3466796875 0.913368056640625 0.3537109375 0.903645833984375 0.3451171875 0.88003472265625 0.3458984375 0.8647569453125 0.3341796875 0.84253472265625 0.3357421875 0.81197916796875 0.3326171875 0.78559027734375 0.3419921875 0.78003472265625 0.3498046875 0.788368056640625 0.3583984375 0.821701390625 0.3724609375 0.8522569453125 0.3865234375 0.870312501953125 0.4029296875 0.878645833984375 0.4380859375 0.9453125 0.4490234375 0.949479166015625 0.4654296875 0.97309027734375 0.4787109375 0.97309027734375 0.4935546875 0.98142361328125 0.500708005859375 0.994140625 0.674072580078125 0.994140625 0.7060546875 0.99392361328125 0.72265625 0.989898990234375 0.72265625 0.921122685546875 0.7193359375 0.875868056640625 0.7154296875 0.87447916796875 0.7177734375 0.850868056640625 0.7146484375 0.83142361328125 0.7146484375 0.784201390625 0.7115234375 0.77447916796875 0.7154296875 0.742534720703125 0.6794921875 0.25642361328125
8 0.40234375 0.310546875 0.40234375 0.279296875 0.408203125 0.2734375 0.41796875 0.26953125 0.443359375 0.26953125 0.443359375 0.306640625 0.43359375 0.306640625 0.421875 0.310546875 0.404296875 0.310546875