11 0.427734375 0.3984375 0.431640625 0.396484375 0.48046875 0.32421875 0.484375 0.326171875 0.484375 0.330078125 0.494140625 0.349609375 0.494140625 0.373046875 0.478515625 0.392578125 0.4609375 0.419921875 0.45703125 0.421875 0.45703125 0.42578125 0.4375 0.453125 0.43359375 0.453125 0.4296875 0.44921875 0.4296875 0.4453125 0.41796875 0.42578125 0.41796875 0.412109375 0.427734375 0.400390625
0 0.486328125 0.537109375 0.509765625 0.544921875 0.509765625 0.619140625 0.5 0.625 0.47265625 0.6328125 0.443359375 0.6328125 0.44140625 0.630859375 0.42578125 0.62890625 0.4140625 0.623046875 0.4140625 0.55078125 0.423828125 0.544921875 0.427734375 0.544921875 0.431640625 0.541015625 0.4375 0.541015625 0.447265625 0.537109375 0.484375 0.537109375
5 0.548828125 0.60546875 0.5546875 0.611328125 0.55859375 0.623046875 0.55859375 0.662109375 0.556640625 0.6640625 0.55859375 0.666015625 0.55859375 0.69140625 0.552734375 0.705078125 0.546875 0.7109375 0.53125 0.7109375 0.5234375 0.703125 0.517578125 0.69140625 0.51171875 0.69140625 0.50390625 0.6875 0.50390625 0.669921875 0.501953125 0.66796875 0.50390625 0.662109375 0.50390625 0.64453125 0.505859375 0.64453125 0.505859375 0.6640625 0.509765625 0.66796875 0.517578125 0.6640625 0.5234375 0.6484375 0.5234375 0.63671875 0.52734375 0.626953125 0.52734375 0.6171875 0.53515625 0.60546875 0.5390625 0.603515625 0.544921875 0.603515625 0.546875 0.60546875
6 0.49609375 0.712890625 0.509765625 0.720703125 0.515625 0.73046875 0.513671875 0.763671875 0.509765625 0.771484375 0.51171875 0.80078125 0.509765625 0.802734375 0.509765625 0.818359375 0.505859375 0.830078125 0.4921875 0.83984375 0.490234375 0.84765625 0.482421875 0.85546875 0.478515625 0.853515625 0.474609375 0.833984375 0.46484375 0.818359375 0.46484375 0.78125 0.46875 0.7734375 0.46875 0.767578125 0.47265625 0.76171875 0.47265625 0.724609375 0.4765625 0.71875 0.4765625 0.71484375 0.48046875 0.712890625 0.494140625 0.712890625
1 0.407161458984375 0.456423611328125 0.41015625 0.456985134765625 0.41015625 0.415271267578125 0.3557725703125 0.390798611328125 0.33984375 0.389803060546875 0.33984375 0.428884548828125 0.407161458984375 0.456423611328125
10 0.58984375 0.597526521484375 0.58984375 0.637469482421875 0.590212673828125 0.637434896484375 0.595768228515625 0.631184896484375 0.6360460078125 0.637434896484375 0.650390625 0.636282203125 0.650390625 0.580342611328125 0.624934896484375 0.581184896484375 0.60687933984375 0.586653646484375 0.60132378515625 0.595247396484375 0.58984375 0.597526521484375
7 0.583984375 0.732926849609375 0.590625 0.74097222265625 0.611458333984375 0.743315970703125 0.626953125 0.736052787109375 0.626953125 0.701128470703125 0.6100694453125 0.701128470703125 0.598958333984375 0.705034720703125 0.583984375 0.713014265625 0.583984375 0.732926849609375
3 0.3887803828125 0.09348958203125 0.34711371484375 0.07239583203125 0.302669271484375 0.02395833203125 0.298502603515625 0.01223958203125 0.283224826171875 0.00364583203125 0.283224826171875 0.21380208203125 0.30405816015625 0.19739583203125 0.30405816015625 0.17161458203125 0.3123914921875 0.15989583203125 0.36655816015625 0.14817708203125 0.377669271484375 0.13958333203125 0.41655816015625 0.14817708203125 0.44711371484375 0.16145833203125 0.494140625 0.163014369140625 0.494140625 0.15587971875 0.490169271484375 0.15364583203125 0.448502603515625 0.14036458203125 0.420724826171875 0.12630208203125 0.3887803828125 0.09348958203125
12 0.374869791015625 0.230815970703125 0.36098090234375 0.23237847265625 0.30542534765625 0.221440970703125 0.281814236328125 0.22769097265625 0.262369791015625 0.22456597265625 0.26171875 0.224551611328125 0.26171875 0.66569324609375 0.4262586796875 0.65581597265625 0.72265625 0.6345966015625 0.72265625 0.255211861328125 0.6762586796875 0.252690970703125 0.597092013671875 0.244878470703125 0.39848090234375 0.23550347265625 0.374869791015625 0.230815970703125
4 0.535546875 0.42556423828125 0.523046875 0.49223090234375 0.523046875 0.503342013671875 0.528515625 0.51723090234375 0.539453125 0.5213975703125 0.558984375 0.50473090234375 0.564453125 0.459036458984375 0.564453125 0.43216145703125 0.563671875 0.42973090234375 0.551046318359375 0.421875 0.54384765625 0.421875 0.535546875 0.42556423828125
8 0.431640625 0.65625 0.44140625 0.6640625 0.443359375 0.669921875 0.443359375 0.701171875 0.4375 0.71875 0.4375 0.7265625 0.43359375 0.734375 0.431640625 0.75 0.4296875 0.75390625 0.419921875 0.7578125 0.412109375 0.755859375 0.404296875 0.744140625 0.404296875 0.7109375 0.40625 0.708984375 0.412109375 0.66796875 0.419921875 0.65625 0.4296875 0.65625
11 0.474609375 0.32421875 0.478515625 0.32421875 0.482421875 0.328125 0.482421875 0.33203125 0.494140625 0.3515625 0.494140625 0.365234375 0.4921875 0.369140625 0.48046875 0.380859375 0.431640625 0.453125 0.427734375 0.451171875 0.419921875 0.4296875 0.416015625 0.42578125 0.416015625 0.41015625 0.41796875 0.404296875 0.474609375 0.326171875
2 0.52172648046875 0.29296875 0.5119140625 0.30101996484375 0.5041015625 0.3162977421875 0.4955078125 0.355186630859375 0.4947265625 0.394075521484375 0.5001953125 0.41351996484375 0.5150390625 0.431575521484375 0.5267578125 0.434353298828125 0.5462890625 0.4232421875 0.5564453125 0.396853298828125 0.55859375 0.382848669921875 0.55859375 0.330633060546875 0.5541015625 0.31351996484375 0.5470703125 0.30101996484375 0.53650309375 0.29296875 0.52172648046875 0.29296875
3 0.4361328125 0.06223958203125 0.42641058984375 0.06770833203125 0.412521701171875 0.06848958203125 0.40835503515625 0.07552083203125 0.362521701171875 0.06770833203125 0.34585503515625 0.05833333203125 0.3305772578125 0.05442708203125 0.284743923828125 0.05364583203125 0.28335503515625 0.05911458203125 0.2916883671875 0.06380208203125 0.327799478515625 0.07473958203125 0.3555772578125 0.08802083203125 0.3736328125 0.10052083203125 0.3791883671875 0.11302083203125 0.3916883671875 0.12317708203125 0.4416883671875 0.14895833203125 0.4541883671875 0.16536458203125 0.47641058984375 0.18333333203125 0.4791883671875 0.20130208203125 0.494140625 0.211006671875 0.494140625 0.005192056640625 0.47641058984375 0.01848958203125 0.47641058984375 0.04505208203125 0.4666883671875 0.05677083203125 0.4361328125 0.06223958203125