12 0.3029296875 0.3272569453125 0.2716796875 0.81892361328125 0.2630859375 0.995312501953125 0.47182568359375 0.99609375 0.64426272265625 0.99609375 0.724609375 0.991251765625 0.724609375 0.96257440625 0.6826171875 0.28003472265625 0.6724609375 0.1328125 0.6685546875 0.110590279296875 0.4177734375 0.145312501953125 0.4107421875 0.148090279296875 0.40329765625 0.14676527734375 0.38716796875 0.150068056640625 0.3826171875 0.150868056640625 0.3162109375 0.160590279296875 0.3029296875 0.3272569453125
10 0.400954861328125 0.2376953125 0.44140625 0.23030029296875 0.44140625 0.19472859765625 0.403732638671875 0.2048828125 0.388671875 0.2104423515625 0.388671875 0.237937740234375 0.400954861328125 0.2376953125
5 0.54884765625 0.388671875 0.5572265625 0.381901041015625 0.564453125 0.366484375 0.564453125 0.341422240234375 0.5509765625 0.284678818359375 0.543408203125 0.279296875 0.541796873046875 0.279296875 0.5322265625 0.28051215234375 0.5251953125 0.288845486328125 0.5166015625 0.31245659765625 0.5119140625 0.288845486328125 0.5064453125 0.290234375 0.5080078125 0.33051215234375 0.5197265625 0.34856770703125 0.5291015625 0.381901041015625 0.53748046875 0.388671875 0.54884765625 0.388671875
0 0.430859375 0.5859375 0.446484375 0.612326388671875 0.454296875 0.6109375 0.4619140625 0.62109375 0.48344726953125 0.62109375 0.487109375 0.62065972265625 0.508203125 0.602604166015625 0.519140625 0.580381943359375 0.525390625 0.549517748046875 0.525390625 0.53315972265625 0.524609375 0.52065972265625 0.516015625 0.484548611328125 0.501953125 0.46371527734375 0.487109375 0.4539930546875 0.466796875 0.455381943359375 0.445703125 0.472048611328125 0.432421875 0.494270833984375 0.425390625 0.5234375 0.424609375 0.555381943359375 0.430859375 0.5859375
2 0.411653646484375 0.55327691015625 0.3852647578125 0.55405816015625 0.341796875 0.567811669921875 0.341796875 0.62492859375 0.3477647578125 0.62749566015625 0.374153646484375 0.62905816015625 0.394986978515625 0.62515191015625 0.41796875 0.61330193359375 0.41796875 0.554934625 0.411653646484375 0.55327691015625
4 0.541088865234375 0.58203125 0.54324219140625 0.58203125 0.5603515625 0.5756944453125 0.56640625 0.56089409765625 0.56640625 0.54550926171875 0.5548828125 0.48541666796875 0.5509765625 0.47847222265625 0.5416015625 0.477083333984375 0.5298828125 0.482638890625 0.5236328125 0.492361111328125 0.5220703125 0.504861111328125 0.5267578125 0.5256944453125 0.5283203125 0.55347222265625 0.5345703125 0.5743055546875 0.541088865234375 0.58203125
6 0.6328125 0.53329441015625 0.595703125 0.532900560546875 0.595703125 0.56833665625 0.62016058984375 0.570247396484375 0.6328125 0.569720234375 0.6328125 0.53329441015625
1 0.619140625 0.37906782421875 0.593489583984375 0.3799696171875 0.5859375 0.379197244140625 0.5859375 0.408875869140625 0.619140625 0.408875869140625 0.619140625 0.37906782421875
9 0.4638671875 0.417534720703125 0.46484375 0.4071180546875 0.46484375 0.387326388671875 0.4607421875 0.371701388671875 0.4544921875 0.36614583203125 0.4427734375 0.36614583203125 0.4357421875 0.374479166015625 0.4326171875 0.384201388671875 0.4326171875 0.402256943359375 0.4380859375 0.421701388671875 0.449624025390625 0.427734375 0.452392576171875 0.427734375 0.4638671875 0.417534720703125
7 0.409765625 0.3681640625 0.394921875 0.340386283203125 0.371484375 0.365386283203125 0.373046875 0.37788628515625 0.380859375 0.393164060546875 0.389453125 0.423719619140625 0.398046875 0.42094183984375 0.4140625 0.40411734375 0.4140625 0.395445806640625 0.409765625 0.3681640625
11 0.344943576171875 0.476106771484375 0.380859375 0.46167631640625 0.380859375 0.4286177578125 0.369943576171875 0.429231771484375 0.33203125 0.44171509765625 0.33203125 0.47651028125 0.344943576171875 0.476106771484375
8 0.6015625 0.1885850703125 0.56640625 0.1885850703125 0.56640625 0.223725044921875 0.566623263671875 0.2237413203125 0.6015625 0.220323349609375 0.6015625 0.1885850703125
3 0.4056640625 0.76117621484375 0.4134765625 0.782009546875 0.4228515625 0.82228732421875 0.4236328125 0.844509546875 0.426287841796875 0.84765625 0.428694099609375 0.84765625 0.4345703125 0.80978732421875 0.4251953125 0.7514539921875 0.4423828125 0.720898435546875 0.4478515625 0.702842880859375 0.4634765625 0.702842880859375 0.4775390625 0.715342880859375 0.4869140625 0.715342880859375 0.5048828125 0.708398435546875 0.505859375 0.706228296875 0.505859375 0.69954426953125 0.5017578125 0.695898435546875 0.4892578125 0.695898435546875 0.4619140625 0.6764539921875 0.4509765625 0.665342880859375 0.4439453125 0.64728732421875 0.4025390625 0.61673176953125 0.3947265625 0.637565103515625 0.3728515625 0.67367621484375 0.3892578125 0.73617621484375 0.4056640625 0.76117621484375