0 0.4189453125 0.543576390625 0.4134765625 0.565798609375 0.4126953125 0.593576390625 0.4228515625 0.62690972265625 0.4376953125 0.6491319453125 0.4595703125 0.6602430546875 0.4720703125 0.6602430546875 0.4759765625 0.654687501953125 0.4759765625 0.642187501953125 0.4806640625 0.631076388671875 0.5064453125 0.619965279296875 0.509765625 0.606192130859375 0.509765625 0.57313987890625 0.5048828125 0.553298611328125 0.4861328125 0.52135416796875 0.468230326171875 0.513671875 0.4440266953125 0.513671875 0.4322265625 0.519965279296875 0.4189453125 0.543576390625
7 0.397265625 0.268164060546875 0.398828125 0.272330728515625 0.412109375 0.290386283203125 0.424609375 0.2987196171875 0.428515625 0.294552951171875 0.431640625 0.280664060546875 0.442578125 0.257052951171875 0.443359375 0.251960357421875 0.443359375 0.239791044921875 0.428515625 0.22094183984375 0.4203552265625 0.216796875 0.4163879375 0.216796875 0.412890625 0.22094183984375 0.401171875 0.250108505859375 0.397265625 0.268164060546875
8 0.3865234375 0.61976996484375 0.3794921875 0.615603298828125 0.3708984375 0.615603298828125 0.3599609375 0.6294921875 0.3498046875 0.689214408203125 0.3498046875 0.701714408203125 0.3552734375 0.714214408203125 0.3693359375 0.718381076171875 0.3771484375 0.711436630859375 0.3943359375 0.658658853515625 0.3943359375 0.6350477421875 0.3865234375 0.61976996484375
11 0.333203125 0.603493923828125 0.338671875 0.606271703125 0.360546875 0.565993923828125 0.369921875 0.53404948046875 0.374609375 0.52710503515625 0.375 0.52398003515625 0.375 0.510438369140625 0.374261474609375 0.5078125 0.36127477734375 0.5078125 0.341796875 0.543771703125 0.325390625 0.58404948046875 0.325390625 0.58960503515625 0.333203125 0.603493923828125
2 0.568359375 0.688902876953125 0.568359375 0.74464427734375 0.5838758671875 0.745290798828125 0.625 0.743511388671875 0.625 0.688427349609375 0.568359375 0.688902876953125
6 0.486740451171875 0.75347222265625 0.48046875 0.753358421875 0.48046875 0.786217583984375 0.51953125 0.789879693359375 0.51953125 0.758742171875 0.486740451171875 0.75347222265625
4 0.564453125 0.45495062890625 0.527170138671875 0.447960068359375 0.521484375 0.448250818359375 0.521484375 0.48510045703125 0.5563368046875 0.490928818359375 0.564453125 0.491214158203125 0.564453125 0.45495062890625
10 0.380859375 0.44346584765625 0.380859375 0.504371578125 0.384440103515625 0.5049913203125 0.43305121484375 0.5237413203125 0.466796875 0.524353640625 0.466796875 0.473227033203125 0.441384548828125 0.465147568359375 0.39555121484375 0.469053818359375 0.38999566015625 0.4581163203125 0.39555121484375 0.4518663203125 0.3858289921875 0.449522568359375 0.380859375 0.44346584765625
1 0.4060546875 0.379318576171875 0.400067138671875 0.376953125 0.398611111328125 0.376953125 0.3740234375 0.401540798828125 0.3693359375 0.422374130859375 0.3560546875 0.45015191015625 0.3662109375 0.466818576171875 0.370846896484375 0.50390625 0.371903482421875 0.50390625 0.3810546875 0.50015191015625 0.3919921875 0.4834852421875 0.4037109375 0.439040798828125 0.4154296875 0.419596353515625 0.4146484375 0.39876301953125 0.4060546875 0.379318576171875
5 0.42007378515625 0.4026475703125 0.439518228515625 0.4081163203125 0.453125 0.406840685546875 0.453125 0.366880533203125 0.436740451171875 0.3573350703125 0.4047960078125 0.3581163203125 0.40234375 0.359119515625 0.40234375 0.401417712890625 0.4034071171875 0.4018663203125 0.42007378515625 0.4026475703125
9 0.498849826171875 0.28671875 0.5294053828125 0.2875 0.53515625 0.284480794921875 0.53515625 0.252582255859375 0.53218316015625 0.25078125 0.51273871484375 0.24921875 0.498849826171875 0.2515625 0.49609375 0.253758748046875 0.49609375 0.284703369140625 0.498849826171875 0.28671875
3 0.283203125 0.12732049609375 0.29086371484375 0.12239583203125 0.3005859375 0.12552083203125 0.33530816015625 0.11692708203125 0.346419271484375 0.10911458203125 0.3825303828125 0.11692708203125 0.411697048828125 0.13020833203125 0.431640625 0.130798767578125 0.431640625 0.114193646484375 0.4200303828125 0.11067708203125 0.386697048828125 0.09348958203125 0.3575303828125 0.06302083203125 0.30336371484375 0.03489583203125 0.283203125 0.041638732421875 0.283203125 0.12732049609375
12 0.728515625 0.66572111328125 0.728515625 0.22285533984375 0.572981771484375 0.2321397578125 0.26171875 0.253491642578125 0.26171875 0.634372224609375 0.447981771484375 0.6454210078125 0.6840928828125 0.6649522578125 0.728515625 0.66572111328125