11 0.474609375 0.32421875 0.478515625 0.32421875 0.48046875 0.33203125 0.4921875 0.3515625 0.494140625 0.359375 0.490234375 0.369140625 0.478515625 0.380859375 0.447265625 0.42578125 0.4453125 0.431640625 0.43359375 0.443359375 0.43359375 0.447265625 0.4296875 0.453125 0.419921875 0.43359375 0.419921875 0.4296875 0.416015625 0.42578125 0.416015625 0.41015625 0.419921875 0.400390625 0.431640625 0.388671875 0.4375 0.376953125 0.443359375 0.37109375 0.451171875 0.357421875 0.455078125 0.35546875 0.455078125 0.3515625 0.474609375 0.326171875
2 0.494140625 0.330078125 0.53515625 0.330078125 0.54296875 0.333984375 0.55859375 0.3359375 0.55859375 0.392578125 0.5078125 0.392578125 0.505859375 0.390625 0.494140625 0.390625 0.494140625 0.33203125
0 0.4765625 0.513671875 0.484375 0.517578125 0.49609375 0.53125 0.5078125 0.556640625 0.5078125 0.564453125 0.509765625 0.56640625 0.509765625 0.61328125 0.5078125 0.615234375 0.5078125 0.62109375 0.498046875 0.640625 0.484375 0.654296875 0.478515625 0.654296875 0.4765625 0.65625 0.45703125 0.65625 0.443359375 0.650390625 0.427734375 0.630859375 0.416015625 0.599609375 0.416015625 0.560546875 0.419921875 0.55078125 0.419921875 0.54296875 0.431640625 0.521484375 0.443359375 0.51171875 0.47265625 0.51171875 0.474609375 0.513671875
5 0.501953125 0.62890625 0.55859375 0.62890625 0.55859375 0.68359375 0.544921875 0.68359375 0.54296875 0.685546875 0.51953125 0.68359375 0.51953125 0.681640625 0.5390625 0.681640625 0.54296875 0.677734375 0.54296875 0.673828125 0.537109375 0.66796875 0.5234375 0.6640625 0.51171875 0.6640625 0.501953125 0.66015625 0.501953125 0.630859375
6 0.46484375 0.759765625 0.470703125 0.759765625 0.48046875 0.763671875 0.4921875 0.763671875 0.494140625 0.76171875 0.513671875 0.763671875 0.513671875 0.80859375 0.490234375 0.80859375 0.46484375 0.80078125 0.46484375 0.76171875
10 0.58984375 0.559513201171875 0.58984375 0.56204426953125 0.5912109375 0.5778428828125 0.5966796875 0.584787326171875 0.5912109375 0.623676216796875 0.5943359375 0.659787326171875 0.6068359375 0.69312066015625 0.6279296875 0.6903428828125 0.6419921875 0.677842880859375 0.6482421875 0.66256510546875 0.6498046875 0.63062066015625 0.6474609375 0.612565103515625 0.6404296875 0.593120658203125 0.6341796875 0.5889539921875 0.6310546875 0.57506510546875 0.6310546875 0.55978732421875 0.6341796875 0.55562066015625 0.6451171875 0.55978732421875 0.6427734375 0.54728732421875 0.650390625 0.533745658203125 0.650390625 0.532790796875 0.6474609375 0.52367621484375 0.6341796875 0.52367621484375 0.6044921875 0.538953994140625 0.58984375 0.559513201171875
1 0.33984375 0.430108740234375 0.40776909765625 0.457400173828125 0.408203125 0.457382734375 0.408203125 0.41653745703125 0.371657986328125 0.401931423828125 0.3549913203125 0.391775173828125 0.33984375 0.390828451171875 0.33984375 0.430108740234375
7 0.58839925 0.689453125 0.5849609375 0.696788193359375 0.5849609375 0.717621525390625 0.5888671875 0.72873263671875 0.6029296875 0.755121525390625 0.625 0.736179955078125 0.625 0.7084085625 0.6146484375 0.69123263671875 0.5990234375 0.6953993046875 0.590327150390625 0.689453125 0.58839925 0.689453125
4 0.564453125 0.492455935546875 0.564453125 0.457400173828125 0.525217013671875 0.45004340234375 0.521484375 0.450234275390625 0.521484375 0.4877270390625 0.564453125 0.492455935546875
3 0.4068359375 0.11614583203125 0.392947048828125 0.09661458203125 0.348502603515625 0.07317708203125 0.302669271484375 0.02786458203125 0.298502603515625 0.01223958203125 0.283224826171875 0.00364583203125 0.283224826171875 0.21380208203125 0.302669271484375 0.19895833203125 0.302669271484375 0.17395833203125 0.3123914921875 0.16067708203125 0.36655816015625 0.14817708203125 0.3762803828125 0.13958333203125 0.417947048828125 0.14895833203125 0.442947048828125 0.16067708203125 0.494140625 0.16295048046875 0.494140625 0.15587971875 0.4887803828125 0.15286458203125 0.452669271484375 0.14192708203125 0.420724826171875 0.12630208203125 0.4068359375 0.11614583203125
12 0.259765625 0.22415364453125 0.259765625 0.589933267578125 0.2671006953125 0.59680989453125 0.261545138671875 0.60618489453125 0.259765625 0.605974162109375 0.259765625 0.665115115234375 0.2907118046875 0.66321614453125 0.72265625 0.635448287109375 0.72265625 0.25427864453125 0.3046006953125 0.223372396484375 0.27265625 0.227278646484375 0.26293402734375 0.22415364453125 0.259765625 0.22415364453125
8 0.41796875 0.658203125 0.421875 0.65625 0.435546875 0.65625 0.443359375 0.666015625 0.443359375 0.703125 0.439453125 0.71484375 0.439453125 0.728515625 0.435546875 0.73828125 0.435546875 0.74609375 0.427734375 0.755859375 0.4140625 0.755859375 0.40625 0.748046875 0.40234375 0.734375 0.40234375 0.69921875 0.40625 0.689453125 0.412109375 0.68359375 0.4140625 0.66796875 0.41796875 0.66015625