11 0.4375 0.353515625 0.44921875 0.365234375 0.494140625 0.396484375 0.494140625 0.4296875 0.478515625 0.4296875 0.47265625 0.427734375 0.453125 0.412109375 0.42578125 0.39453125 0.423828125 0.390625 0.419921875 0.390625 0.416015625 0.38671875 0.416015625 0.35546875 0.419921875 0.3515625 0.43359375 0.3515625 0.435546875 0.353515625
0 0.486328125 0.537109375 0.509765625 0.544921875 0.509765625 0.619140625 0.5 0.625 0.47265625 0.6328125 0.443359375 0.6328125 0.44140625 0.630859375 0.42578125 0.62890625 0.4140625 0.623046875 0.4140625 0.55078125 0.423828125 0.544921875 0.427734375 0.544921875 0.431640625 0.541015625 0.4375 0.541015625 0.447265625 0.537109375 0.484375 0.537109375
5 0.501953125 0.62890625 0.537109375 0.62890625 0.5390625 0.630859375 0.541015625 0.62890625 0.55859375 0.62890625 0.55859375 0.68359375 0.544921875 0.68359375 0.54296875 0.685546875 0.537109375 0.68359375 0.51953125 0.68359375 0.51953125 0.681640625 0.5390625 0.681640625 0.54296875 0.67578125 0.537109375 0.66796875 0.5234375 0.6640625 0.51171875 0.6640625 0.501953125 0.66015625 0.501953125 0.630859375
6 0.462890625 0.759765625 0.470703125 0.759765625 0.478515625 0.763671875 0.4921875 0.763671875 0.494140625 0.76171875 0.515625 0.763671875 0.515625 0.80859375 0.48828125 0.80859375 0.48046875 0.8046875 0.474609375 0.8046875 0.46875 0.80078125 0.462890625 0.80078125 0.462890625 0.76171875
1 0.35234375 0.48589409765625 0.3765625 0.467838541015625 0.4078125 0.39144965234375 0.409375 0.3831163203125 0.40625 0.367838541015625 0.393798828125 0.361328125 0.39229058203125 0.361328125 0.3734375 0.37339409765625 0.3421875 0.442838541015625 0.340625 0.467838541015625 0.35234375 0.48589409765625
10 0.6501953125 0.536176216796875 0.6501953125 0.5278428828125 0.6462890625 0.522287326171875 0.6384765625 0.522287326171875 0.6095703125 0.536176216796875 0.5900390625 0.561176216796875 0.5916015625 0.5778428828125 0.5978515625 0.5833984375 0.5916015625 0.623676216796875 0.5939453125 0.6528428828125 0.5978515625 0.673676216796875 0.6072265625 0.69312066015625 0.6181640625 0.694509548828125 0.6337890625 0.686176216796875 0.6416015625 0.679231771484375 0.6494140625 0.659787326171875 0.6478515625 0.61256510546875 0.6423828125 0.594509548828125 0.6337890625 0.588953994140625 0.6291015625 0.5653428828125 0.6353515625 0.55562066015625 0.6455078125 0.561176216796875 0.6439453125 0.5458984375 0.6501953125 0.536176216796875
7 0.60866313671875 0.689453125 0.608436 0.689453125 0.58671875 0.707378470703125 0.584375 0.7282118046875 0.59609375 0.7532118046875 0.61640625 0.74904513671875 0.623305666015625 0.755859375 0.62349609375 0.755859375 0.6265625 0.74904513671875 0.6265625 0.726822916015625 0.62265625 0.7157118046875 0.60866313671875 0.689453125
3 0.41391058984375 0.06848958203125 0.402799478515625 0.07708333203125 0.36391058984375 0.06848958203125 0.33335503515625 0.05520833203125 0.2861328125 0.05364583203125 0.28335503515625 0.05911458203125 0.290299478515625 0.06302083203125 0.331966146484375 0.07630208203125 0.359743923828125 0.09036458203125 0.3916883671875 0.12317708203125 0.43335503515625 0.14427083203125 0.477799478515625 0.19270833203125 0.481966146484375 0.20442708203125 0.494140625 0.2112752265625 0.494140625 0.0053084296875 0.47641058984375 0.01927083203125 0.47641058984375 0.04505208203125 0.4680772578125 0.05677083203125 0.41391058984375 0.06848958203125
12 0.3096788203125 0.64175347265625 0.388845486328125 0.64956597265625 0.58745659765625 0.658940970703125 0.611067708984375 0.66362847265625 0.62495659765625 0.66206597265625 0.68051215234375 0.67300347265625 0.704123263671875 0.666753470703125 0.72265625 0.66973198828125 0.72265625 0.228844994140625 0.5596788203125 0.238628470703125 0.26171875 0.259959705078125 0.26171875 0.6391476875 0.3096788203125 0.64175347265625
4 0.530078125 0.43832465234375 0.522265625 0.5036024296875 0.525390625 0.51332465234375 0.541015625 0.523046875 0.553515625 0.517491318359375 0.564453125 0.459157986328125 0.564453125 0.435745287109375 0.560546875 0.42582465234375 0.55017903515625 0.421875 0.5493550625 0.421875 0.530078125 0.43832465234375
8 0.40234375 0.6875 0.419921875 0.6875 0.421875 0.689453125 0.443359375 0.69140625 0.443359375 0.728515625 0.4375 0.728515625 0.40234375 0.71875 0.40234375 0.689453125
11 0.474609375 0.32421875 0.478515625 0.32421875 0.482421875 0.328125 0.482421875 0.33203125 0.494140625 0.3515625 0.494140625 0.365234375 0.4921875 0.369140625 0.48046875 0.380859375 0.431640625 0.453125 0.427734375 0.451171875 0.419921875 0.4296875 0.416015625 0.42578125 0.416015625 0.41015625 0.41796875 0.404296875 0.474609375 0.326171875
2 0.52172648046875 0.29296875 0.5119140625 0.30101996484375 0.5041015625 0.3162977421875 0.4955078125 0.355186630859375 0.4947265625 0.394075521484375 0.5001953125 0.41351996484375 0.5150390625 0.431575521484375 0.5267578125 0.434353298828125 0.5462890625 0.4232421875 0.5564453125 0.396853298828125 0.55859375 0.382848669921875 0.55859375 0.330633060546875 0.5541015625 0.31351996484375 0.5470703125 0.30101996484375 0.53650309375 0.29296875 0.52172648046875 0.29296875
3 0.436328125 0.15423176953125 0.430859375 0.144509546875 0.430078125 0.130620658203125 0.423046875 0.1264539921875 0.430859375 0.080620658203125 0.440234375 0.0639539921875 0.444140625 0.04867621484375 0.444921875 0.002842880859375 0.4414184609375 0.001953125 0.43917236328125 0.001953125 0.434765625 0.00978732421875 0.423828125 0.0458984375 0.410546875 0.07367621484375 0.398046875 0.09173176953125 0.385546875 0.09728732421875 0.375390625 0.10978732421875 0.349609375 0.15978732421875 0.333203125 0.17228732421875 0.315234375 0.194509546875 0.297265625 0.19728732421875 0.285870830078125 0.21484375 0.494140625 0.21484375 0.494140625 0.213259546875 0.480078125 0.194509546875 0.453515625 0.194509546875 0.441796875 0.18478732421875 0.436328125 0.15423176953125