10 0.384765625 0.791206337890625 0.439453125 0.806106544921875 0.439453125 0.770370513671875 0.4267578125 0.767881943359375 0.390646701171875 0.763194443359375 0.384765625 0.763014001953125 0.384765625 0.791206337890625
5 0.564453125 0.647352431640625 0.564453125 0.6219308046875 0.5599609375 0.620789931640625 0.5552734375 0.64440104296875 0.5490234375 0.641623263671875 0.5474609375 0.623567708984375 0.5396484375 0.61245659765625 0.530126947265625 0.611328125 0.52760009765625 0.611328125 0.5208984375 0.616623263671875 0.5060546875 0.677734375 0.5068359375 0.6971788203125 0.5146484375 0.713845486328125 0.523134763671875 0.720703125 0.534287111328125 0.720703125 0.5427734375 0.713845486328125 0.5521484375 0.68051215234375 0.5638671875 0.66245659765625 0.564453125 0.647352431640625
0 0.477587892578125 0.37890625 0.461328125 0.37890625 0.4537109375 0.3890625 0.4451171875 0.3890625 0.4302734375 0.4140625 0.4248046875 0.437673611328125 0.4248046875 0.475173611328125 0.4310546875 0.502951388671875 0.4443359375 0.5265625 0.4662109375 0.544618056640625 0.4849609375 0.5460069453125 0.4998046875 0.537673611328125 0.5154296875 0.515451388671875 0.5234375 0.46945780078125 0.5234375 0.44565972265625 0.5185546875 0.419618056640625 0.5083984375 0.39878472265625 0.4888671875 0.380729166015625 0.477587892578125 0.37890625
2 0.3732421875 0.345963541015625 0.3482421875 0.39457465234375 0.3435546875 0.416796873046875 0.3451171875 0.443185763671875 0.3552734375 0.466796875 0.3630859375 0.47513020703125 0.3818359375 0.479296873046875 0.3919921875 0.472352431640625 0.4037109375 0.451519095703125 0.4177734375 0.408463541015625 0.41796875 0.404991318359375 0.41796875 0.374609375 0.4146484375 0.3598524296875 0.396640625 0.33984375 0.38299560546875 0.33984375 0.3732421875 0.345963541015625
6 0.6328125 0.46113009765625 0.6328125 0.428072845703125 0.595703125 0.4284666953125 0.595703125 0.4641943046875 0.61011284765625 0.46538628515625 0.6328125 0.46113009765625
11 0.3349609375 0.5889539921875 0.3623046875 0.593120658203125 0.380859375 0.53676938671875 0.380859375 0.50874566015625 0.372692873046875 0.50390625 0.357195767578125 0.50390625 0.3333984375 0.5639539921875 0.3349609375 0.5889539921875
1 0.6134765625 0.53658854296875 0.6017578125 0.52964409765625 0.5931640625 0.537977431640625 0.5861328125 0.565755208984375 0.5869140625 0.6643663203125 0.5884765625 0.675477431640625 0.5962890625 0.685199654296875 0.6095703125 0.6768663203125 0.6171875 0.653476169921875 0.6171875 0.61401909765625 0.6166015625 0.59214409765625 0.6171875 0.581032986328125 0.6171875 0.5441282265625 0.6134765625 0.53658854296875
8 0.571875 0.752864583984375 0.56796875 0.811197916015625 0.57109375 0.836197916015625 0.578125 0.844531251953125 0.58984375 0.84730902734375 0.6015625 0.833828634765625 0.6015625 0.754484951171875 0.59296875 0.741753470703125 0.58741455078125 0.740234375 0.5818212890625 0.740234375 0.571875 0.752864583984375
9 0.4435546875 0.633094619140625 0.4591796875 0.627539064453125 0.4646484375 0.610872396484375 0.4638671875 0.585872396484375 0.455345458984375 0.57421875 0.440258791015625 0.57421875 0.4365234375 0.577539064453125 0.4318359375 0.592816841796875 0.4333984375 0.6219835078125 0.4435546875 0.633094619140625
7 0.403580728515625 0.639539931640625 0.40913628515625 0.639539931640625 0.4140625 0.6353834375 0.4140625 0.60490081640625 0.3869140625 0.596571181640625 0.37109375 0.597206818359375 0.37109375 0.629097689453125 0.403580728515625 0.639539931640625
4 0.564453125 0.490928818359375 0.564453125 0.45422665234375 0.521484375 0.44875421875 0.521484375 0.483191119140625 0.561892361328125 0.490928818359375 0.564453125 0.490928818359375
12 0.27734375 0.63138020703125 0.2953993046875 0.63684895703125 0.325954861328125 0.63606770703125 0.33984375 0.63997395703125 0.4342881953125 0.64544270703125 0.460677083984375 0.650130208984375 0.52456597265625 0.65091145703125 0.541232638671875 0.65481770703125 0.65512152734375 0.66106770703125 0.678732638671875 0.67044270703125 0.69262152734375 0.66497395703125 0.7078993046875 0.66419270703125 0.7265625 0.66562044140625 0.7265625 0.2256819921875 0.6592881953125 0.22981770703125 0.26171875 0.258054173828125 0.26171875 0.633263578125 0.27734375 0.63138020703125
3 0.59921875 0.6103515625 0.59296875 0.6353515625 0.5796875 0.65062933984375 0.57109375 0.677018228515625 0.5546875 0.6728515625 0.546875 0.6797960078125 0.55234375 0.6978515625 0.54921875 0.708962673828125 0.55 0.7228515625 0.55703125 0.7478515625 0.57734375 0.72562933984375 0.59765625 0.727018228515625 0.61484375 0.746462673828125 0.62109375 0.671462673828125 0.61484375 0.63812933984375 0.625 0.5422960078125 0.61741455078125 0.537109375 0.61385498046875 0.537109375 0.6109375 0.5422960078125 0.609375 0.55757378515625 0.60078125 0.581184896484375 0.59921875 0.6103515625