0 0.423828125 0.4221571171875 0.423828125 0.500913431640625 0.46410590234375 0.510525173828125 0.4807725703125 0.511306423828125 0.5168836796875 0.504275173828125 0.5234375 0.50081905859375 0.5234375 0.416682658203125 0.497439236328125 0.410525173828125 0.461328125 0.410525173828125 0.437717013671875 0.415212673828125 0.423828125 0.4221571171875
2 0.341796875 0.427852046875 0.3678819453125 0.441731771484375 0.3914930546875 0.44641926953125 0.4164930546875 0.44485676953125 0.41796875 0.44422200390625 0.41796875 0.384042080078125 0.3789930546875 0.371419271484375 0.3539930546875 0.37063801953125 0.341796875 0.373578171875 0.341796875 0.427852046875
4 0.564453125 0.490928818359375 0.564453125 0.4541818984375 0.521484375 0.4486042265625 0.521484375 0.483446462890625 0.56050347265625 0.490928818359375 0.564453125 0.490928818359375
6 0.6328125 0.46670558984375 0.6328125 0.430279765625 0.62016058984375 0.429752603515625 0.595703125 0.431717935546875 0.595703125 0.467099439453125 0.6328125 0.46670558984375
11 0.333984375 0.57719183984375 0.333984375 0.586247619140625 0.3576171875 0.594379341796875 0.3826171875 0.5346571171875 0.3828125 0.52805989453125 0.3828125 0.508123552734375 0.36573242578125 0.50390625 0.354415060546875 0.50390625 0.3349609375 0.562434896484375 0.333984375 0.57719183984375
9 0.44253472265625 0.61968316015625 0.46484375 0.617701765625 0.46484375 0.589393447265625 0.4522569453125 0.58608941015625 0.431640625 0.588022189453125 0.431640625 0.6166191953125 0.44253472265625 0.61968316015625
7 0.40258246484375 0.639539931640625 0.40952691015625 0.639539931640625 0.4140625 0.635828994140625 0.4140625 0.604988560546875 0.37758246484375 0.5957899296875 0.37109375 0.597614880859375 0.37109375 0.62912087109375 0.40258246484375 0.639539931640625
5 0.505859375 0.63755425390625 0.505859375 0.644359673828125 0.5143663203125 0.64585503515625 0.505859375 0.650432140625 0.505859375 0.686690767578125 0.546310763671875 0.69507378515625 0.5625 0.69507378515625 0.5625 0.652474734375 0.5504774296875 0.65054253515625 0.54214409765625 0.64194878515625 0.531032986328125 0.63804253515625 0.505859375 0.63755425390625
10 0.412890625 0.749327255859375 0.387109375 0.840993921875 0.388671875 0.886827255859375 0.392578125 0.897938369140625 0.398828125 0.90210503515625 0.408984375 0.900716146484375 0.416015625 0.88960503515625 0.433984375 0.797938369140625 0.437890625 0.77154948046875 0.438671875 0.695160591796875 0.439453125 0.6919198515625 0.439453125 0.675120908203125 0.436896970703125 0.671875 0.428468017578125 0.671875 0.418359375 0.740993923828125 0.412890625 0.749327255859375
8 0.6015625 0.775207466796875 0.56640625 0.774827171875 0.56640625 0.80737412109375 0.6015625 0.809673583984375 0.6015625 0.775207466796875
1 0.6171875 0.591674494140625 0.5859375 0.59117226171875 0.5859375 0.623350693359375 0.6171875 0.623350693359375 0.6171875 0.591674494140625
3 0.463216146484375 0.20062933984375 0.456271701171875 0.21859808984375 0.456271701171875 0.22797308984375 0.468771701171875 0.24281683984375 0.4618272578125 0.26156683984375 0.4479383671875 0.26391058984375 0.4229383671875 0.27953558984375 0.37109375 0.272058 0.37109375 0.288448630859375 0.396549478515625 0.29516058984375 0.438216146484375 0.31703558984375 0.4979383671875 0.33266058984375 0.505859375 0.3278337265625 0.505859375 0.252846951171875 0.49516058984375 0.24281683984375 0.478493923828125 0.21937933984375 0.47016058984375 0.19750433984375 0.463216146484375 0.20062933984375
12 0.67265625 0.0515625 0.6609375 0.046006943359375 0.322531890625 0.001953125 0.319443359375 0.001953125 0.31640625 0.015451388671875 0.303125 0.2140625 0.28203125 0.57934027734375 0.2796875 0.61128472265625 0.27421875 0.634895833984375 0.2734375 0.708506943359375 0.26171875 0.883506943359375 0.348876955078125 0.888671875 0.7242626953125 0.888671875 0.7265625 0.868229166015625 0.71875 0.73628472265625 0.7 0.4265625 0.67265625 0.0515625