10 0.411328125 0.683441841796875 0.393359375 0.775108505859375 0.388671875 0.8112196171875 0.386328125 0.887608505859375 0.386328125 0.894552951171875 0.391796875 0.902886283203125 0.396484375 0.904275171875 0.400390625 0.897330728515625 0.410546875 0.827886283203125 0.416015625 0.819552951171875 0.439453125 0.733531443359375 0.439453125 0.69038628515625 0.436328125 0.677886283203125 0.432333375 0.673828125 0.418087767578125 0.673828125 0.411328125 0.683441841796875
5 0.50390625 0.644559654296875 0.5143663203125 0.64663628515625 0.511588541015625 0.65288628515625 0.50390625 0.653551099609375 0.50390625 0.685217716796875 0.54769965234375 0.69585503515625 0.564453125 0.695181904296875 0.564453125 0.65369194921875 0.5504774296875 0.64976128515625 0.532421875 0.63804253515625 0.50390625 0.636936326171875 0.50390625 0.644559654296875
0 0.43355034765625 0.416775173828125 0.423828125 0.422243923828125 0.423828125 0.5016338046875 0.4793836796875 0.511306423828125 0.5168836796875 0.504275173828125 0.5234375 0.5010801875 0.5234375 0.416586642578125 0.522439236328125 0.415993923828125 0.498828125 0.410525173828125 0.461328125 0.410525173828125 0.43355034765625 0.416775173828125
2 0.341796875 0.3739568984375 0.341796875 0.43149519140625 0.381510416015625 0.44446614453125 0.4092881953125 0.446028646484375 0.41796875 0.444075521484375 0.41796875 0.386542037109375 0.3953993046875 0.37493489453125 0.373177083984375 0.37024739453125 0.3467881953125 0.371809896484375 0.341796875 0.3739568984375
6 0.6302734375 0.387543400390625 0.6242578125 0.380859375 0.609033203125 0.380859375 0.6013671875 0.39448784765625 0.5974609375 0.441710068359375 0.6021484375 0.4667100703125 0.6021484375 0.497265625 0.6099609375 0.512543400390625 0.6194824296875 0.513671875 0.6218994140625 0.513671875 0.6310546875 0.5028211796875 0.6328125 0.4934461796875 0.6328125 0.401085068359375 0.6302734375 0.387543400390625
11 0.369943576171875 0.570768228515625 0.380859375 0.57141455859375 0.380859375 0.538446505859375 0.342165798828125 0.523111978515625 0.33203125 0.523745388671875 0.33203125 0.55828490234375 0.369943576171875 0.570768228515625
1 0.6134765625 0.53658854296875 0.6017578125 0.52964409765625 0.5931640625 0.537977431640625 0.5861328125 0.565755208984375 0.5869140625 0.6643663203125 0.5884765625 0.675477431640625 0.5962890625 0.685199654296875 0.6095703125 0.6768663203125 0.6171875 0.653476169921875 0.6171875 0.61401909765625 0.6166015625 0.59214409765625 0.6171875 0.581032986328125 0.6171875 0.5441282265625 0.6134765625 0.53658854296875
8 0.6015625 0.810844529296875 0.6015625 0.778598361328125 0.566623263671875 0.7762586796875 0.56640625 0.776285806640625 0.56640625 0.811204080078125 0.6015625 0.810844529296875
9 0.4435546875 0.633094619140625 0.4591796875 0.627539064453125 0.4646484375 0.610872396484375 0.4638671875 0.585872396484375 0.455345458984375 0.57421875 0.440258791015625 0.57421875 0.4365234375 0.577539064453125 0.4318359375 0.592816841796875 0.4333984375 0.6219835078125 0.4435546875 0.633094619140625
7 0.37109375 0.631210294921875 0.3982421875 0.639539931640625 0.4140625 0.63890429296875 0.4140625 0.607013423828125 0.381575521484375 0.596571181640625 0.37601996484375 0.596571181640625 0.37109375 0.60072767578125 0.37109375 0.631210294921875
4 0.531640625 0.431249998046875 0.522265625 0.504861109375 0.528515625 0.515972220703125 0.541015625 0.522916666015625 0.553515625 0.517361109375 0.564453125 0.4602430546875 0.564453125 0.43576388671875 0.559765625 0.4243055546875 0.54265625390625 0.41796875 0.540605466796875 0.41796875 0.531640625 0.431249998046875
12 0.262890625 0.02690972265625 0.278515625 0.281076388671875 0.317578125 0.83107638671875 0.334765625 0.84357638671875 0.350390625 0.846354166015625 0.565234375 0.874131943359375 0.592578125 0.8727430546875 0.653515625 0.88802083203125 0.669140625 0.88802083203125 0.671484375 0.883854166015625 0.677734375 0.801909720703125 0.676171875 0.7727430546875 0.679296875 0.764409720703125 0.682421875 0.68246527734375 0.680078125 0.66302083203125 0.685546875 0.64496527734375 0.684765625 0.614409720703125 0.688671875 0.60052083203125 0.694140625 0.50607638671875 0.698828125 0.479687498046875 0.699609375 0.415798611328125 0.703515625 0.399131943359375 0.709765625 0.2852430546875 0.719140625 0.2616319453125 0.713671875 0.247743056640625 0.712890625 0.23246527734375 0.726171875 0.058854166015625 0.7265625 0.034548609375 0.7265625 0.010203931640625 0.68318483203125 0.005859375 0.328051130859375 0.005859375 0.264453125 0.00607638671875 0.262890625 0.02690972265625
3 0.566015625 0.22699652734375 0.56640625 0.225376158203125 0.56640625 0.217274306640625 0.544921875 0.217274306640625 0.527734375 0.238107638671875 0.516796875 0.2436631953125 0.509765625 0.240885416015625 0.505078125 0.225607638671875 0.489453125 0.204774306640625 0.492578125 0.18671875 0.489453125 0.1686631953125 0.490234375 0.14921875 0.482421875 0.11449652734375 0.4796875 0.11328125 0.479284408203125 0.11328125 0.474609375 0.178385416015625 0.469921875 0.20199652734375 0.455078125 0.23949652734375 0.447265625 0.30894097265625 0.461328125 0.320052083984375 0.4791845703125 0.34765625 0.479435484375 0.34765625 0.513671875 0.304774306640625 0.520703125 0.27699652734375 0.550390625 0.235329861328125 0.566015625 0.22699652734375