0 0.4765625 0.341796875 0.478515625 0.34375 0.484375 0.34375 0.498046875 0.357421875 0.5078125 0.376953125 0.5078125 0.3828125 0.509765625 0.384765625 0.509765625 0.431640625 0.50390625 0.451171875 0.5 0.455078125 0.49609375 0.466796875 0.484375 0.48046875 0.48046875 0.48046875 0.47265625 0.486328125 0.443359375 0.486328125 0.431640625 0.4765625 0.423828125 0.46484375 0.423828125 0.458984375 0.419921875 0.453125 0.419921875 0.447265625 0.416015625 0.4375 0.416015625 0.3984375 0.41796875 0.396484375 0.419921875 0.3828125 0.423828125 0.37890625 0.427734375 0.3671875 0.443359375 0.34765625 0.45703125 0.341796875 0.474609375 0.341796875
5 0.52734375 0.291015625 0.53515625 0.302734375 0.53515625 0.3125 0.5390625 0.322265625 0.5390625 0.333984375 0.54296875 0.34765625 0.55078125 0.353515625 0.556640625 0.349609375 0.556640625 0.330078125 0.55859375 0.330078125 0.55859375 0.373046875 0.55078125 0.376953125 0.544921875 0.376953125 0.5390625 0.388671875 0.533203125 0.39453125 0.513671875 0.39453125 0.509765625 0.390625 0.50390625 0.376953125 0.50390625 0.3515625 0.505859375 0.349609375 0.50390625 0.34765625 0.50390625 0.30859375 0.5078125 0.296875 0.513671875 0.291015625 0.517578125 0.2890625 0.5234375 0.2890625 0.525390625 0.291015625
6 0.5 0.14453125 0.50390625 0.146484375 0.50390625 0.150390625 0.5078125 0.15625 0.5078125 0.193359375 0.51171875 0.19921875 0.51171875 0.205078125 0.515625 0.212890625 0.515625 0.25 0.505859375 0.265625 0.501953125 0.28515625 0.494140625 0.28515625 0.48828125 0.271484375 0.478515625 0.265625 0.47265625 0.2578125 0.470703125 0.234375 0.46875 0.232421875 0.470703125 0.203125 0.466796875 0.1953125 0.466796875 0.181640625 0.46484375 0.1796875 0.46484375 0.162109375 0.466796875 0.15625 0.478515625 0.146484375 0.498046875 0.14453125
1 0.33984375 0.568049044921875 0.33984375 0.609762912109375 0.342838541015625 0.609201388671875 0.41015625 0.581662326171875 0.41015625 0.542580837890625 0.3942274296875 0.543576388671875 0.33984375 0.568049044921875
10 0.5978515625 0.326323783203125 0.5939453125 0.3471571171875 0.5916015625 0.376323783203125 0.5978515625 0.4166015625 0.5916015625 0.4221571171875 0.5900390625 0.438823783203125 0.6095703125 0.463823783203125 0.6384765625 0.477712673828125 0.6462890625 0.477712673828125 0.6501953125 0.4721571171875 0.6501953125 0.463823783203125 0.6439453125 0.4541015625 0.6455078125 0.438823783203125 0.6353515625 0.44437933984375 0.6291015625 0.4346571171875 0.6337890625 0.411046005859375 0.6423828125 0.405490451171875 0.6478515625 0.38743489453125 0.6494140625 0.340212673828125 0.6416015625 0.320768228515625 0.6337890625 0.313823783203125 0.6181640625 0.305490451171875 0.6072265625 0.30687933984375 0.5978515625 0.326323783203125
7 0.626953125 0.263947212890625 0.611458333984375 0.256684029296875 0.590625 0.25902777734375 0.583984375 0.267073150390625 0.583984375 0.286985734375 0.598958333984375 0.294965279296875 0.6100694453125 0.298871529296875 0.626953125 0.298871529296875 0.626953125 0.263947212890625
12 0.2671875 0.365234375 0.278125 0.4207899296875 0.2765625 0.4346788203125 0.28125 0.458289931640625 0.290625 0.656901041015625 0.2984375 0.736067708984375 0.31171875 0.98051215234375 0.316318359375 0.994140625 0.31814778125 0.994140625 0.48359375 0.969401041015625 0.4921875 0.9582899296875 0.51015625 0.959678818359375 0.515625 0.965234375 0.66875 0.94440104296875 0.7015625 0.486067708984375 0.72265625 0.1346788203125 0.72265625 0.118012154296875 0.718896484375 0.111328125 0.71567383984375 0.111328125 0.70234375 0.112456599609375 0.69140625 0.129123263671875 0.671875 0.1346788203125 0.659375 0.13190104296875 0.65859375 0.13745659765625 0.6453125 0.14301215234375 0.6453125 0.1707899296875 0.63828125 0.191623263671875 0.63125 0.19995659765625 0.63828125 0.2221788203125 0.6390625 0.240234375 0.61875 0.265234376953125 0.60078125 0.236067708984375 0.5796875 0.2221788203125 0.54765625 0.1596788203125 0.53515625 0.154123265625 0.51953125 0.13190104296875 0.49609375 0.127734375 0.48455810546875 0.111328125 0.28461914453125 0.111328125 0.271875 0.113845486328125 0.26875 0.119401041015625 0.26171875 0.116623263671875 0.2625 0.20551215234375 0.26875 0.25134548828125 0.2703125 0.3221788203125 0.2734375 0.341623265625 0.2671875 0.365234375
4 0.525217013671875 0.54995659765625 0.564453125 0.542599826171875 0.564453125 0.507692671875 0.521484375 0.512947001953125 0.521484375 0.549765724609375 0.525217013671875 0.54995659765625
3 0.287109375 0.942032490234375 0.287109375 0.94736870703125 0.287282986328125 0.94761284765625 0.342838541015625 0.94526909765625 0.365060763671875 0.93355034765625 0.4067274296875 0.92417534765625 0.41644965234375 0.93276909765625 0.438671875 0.93901909765625 0.4692274296875 0.94136284765625 0.480338541015625 0.95776909765625 0.480338541015625 0.98433159765625 0.494140625 0.99338921484375 0.494140625 0.791123146484375 0.484505208984375 0.79605034765625 0.480338541015625 0.80698784765625 0.430338541015625 0.85933159765625 0.384505208984375 0.88511284765625 0.37339409765625 0.90230034765625 0.33589409765625 0.92417534765625 0.2942274296875 0.93745659765625 0.287109375 0.942032490234375
2 0.494140625 0.607421875 0.50390625 0.607421875 0.505859375 0.60546875 0.55859375 0.60546875 0.55859375 0.662109375 0.552734375 0.662109375 0.53515625 0.66796875 0.494140625 0.66796875 0.494140625 0.609375
8 0.427734375 0.2421875 0.435546875 0.25390625 0.44140625 0.294921875 0.443359375 0.296875 0.443359375 0.330078125 0.435546875 0.341796875 0.421875 0.341796875 0.41796875 0.33984375 0.40234375 0.279296875 0.40234375 0.26171875 0.40625 0.25 0.416015625 0.2421875 0.42578125 0.2421875
11 0.4375 0.544921875 0.45703125 0.572265625 0.45703125 0.576171875 0.4609375 0.578125 0.478515625 0.60546875 0.494140625 0.625 0.494140625 0.6484375 0.482421875 0.673828125 0.478515625 0.671875 0.4765625 0.666015625 0.455078125 0.634765625 0.439453125 0.615234375 0.431640625 0.6015625 0.427734375 0.599609375 0.41796875 0.5859375 0.41796875 0.572265625 0.421875 0.568359375 0.421875 0.564453125 0.42578125 0.560546875 0.4296875 0.548828125 0.435546875 0.544921875