10 0.384765625 0.236985998046875 0.390646701171875 0.236805556640625 0.4267578125 0.232118056640625 0.439453125 0.229629486328125 0.439453125 0.193893455078125 0.384765625 0.208793662109375 0.384765625 0.236985998046875
5 0.5474609375 0.376432291015625 0.5490234375 0.358376736328125 0.5552734375 0.35559895703125 0.5599609375 0.379210068359375 0.564453125 0.3780691953125 0.564453125 0.352647568359375 0.5638671875 0.33754340234375 0.5521484375 0.31948784765625 0.5427734375 0.286154513671875 0.534287111328125 0.279296875 0.523134763671875 0.279296875 0.5146484375 0.286154513671875 0.5068359375 0.3028211796875 0.5060546875 0.322265625 0.5208984375 0.383376736328125 0.52760009765625 0.388671875 0.530126947265625 0.388671875 0.5396484375 0.38754340234375 0.5474609375 0.376432291015625
0 0.4713975703125 0.589084201171875 0.5234375 0.580023677734375 0.5234375 0.498044162109375 0.51723090234375 0.494552951171875 0.489453125 0.488302951171875 0.451953125 0.488302951171875 0.428342013671875 0.493771701171875 0.423828125 0.496451822265625 0.423828125 0.57714409765625 0.4338975703125 0.582052951171875 0.4713975703125 0.589084201171875
2 0.41796875 0.6159767734375 0.41796875 0.55577799609375 0.4164930546875 0.55514323046875 0.390104166015625 0.55358073046875 0.3678819453125 0.558268228515625 0.341796875 0.571683408203125 0.341796875 0.626617837890625 0.3539930546875 0.62936198046875 0.381770833984375 0.62779948046875 0.41796875 0.6159767734375
6 0.6291015625 0.602821181640625 0.6291015625 0.572265625 0.6328125 0.552473958984375 0.6328125 0.535460068359375 0.6298828125 0.50004340234375 0.62216796875 0.486328125 0.607070314453125 0.486328125 0.6009765625 0.493098958984375 0.5970703125 0.513932291015625 0.5962890625 0.587543404296875 0.6001953125 0.608376736328125 0.60927734375 0.619140625 0.6125 0.619140625 0.6212890625 0.61809895703125 0.6291015625 0.602821181640625
11 0.33203125 0.44400644140625 0.33203125 0.475789388671875 0.346462673828125 0.474934896484375 0.380859375 0.46360915234375 0.380859375 0.427692330078125 0.374240451171875 0.427278646484375 0.33203125 0.44400644140625
1 0.607430013671875 0.470703125 0.60888671875 0.470703125 0.6162109375 0.461588541015625 0.6171875 0.454644095703125 0.6171875 0.346465083984375 0.6115234375 0.324088541015625 0.6029296875 0.31575520703125 0.5912109375 0.32269965234375 0.5857421875 0.333810763671875 0.5880859375 0.37825520703125 0.5865234375 0.436588541015625 0.5951171875 0.4629774296875 0.607430013671875 0.470703125
8 0.566623263671875 0.2237413203125 0.6015625 0.221401638671875 0.6015625 0.189155470703125 0.56640625 0.188795919921875 0.56640625 0.223714193359375 0.566623263671875 0.2237413203125
9 0.431640625 0.382718048828125 0.431640625 0.412655298828125 0.4565321171875 0.413433158203125 0.46484375 0.410705904296875 0.46484375 0.382033185546875 0.4384765625 0.380620658203125 0.431640625 0.382718048828125
7 0.37109375 0.365386283203125 0.37109375 0.370941841796875 0.38671875 0.419552953125 0.3921875 0.423719619140625 0.41328125 0.407052953125 0.4140625 0.3876085078125 0.4046875 0.357052953125 0.39453125 0.340386283203125 0.38515625 0.3487196171875 0.37109375 0.365386283203125
4 0.559765625 0.5756944453125 0.564453125 0.56423611328125 0.564453125 0.5397569453125 0.553515625 0.482638890625 0.541015625 0.477083333984375 0.528515625 0.484027779296875 0.522265625 0.495138890625 0.531640625 0.568750001953125 0.540605466796875 0.58203125 0.54265625390625 0.58203125 0.559765625 0.5756944453125
12 0.4342881953125 0.35455729296875 0.33984375 0.36002604296875 0.325954861328125 0.36393229296875 0.2953993046875 0.36315104296875 0.27734375 0.36861979296875 0.26171875 0.366736421875 0.26171875 0.741945826171875 0.6592881953125 0.77018229296875 0.7265625 0.7743180078125 0.7265625 0.33437955859375 0.7078993046875 0.33580729296875 0.69262152734375 0.33502604296875 0.678732638671875 0.32955729296875 0.65512152734375 0.33893229296875 0.541232638671875 0.34518229296875 0.52456597265625 0.34908854296875 0.460677083984375 0.349869791015625 0.4342881953125 0.35455729296875
3 0.3612196171875 0.4701171875 0.38344183984375 0.4841796875 0.3862196171875 0.5052734375 0.39594183984375 0.5115234375 0.3876085078125 0.5271484375 0.363997396484375 0.5396484375 0.351497396484375 0.5630859375 0.3556640625 0.5677734375 0.3681640625 0.5685546875 0.4126085078125 0.5404296875 0.4556640625 0.5326171875 0.47265625 0.523367408203125 0.47265625 0.5012179921875 0.4612196171875 0.4912109375 0.459830728515625 0.4732421875 0.472330728515625 0.4560546875 0.42094183984375 0.4521484375 0.3806640625 0.4552734375 0.349609375 0.44618994140625 0.349609375 0.4675048828125 0.3612196171875 0.4701171875