0 0.451153564453125 0.513671875 0.4474609375 0.518923609375 0.4474609375 0.531423609375 0.4427734375 0.54253472265625 0.4169921875 0.553645833984375 0.4123046875 0.573090279296875 0.4130859375 0.598090279296875 0.4185546875 0.6203125 0.4373046875 0.6522569453125 0.4599609375 0.66197916796875 0.4755859375 0.66197916796875 0.4912109375 0.65364583203125 0.5044921875 0.630034720703125 0.509765625 0.60860615234375 0.509765625 0.57682959375 0.5005859375 0.546701390625 0.4857421875 0.524479166015625 0.464465330078125 0.513671875 0.451153564453125 0.513671875
7 0.414453125 0.219335935546875 0.411328125 0.233224826171875 0.400390625 0.256835935546875 0.398046875 0.27211371484375 0.414453125 0.292947046875 0.425390625 0.298502603515625 0.430078125 0.292947046875 0.441796875 0.263780380859375 0.443359375 0.256558158203125 0.443359375 0.24049606640625 0.430859375 0.223502603515625 0.420800783203125 0.216796875 0.416833494140625 0.216796875 0.414453125 0.219335935546875
8 0.3943359375 0.658658853515625 0.3943359375 0.6350477421875 0.3865234375 0.61976996484375 0.3794921875 0.615603298828125 0.3708984375 0.615603298828125 0.3599609375 0.6294921875 0.3498046875 0.689214408203125 0.3498046875 0.701714408203125 0.3552734375 0.714214408203125 0.3693359375 0.718381076171875 0.3771484375 0.711436630859375 0.3943359375 0.658658853515625
11 0.325390625 0.58404948046875 0.325390625 0.58960503515625 0.333203125 0.603493923828125 0.338671875 0.606271703125 0.360546875 0.565993923828125 0.369921875 0.53404948046875 0.374609375 0.52710503515625 0.375 0.52398003515625 0.375 0.510438369140625 0.374261474609375 0.5078125 0.36127477734375 0.5078125 0.341796875 0.543771703125 0.325390625 0.58404948046875
2 0.5771484375 0.653190103515625 0.5716796875 0.665690103515625 0.5701171875 0.703190103515625 0.5724609375 0.757356771484375 0.5779296875 0.77680121484375 0.5841796875 0.787912326171875 0.5982421875 0.794856771484375 0.6083984375 0.7934678828125 0.6146484375 0.790690103515625 0.6232421875 0.77680121484375 0.625 0.77117621484375 0.625 0.6684678828125 0.6154296875 0.6490234375 0.6044921875 0.640690103515625 0.5857421875 0.6434678828125 0.5771484375 0.653190103515625
6 0.51953125 0.789879693359375 0.51953125 0.758742171875 0.486740451171875 0.75347222265625 0.48046875 0.753358421875 0.48046875 0.786217583984375 0.51953125 0.789879693359375
4 0.531640625 0.429861109375 0.523046875 0.481249998046875 0.522265625 0.503472220703125 0.525390625 0.513194443359375 0.541796875 0.522916666015625 0.550390625 0.52152777734375 0.554296875 0.51458333203125 0.564453125 0.460416666015625 0.564453125 0.434953703125 0.560546875 0.4256944453125 0.542439783203125 0.41796875 0.54055989453125 0.41796875 0.531640625 0.429861109375
10 0.4109375 0.51022135546875 0.4 0.51577691015625 0.39375 0.51022135546875 0.39140625 0.519943578125 0.38125 0.52827691015625 0.38203125 0.5379991328125 0.390625 0.544943578125 0.415625 0.54772135546875 0.44375 0.539388021484375 0.446875 0.521332466796875 0.465625 0.47272135546875 0.46640625 0.429665798828125 0.4569023984375 0.41796875 0.45057705859375 0.41796875 0.4328125 0.432443578125 0.4171875 0.432443578125 0.40703125 0.464388021484375 0.4109375 0.51022135546875
1 0.4056640625 0.413736978515625 0.401066080078125 0.376953125 0.399230955078125 0.376953125 0.3908203125 0.38040364453125 0.3798828125 0.3970703125 0.3681640625 0.441514755859375 0.3564453125 0.460959201171875 0.3572265625 0.48179253515625 0.3658203125 0.501236978515625 0.37257690625 0.50390625 0.372960068359375 0.50390625 0.3978515625 0.479014755859375 0.4025390625 0.458181423828125 0.4158203125 0.43040364453125 0.4056640625 0.413736978515625
5 0.40234375 0.401417712890625 0.4034071171875 0.4018663203125 0.42007378515625 0.4026475703125 0.439518228515625 0.4081163203125 0.453125 0.406840685546875 0.453125 0.366880533203125 0.436740451171875 0.3573350703125 0.4047960078125 0.3581163203125 0.40234375 0.359119515625 0.40234375 0.401417712890625
9 0.49609375 0.284444486328125 0.49984808984375 0.28671875 0.51929253515625 0.28828125 0.533181423828125 0.2859375 0.53515625 0.284363810546875 0.53515625 0.252225341796875 0.533181423828125 0.25078125 0.5026258671875 0.25 0.49609375 0.253429361328125 0.49609375 0.284444486328125
3 0.30336371484375 0.03489583203125 0.283203125 0.041638732421875 0.283203125 0.12732049609375 0.29086371484375 0.12239583203125 0.3005859375 0.12552083203125 0.33530816015625 0.11692708203125 0.346419271484375 0.10911458203125 0.3825303828125 0.11692708203125 0.411697048828125 0.13020833203125 0.431640625 0.130798767578125 0.431640625 0.114193646484375 0.4200303828125 0.11067708203125 0.386697048828125 0.09348958203125 0.3575303828125 0.06302083203125 0.30336371484375 0.03489583203125
12 0.3142578125 0.82233073046875 0.3212890625 0.8431640625 0.5087890625 0.8626085078125 0.5220703125 0.8681640625 0.6705078125 0.8876085078125 0.6736328125 0.873719619140625 0.6962890625 0.491775173828125 0.7158203125 0.2556640625 0.7173828125 0.16538628515625 0.7283203125 0.016775173828125 0.7205078125 0.004275173828125 0.7116882265625 0.00390625 0.316033974609375 0.00390625 0.2642578125 0.004275173828125 0.2626953125 0.026497396484375 0.2830078125 0.366775173828125 0.3142578125 0.82233073046875