0 0.4440266953125 0.513671875 0.4322265625 0.519965279296875 0.4189453125 0.543576390625 0.4134765625 0.565798609375 0.4126953125 0.593576390625 0.4228515625 0.62690972265625 0.4376953125 0.6491319453125 0.4595703125 0.6602430546875 0.4720703125 0.6602430546875 0.4759765625 0.654687501953125 0.4759765625 0.642187501953125 0.4806640625 0.631076388671875 0.5064453125 0.619965279296875 0.509765625 0.606192130859375 0.509765625 0.57313987890625 0.5048828125 0.553298611328125 0.4861328125 0.52135416796875 0.468230326171875 0.513671875 0.4440266953125 0.513671875
7 0.396484375 0.2699588828125 0.4146484375 0.277256943359375 0.4327039921875 0.281163193359375 0.43687066015625 0.279600693359375 0.443359375 0.274827744140625 0.443359375 0.245933701171875 0.4215928828125 0.235850693359375 0.406315103515625 0.233506943359375 0.396484375 0.241248642578125 0.396484375 0.2699588828125
8 0.39453125 0.689079626953125 0.39453125 0.65445513671875 0.3642578125 0.644596353515625 0.349609375 0.644596353515625 0.349609375 0.681440296875 0.39453125 0.689079626953125
11 0.369140625 0.510394966796875 0.364056396484375 0.5078125 0.36356580078125 0.5078125 0.341796875 0.547894966796875 0.332421875 0.57983941015625 0.327734375 0.58678385546875 0.326171875 0.59928385546875 0.328460693359375 0.607421875 0.340340169921875 0.607421875 0.360546875 0.5701171875 0.375 0.5346343828125 0.375 0.5208116328125 0.369140625 0.510394966796875
2 0.5771484375 0.653190103515625 0.5716796875 0.665690103515625 0.5701171875 0.703190103515625 0.5724609375 0.757356771484375 0.5779296875 0.77680121484375 0.5841796875 0.787912326171875 0.5982421875 0.794856771484375 0.6083984375 0.7934678828125 0.6146484375 0.790690103515625 0.6232421875 0.77680121484375 0.625 0.77117621484375 0.625 0.6684678828125 0.6154296875 0.6490234375 0.6044921875 0.640690103515625 0.5857421875 0.6434678828125 0.5771484375 0.653190103515625
6 0.51953125 0.71463265625 0.511328125 0.696072048828125 0.508764646484375 0.6953125 0.506109619140625 0.6953125 0.499609375 0.703016494140625 0.488671875 0.728016494140625 0.48046875 0.815516494140625 0.48046875 0.83461371484375 0.484765625 0.846072048828125 0.49537760546875 0.849609375 0.4976904296875 0.849609375 0.506640625 0.836349826171875 0.519140625 0.758572048828125 0.51953125 0.737044271484375 0.51953125 0.71463265625
4 0.5563368046875 0.490928818359375 0.564453125 0.491214158203125 0.564453125 0.45495062890625 0.527170138671875 0.447960068359375 0.521484375 0.448250818359375 0.521484375 0.48510045703125 0.5563368046875 0.490928818359375
10 0.39555121484375 0.4518663203125 0.3858289921875 0.449522568359375 0.380859375 0.44346584765625 0.380859375 0.504371578125 0.384440103515625 0.5049913203125 0.43305121484375 0.5237413203125 0.466796875 0.524353640625 0.466796875 0.473227033203125 0.441384548828125 0.465147568359375 0.39555121484375 0.469053818359375 0.38999566015625 0.4581163203125 0.39555121484375 0.4518663203125
1 0.4056640625 0.413736978515625 0.401066080078125 0.376953125 0.399230955078125 0.376953125 0.3908203125 0.38040364453125 0.3798828125 0.3970703125 0.3681640625 0.441514755859375 0.3564453125 0.460959201171875 0.3572265625 0.48179253515625 0.3658203125 0.501236978515625 0.37257690625 0.50390625 0.372960068359375 0.50390625 0.3978515625 0.479014755859375 0.4025390625 0.458181423828125 0.4158203125 0.43040364453125 0.4056640625 0.413736978515625
5 0.40234375 0.401417712890625 0.4034071171875 0.4018663203125 0.42007378515625 0.4026475703125 0.439518228515625 0.4081163203125 0.453125 0.406840685546875 0.453125 0.366880533203125 0.436740451171875 0.3573350703125 0.4047960078125 0.3581163203125 0.40234375 0.359119515625 0.40234375 0.401417712890625
9 0.512109375 0.30258246484375 0.523828125 0.2998046875 0.533984375 0.285915798828125 0.534765625 0.2553602421875 0.524773763671875 0.236328125 0.50789325390625 0.236328125 0.498046875 0.25258246484375 0.496484375 0.27202691015625 0.498828125 0.285915798828125 0.512109375 0.30258246484375
3 0.30336371484375 0.03489583203125 0.283203125 0.041638732421875 0.283203125 0.12732049609375 0.29086371484375 0.12239583203125 0.3005859375 0.12552083203125 0.33530816015625 0.11692708203125 0.346419271484375 0.10911458203125 0.3825303828125 0.11692708203125 0.411697048828125 0.13020833203125 0.431640625 0.130798767578125 0.431640625 0.114193646484375 0.4200303828125 0.11067708203125 0.386697048828125 0.09348958203125 0.3575303828125 0.06302083203125 0.30336371484375 0.03489583203125
12 0.3142578125 0.82233073046875 0.3212890625 0.8431640625 0.5087890625 0.8626085078125 0.5220703125 0.8681640625 0.6705078125 0.8876085078125 0.6736328125 0.873719619140625 0.6962890625 0.491775173828125 0.7158203125 0.2556640625 0.7173828125 0.16538628515625 0.7283203125 0.016775173828125 0.7205078125 0.004275173828125 0.7116882265625 0.00390625 0.316033974609375 0.00390625 0.2642578125 0.004275173828125 0.2626953125 0.026497396484375 0.2830078125 0.366775173828125 0.3142578125 0.82233073046875