10 0.384765625 0.236985998046875 0.390646701171875 0.236805556640625 0.4267578125 0.232118056640625 0.439453125 0.229629486328125 0.439453125 0.193893455078125 0.384765625 0.208793662109375 0.384765625 0.236985998046875
5 0.564453125 0.321302416015625 0.560286458984375 0.32094183984375 0.5575086796875 0.31469183984375 0.564453125 0.3133131640625 0.564453125 0.30512826171875 0.539453125 0.30609808984375 0.5213975703125 0.31781683984375 0.50390625 0.3227362734375 0.50390625 0.362742783203125 0.50473090234375 0.36312933984375 0.52417534765625 0.36391058984375 0.564453125 0.354127208984375 0.564453125 0.321302416015625
0 0.4713975703125 0.589084201171875 0.5234375 0.580023677734375 0.5234375 0.498044162109375 0.51723090234375 0.494552951171875 0.489453125 0.488302951171875 0.451953125 0.488302951171875 0.428342013671875 0.493771701171875 0.423828125 0.496451822265625 0.423828125 0.57714409765625 0.4338975703125 0.582052951171875 0.4713975703125 0.589084201171875
2 0.3435546875 0.583203126953125 0.3482421875 0.60542534765625 0.3732421875 0.654036458984375 0.38299560546875 0.66015625 0.396640625 0.66015625 0.4146484375 0.6401475703125 0.41796875 0.625390625 0.41796875 0.595008681640625 0.4177734375 0.591536458984375 0.4037109375 0.548480904296875 0.3919921875 0.527647568359375 0.3818359375 0.520703126953125 0.3630859375 0.52486979296875 0.3552734375 0.533203125 0.3451171875 0.556814236328125 0.3435546875 0.583203126953125
6 0.595703125 0.56625433984375 0.59613715234375 0.56625433984375 0.62113715234375 0.570941841796875 0.6328125 0.56997605078125 0.6328125 0.53399323046875 0.595703125 0.533599380859375 0.595703125 0.56625433984375
11 0.3623046875 0.406879341796875 0.3349609375 0.4110460078125 0.3333984375 0.4360460078125 0.357195767578125 0.49609375 0.372692873046875 0.49609375 0.380859375 0.49125433984375 0.380859375 0.46323061328125 0.3623046875 0.406879341796875
1 0.583984375 0.408794716796875 0.6171875 0.40905776953125 0.6171875 0.378795453125 0.61714409765625 0.3787977421875 0.583984375 0.37790953515625 0.583984375 0.408794716796875
8 0.59296875 0.258246529296875 0.6015625 0.245515048828125 0.6015625 0.166171365234375 0.58984375 0.15269097265625 0.578125 0.155468748046875 0.57109375 0.163802083984375 0.56796875 0.188802083984375 0.571875 0.247135416015625 0.5818212890625 0.259765625 0.58741455078125 0.259765625 0.59296875 0.258246529296875
9 0.431640625 0.382718048828125 0.431640625 0.412655298828125 0.4565321171875 0.413433158203125 0.46484375 0.410705904296875 0.46484375 0.382033185546875 0.4384765625 0.380620658203125 0.431640625 0.382718048828125
7 0.3982421875 0.360460068359375 0.37109375 0.368789705078125 0.37109375 0.39927232421875 0.37601996484375 0.403428818359375 0.381575521484375 0.403428818359375 0.4140625 0.392986576171875 0.4140625 0.36109570703125 0.3982421875 0.360460068359375
4 0.559765625 0.5756944453125 0.564453125 0.56423611328125 0.564453125 0.5397569453125 0.553515625 0.482638890625 0.541015625 0.477083333984375 0.528515625 0.484027779296875 0.522265625 0.495138890625 0.531640625 0.568750001953125 0.540605466796875 0.58203125 0.54265625390625 0.58203125 0.559765625 0.5756944453125
12 0.698828125 0.520312501953125 0.694140625 0.49392361328125 0.688671875 0.39947916796875 0.684765625 0.385590279296875 0.685546875 0.35503472265625 0.680078125 0.33697916796875 0.682421875 0.31753472265625 0.679296875 0.235590279296875 0.676171875 0.2272569453125 0.677734375 0.198090279296875 0.671484375 0.116145833984375 0.669140625 0.11197916796875 0.653515625 0.11197916796875 0.592578125 0.1272569453125 0.565234375 0.125868056640625 0.350390625 0.153645833984375 0.334765625 0.15642361328125 0.317578125 0.16892361328125 0.278515625 0.718923611328125 0.262890625 0.97309027734375 0.264453125 0.99392361328125 0.328051130859375 0.994140625 0.68318483203125 0.994140625 0.7265625 0.989796068359375 0.7265625 0.965451390625 0.726171875 0.941145833984375 0.712890625 0.76753472265625 0.713671875 0.752256943359375 0.719140625 0.7383680546875 0.709765625 0.7147569453125 0.703515625 0.600868056640625 0.699609375 0.584201388671875 0.698828125 0.520312501953125
3 0.338302951171875 0.43062066015625 0.3299696171875 0.43374566015625 0.32163628515625 0.44468316015625 0.3674696171875 0.44780816015625 0.370247396484375 0.43687066015625 0.363302951171875 0.41890191015625 0.375802951171875 0.40796441015625 0.385525173828125 0.38374566015625 0.403580728515625 0.37515191015625 0.4140625 0.365202416015625 0.4140625 0.34702691015625 0.4063585078125 0.34702691015625 0.3619140625 0.37358941015625 0.338302951171875 0.37358941015625 0.314453125 0.38421003515625 0.314453125 0.396254111328125 0.32163628515625 0.39780816015625 0.341080728515625 0.41265191015625 0.338302951171875 0.43062066015625