0 0.45043402734375 0.5381727421875 0.4282118046875 0.543641494140625 0.41015625 0.5542393203125 0.41015625 0.6248914921875 0.418489583984375 0.6295789921875 0.4407118046875 0.6350477421875 0.468489583984375 0.635828994140625 0.501822916015625 0.6256727421875 0.509765625 0.62036726171875 0.509765625 0.56945326171875 0.505989583984375 0.567860244140625 0.49487847265625 0.5420789921875 0.47543402734375 0.5373914921875 0.45043402734375 0.5381727421875
7 0.396484375 0.2413598203125 0.396484375 0.266812607421875 0.3977647578125 0.267100693359375 0.4213758671875 0.278038193359375 0.436653646484375 0.280381943359375 0.443359375 0.275101181640625 0.443359375 0.242674423828125 0.4283203125 0.236631943359375 0.4102647578125 0.232725693359375 0.40609808984375 0.234288193359375 0.396484375 0.2413598203125
8 0.39453125 0.689079626953125 0.39453125 0.65445513671875 0.3642578125 0.644596353515625 0.349609375 0.644596353515625 0.349609375 0.681440296875 0.39453125 0.689079626953125
11 0.342122396484375 0.5663194453125 0.37406683984375 0.5756944453125 0.375 0.576324328125 0.375 0.553341111328125 0.3643446171875 0.5475694453125 0.32421875 0.531225072265625 0.32421875 0.5565959140625 0.342122396484375 0.5663194453125
2 0.5771484375 0.653190103515625 0.5716796875 0.665690103515625 0.5701171875 0.703190103515625 0.5724609375 0.757356771484375 0.5779296875 0.77680121484375 0.5841796875 0.787912326171875 0.5982421875 0.794856771484375 0.6083984375 0.7934678828125 0.6146484375 0.790690103515625 0.6232421875 0.77680121484375 0.625 0.77117621484375 0.625 0.6684678828125 0.6154296875 0.6490234375 0.6044921875 0.640690103515625 0.5857421875 0.6434678828125 0.5771484375 0.653190103515625
6 0.51953125 0.707747396484375 0.516015625 0.698372396484375 0.50683593359375 0.6953125 0.5027685546875 0.6953125 0.494140625 0.708094619140625 0.481640625 0.785872396484375 0.480859375 0.828927951171875 0.489453125 0.848372396484375 0.493627927734375 0.849609375 0.494268798828125 0.849609375 0.501171875 0.841427951171875 0.512109375 0.816427951171875 0.51953125 0.73726128515625 0.51953125 0.707747396484375
4 0.534765625 0.4243055546875 0.523046875 0.4868055546875 0.523828125 0.50208333203125 0.528515625 0.513194443359375 0.548046875 0.52152777734375 0.557421875 0.50902777734375 0.564453125 0.466982322265625 0.564453125 0.428125 0.563671875 0.425694443359375 0.550634765625 0.41796875 0.538330078125 0.41796875 0.534765625 0.4243055546875
10 0.38125 0.53422308984375 0.39140625 0.546723091796875 0.39609375 0.546723091796875 0.41484375 0.5314453125 0.43046875 0.5314453125 0.440625 0.4995008671875 0.43671875 0.45366753515625 0.44765625 0.44811198046875 0.45390625 0.45366753515625 0.45625 0.4439453125 0.46640625 0.43561198046875 0.465625 0.4258897578125 0.45703125 0.4189453125 0.448242185546875 0.41796875 0.425952150390625 0.41796875 0.40390625 0.424500869140625 0.40078125 0.442556423828125 0.38203125 0.49116753515625 0.38125 0.53422308984375
1 0.4154296875 0.419596353515625 0.4146484375 0.39876301953125 0.4060546875 0.379318576171875 0.400067138671875 0.376953125 0.398611111328125 0.376953125 0.3740234375 0.401540798828125 0.3693359375 0.422374130859375 0.3560546875 0.45015191015625 0.3662109375 0.466818576171875 0.370846896484375 0.50390625 0.371903482421875 0.50390625 0.3810546875 0.50015191015625 0.3919921875 0.4834852421875 0.4037109375 0.439040798828125 0.4154296875 0.419596353515625
5 0.40234375 0.392947048828125 0.4046875 0.417947048828125 0.41640625 0.4318359375 0.43046875 0.42905816015625 0.453125 0.390169271484375 0.45234375 0.358224828125 0.44609375 0.342947048828125 0.437451169921875 0.333984375 0.422003173828125 0.333984375 0.415625 0.340169271484375 0.40859375 0.3568359375 0.4078125 0.37350260546875 0.40234375 0.392947048828125
9 0.508203125 0.2376953125 0.498046875 0.251584201171875 0.497265625 0.2821397578125 0.508203125 0.30297308984375 0.523046875 0.30297308984375 0.533984375 0.28491753515625 0.53515625 0.270334201171875 0.53515625 0.263158275390625 0.533203125 0.251584201171875 0.521045939453125 0.236328125 0.513970947265625 0.236328125 0.508203125 0.2376953125
3 0.373046875 0.1764539921875 0.376171875 0.16673176953125 0.367578125 0.132009546875 0.359765625 0.120898435546875 0.367578125 0.08478732421875 0.380859375 0.05562066015625 0.382421875 0.002842880859375 0.37941894921875 0.001953125 0.37745361328125 0.001953125 0.372265625 0.01117621484375 0.361328125 0.04728732421875 0.344140625 0.080620658203125 0.313671875 0.10978732421875 0.285546875 0.1639539921875 0.302567435546875 0.21484375 0.431640625 0.21484375 0.431640625 0.21329609765625 0.418359375 0.195898435546875 0.392578125 0.195898435546875 0.379296875 0.18617621484375 0.373046875 0.1764539921875
12 0.447981771484375 0.6454210078125 0.6840928828125 0.6649522578125 0.728515625 0.66572111328125 0.728515625 0.22285533984375 0.572981771484375 0.2321397578125 0.26171875 0.253491642578125 0.26171875 0.634372224609375 0.447981771484375 0.6454210078125