11 0.484375 0.619140625 0.494140625 0.6328125 0.494140625 0.646484375 0.490234375 0.650390625 0.490234375 0.654296875 0.486328125 0.658203125 0.482421875 0.669921875 0.478515625 0.673828125 0.474609375 0.673828125 0.455078125 0.646484375 0.455078125 0.642578125 0.451171875 0.640625 0.43359375 0.61328125 0.41796875 0.59375 0.416015625 0.587890625 0.416015625 0.572265625 0.419921875 0.568359375 0.419921875 0.564453125 0.4296875 0.544921875 0.43359375 0.546875 0.443359375 0.564453125 0.482421875 0.619140625
0 0.478515625 0.3671875 0.48046875 0.369140625 0.494140625 0.37109375 0.498046875 0.375 0.509765625 0.37890625 0.509765625 0.455078125 0.4921875 0.4609375 0.4453125 0.4609375 0.4140625 0.44921875 0.4140625 0.375 0.439453125 0.3671875 0.4765625 0.3671875
5 0.54296875 0.3125 0.544921875 0.314453125 0.55859375 0.314453125 0.55859375 0.369140625 0.541015625 0.369140625 0.5390625 0.3671875 0.537109375 0.369140625 0.501953125 0.369140625 0.501953125 0.337890625 0.51171875 0.333984375 0.5234375 0.333984375 0.537109375 0.330078125 0.54296875 0.322265625 0.5390625 0.31640625 0.51953125 0.31640625 0.51953125 0.314453125 0.537109375 0.314453125 0.541015625 0.3125
6 0.5 0.14453125 0.50390625 0.146484375 0.50390625 0.150390625 0.5078125 0.15625 0.5078125 0.193359375 0.51171875 0.19921875 0.51171875 0.205078125 0.515625 0.212890625 0.515625 0.25 0.505859375 0.265625 0.501953125 0.28515625 0.494140625 0.28515625 0.48828125 0.271484375 0.478515625 0.265625 0.47265625 0.2578125 0.470703125 0.234375 0.46875 0.232421875 0.470703125 0.203125 0.466796875 0.1953125 0.466796875 0.181640625 0.46484375 0.1796875 0.46484375 0.162109375 0.466796875 0.15625 0.478515625 0.146484375 0.498046875 0.14453125
1 0.340625 0.53589409765625 0.3421875 0.5442274296875 0.3734375 0.620616318359375 0.39765625 0.638671875 0.409375 0.620616318359375 0.4078125 0.595616318359375 0.3765625 0.526171875 0.35703125 0.513671875 0.34375 0.520616318359375 0.340625 0.53589409765625
10 0.5978515625 0.326323783203125 0.5939453125 0.3471571171875 0.5916015625 0.376323783203125 0.5978515625 0.4166015625 0.5916015625 0.4221571171875 0.5900390625 0.438823783203125 0.6095703125 0.463823783203125 0.6384765625 0.477712673828125 0.6462890625 0.477712673828125 0.6501953125 0.4721571171875 0.6501953125 0.463823783203125 0.6439453125 0.4541015625 0.6455078125 0.438823783203125 0.6353515625 0.44437933984375 0.6291015625 0.4346571171875 0.6337890625 0.411046005859375 0.6423828125 0.405490451171875 0.6478515625 0.38743489453125 0.6494140625 0.340212673828125 0.6416015625 0.320768228515625 0.6337890625 0.313823783203125 0.6181640625 0.305490451171875 0.6072265625 0.30687933984375 0.5978515625 0.326323783203125
7 0.6265625 0.273177083984375 0.6265625 0.25095486328125 0.62349609375 0.244140625 0.623305666015625 0.244140625 0.61640625 0.25095486328125 0.59609375 0.2467881953125 0.584375 0.2717881953125 0.58671875 0.292621529296875 0.608436 0.310546875 0.60866313671875 0.310546875 0.62265625 0.2842881953125 0.6265625 0.273177083984375
12 0.374869791015625 0.769184029296875 0.39848090234375 0.76449652734375 0.597092013671875 0.755121529296875 0.6762586796875 0.747309029296875 0.72265625 0.744788138671875 0.72265625 0.3654033984375 0.4262586796875 0.34418402734375 0.26171875 0.33430675390625 0.26171875 0.775448388671875 0.262369791015625 0.77543402734375 0.281814236328125 0.77230902734375 0.30542534765625 0.778559029296875 0.36098090234375 0.76762152734375 0.374869791015625 0.769184029296875
4 0.550415041015625 0.578125 0.563671875 0.57026909765625 0.564453125 0.56783854296875 0.564453125 0.541380208984375 0.558984375 0.496657986328125 0.539453125 0.4786024296875 0.529296875 0.481380208984375 0.523828125 0.493880208984375 0.523046875 0.509157986328125 0.534765625 0.571657986328125 0.539615884765625 0.578125 0.550415041015625 0.578125
3 0.303255208984375 0.79761284765625 0.287109375 0.78701714453125 0.287109375 0.99201980859375 0.299088541015625 0.98589409765625 0.303255208984375 0.97495659765625 0.353255208984375 0.92261284765625 0.399088541015625 0.89683159765625 0.41019965234375 0.87964409765625 0.44769965234375 0.85776909765625 0.4893663203125 0.84448784765625 0.494140625 0.841418650390625 0.494140625 0.834423150390625 0.440755208984375 0.83667534765625 0.418532986328125 0.84839409765625 0.3768663203125 0.85776909765625 0.36714409765625 0.84917534765625 0.344921875 0.84292534765625 0.3143663203125 0.84058159765625 0.303255208984375 0.82417534765625 0.303255208984375 0.79761284765625
2 0.494140625 0.61328125 0.521484375 0.60546875 0.55859375 0.60546875 0.55859375 0.666015625 0.552734375 0.666015625 0.55078125 0.66796875 0.494140625 0.66796875 0.494140625 0.615234375
8 0.4296875 0.244140625 0.443359375 0.296875 0.443359375 0.328125 0.44140625 0.333984375 0.431640625 0.341796875 0.419921875 0.341796875 0.416015625 0.337890625 0.41015625 0.322265625 0.408203125 0.30078125 0.404296875 0.287109375 0.404296875 0.25390625 0.408203125 0.25 0.408203125 0.24609375 0.41796875 0.240234375 0.427734375 0.244140625