10 0.411328125 0.683441841796875 0.393359375 0.775108505859375 0.388671875 0.8112196171875 0.386328125 0.887608505859375 0.386328125 0.894552951171875 0.391796875 0.902886283203125 0.396484375 0.904275171875 0.400390625 0.897330728515625 0.410546875 0.827886283203125 0.416015625 0.819552951171875 0.439453125 0.733531443359375 0.439453125 0.69038628515625 0.436328125 0.677886283203125 0.432333375 0.673828125 0.418087767578125 0.673828125 0.411328125 0.683441841796875
5 0.50390625 0.644559654296875 0.5143663203125 0.64663628515625 0.511588541015625 0.65288628515625 0.50390625 0.653551099609375 0.50390625 0.685217716796875 0.54769965234375 0.69585503515625 0.564453125 0.695181904296875 0.564453125 0.65369194921875 0.5504774296875 0.64976128515625 0.532421875 0.63804253515625 0.50390625 0.636936326171875 0.50390625 0.644559654296875
0 0.43355034765625 0.416775173828125 0.423828125 0.422243923828125 0.423828125 0.5016338046875 0.4793836796875 0.511306423828125 0.5168836796875 0.504275173828125 0.5234375 0.5010801875 0.5234375 0.416586642578125 0.522439236328125 0.415993923828125 0.498828125 0.410525173828125 0.461328125 0.410525173828125 0.43355034765625 0.416775173828125
2 0.341796875 0.3739568984375 0.341796875 0.43149519140625 0.381510416015625 0.44446614453125 0.4092881953125 0.446028646484375 0.41796875 0.444075521484375 0.41796875 0.386542037109375 0.3953993046875 0.37493489453125 0.373177083984375 0.37024739453125 0.3467881953125 0.371809896484375 0.341796875 0.3739568984375
6 0.6328125 0.46113009765625 0.6328125 0.428072845703125 0.595703125 0.4284666953125 0.595703125 0.4641943046875 0.61011284765625 0.46538628515625 0.6328125 0.46113009765625
11 0.374240451171875 0.572721353515625 0.380859375 0.572307669921875 0.380859375 0.53639084765625 0.346462673828125 0.525065103515625 0.33203125 0.524210611328125 0.33203125 0.55599355859375 0.374240451171875 0.572721353515625
1 0.6134765625 0.53658854296875 0.6017578125 0.52964409765625 0.5931640625 0.537977431640625 0.5861328125 0.565755208984375 0.5869140625 0.6643663203125 0.5884765625 0.675477431640625 0.5962890625 0.685199654296875 0.6095703125 0.6768663203125 0.6171875 0.653476169921875 0.6171875 0.61401909765625 0.6166015625 0.59214409765625 0.6171875 0.581032986328125 0.6171875 0.5441282265625 0.6134765625 0.53658854296875
8 0.58671875 0.847135416015625 0.59765625 0.83324652734375 0.6015625 0.774913193359375 0.5984375 0.7499131953125 0.59140625 0.741579859375 0.585729986328125 0.740234375 0.578442380859375 0.740234375 0.56640625 0.754079859375 0.5671875 0.830468751953125 0.5765625 0.844357640625 0.58671875 0.847135416015625
9 0.4435546875 0.633094619140625 0.4591796875 0.627539064453125 0.4646484375 0.610872396484375 0.4638671875 0.585872396484375 0.455345458984375 0.57421875 0.440258791015625 0.57421875 0.4365234375 0.577539064453125 0.4318359375 0.592816841796875 0.4333984375 0.6219835078125 0.4435546875 0.633094619140625
7 0.37109375 0.631210294921875 0.3982421875 0.639539931640625 0.4140625 0.63890429296875 0.4140625 0.607013423828125 0.381575521484375 0.596571181640625 0.37601996484375 0.596571181640625 0.37109375 0.60072767578125 0.37109375 0.631210294921875
4 0.564453125 0.48973667578125 0.564453125 0.45509936328125 0.527170138671875 0.447960068359375 0.521484375 0.447960068359375 0.521484375 0.4842642421875 0.564453125 0.48973667578125
12 0.64921875 0.251692708984375 0.5547743046875 0.24622395703125 0.528385416015625 0.24153645703125 0.46449652734375 0.24075520703125 0.447829861328125 0.23684895703125 0.33394097265625 0.23059895703125 0.310329861328125 0.22122395703125 0.29644097265625 0.22669270703125 0.2811631953125 0.22747395703125 0.26171875 0.22598645703125 0.26171875 0.66603269921875 0.3297743046875 0.66184895703125 0.7265625 0.6336679765625 0.7265625 0.258497255859375 0.71171875 0.26028645703125 0.6936631953125 0.25481770703125 0.663107638671875 0.255598958984375 0.64921875 0.251692708984375
3 0.513802083984375 0.170334201171875 0.52074652734375 0.192209201171875 0.5485243046875 0.209396701171875 0.55546875 0.221115451171875 0.541579861328125 0.229709201171875 0.534635416015625 0.242209201171875 0.498046875 0.248339728515625 0.498046875 0.267068076171875 0.54019097265625 0.271115451171875 0.563802083984375 0.278927951171875 0.609375 0.281176615234375 0.609375 0.214176431640625 0.566579861328125 0.200802951171875 0.538802083984375 0.185177951171875 0.5249131953125 0.171115451171875 0.513802083984375 0.170334201171875