10 0.416796875 0.74850260546875 0.411328125 0.7568359375 0.387109375 0.845724826171875 0.387890625 0.886002603515625 0.391015625 0.898502603515625 0.396484375 0.90405816015625 0.408203125 0.90405816015625 0.416015625 0.892947046875 0.433984375 0.801280380859375 0.438671875 0.76516926953125 0.439453125 0.739706306640625 0.439453125 0.679454984375 0.435760498046875 0.673828125 0.42989501953125 0.673828125 0.426953125 0.679058158203125 0.416796875 0.74850260546875
5 0.564453125 0.647352431640625 0.564453125 0.6219308046875 0.5599609375 0.620789931640625 0.5552734375 0.64440104296875 0.5490234375 0.641623263671875 0.5474609375 0.623567708984375 0.5396484375 0.61245659765625 0.530126947265625 0.611328125 0.52760009765625 0.611328125 0.5208984375 0.616623263671875 0.5060546875 0.677734375 0.5068359375 0.6971788203125 0.5146484375 0.713845486328125 0.523134763671875 0.720703125 0.534287111328125 0.720703125 0.5427734375 0.713845486328125 0.5521484375 0.68051215234375 0.5638671875 0.66245659765625 0.564453125 0.647352431640625
0 0.461027017578125 0.37890625 0.4509765625 0.384548611328125 0.4353515625 0.406770833984375 0.4251953125 0.465104166015625 0.4322265625 0.502604166015625 0.4423828125 0.5234375 0.4619140625 0.541493056640625 0.4876953125 0.54565972265625 0.4970703125 0.53315972265625 0.5056640625 0.53315972265625 0.5205078125 0.50815972265625 0.5234375 0.495510912109375 0.5234375 0.435763888671875 0.5197265625 0.419270833984375 0.5064453125 0.39565972265625 0.486147837890625 0.37890625 0.461027017578125 0.37890625
2 0.3778271484375 0.33984375 0.3712890625 0.344314234375 0.3595703125 0.3651475703125 0.3455078125 0.408203125 0.3439453125 0.43598090234375 0.3486328125 0.456814236328125 0.3673828125 0.477647568359375 0.3767578125 0.47903645703125 0.3900390625 0.470703125 0.4150390625 0.42209201171875 0.41796875 0.408203125 0.41796875 0.373026841796875 0.4080078125 0.349869791015625 0.4001953125 0.341536458984375 0.39257812109375 0.33984375 0.3778271484375 0.33984375
6 0.595703125 0.466400619140625 0.6328125 0.46600676953125 0.6328125 0.43002394921875 0.62113715234375 0.429058158203125 0.59613715234375 0.43374566015625 0.595703125 0.43374566015625 0.595703125 0.466400619140625
11 0.374240451171875 0.572721353515625 0.380859375 0.572307669921875 0.380859375 0.53639084765625 0.346462673828125 0.525065103515625 0.33203125 0.524210611328125 0.33203125 0.55599355859375 0.374240451171875 0.572721353515625
1 0.6171875 0.622711458984375 0.6171875 0.59189259375 0.58754340234375 0.5926866328125 0.583984375 0.59249894921875 0.583984375 0.62297451171875 0.6171875 0.622711458984375
8 0.571875 0.752864583984375 0.56796875 0.811197916015625 0.57109375 0.836197916015625 0.578125 0.844531251953125 0.58984375 0.84730902734375 0.6015625 0.833828634765625 0.6015625 0.754484951171875 0.59296875 0.741753470703125 0.58741455078125 0.740234375 0.5818212890625 0.740234375 0.571875 0.752864583984375
9 0.4403428828125 0.618988716796875 0.46484375 0.618223064453125 0.46484375 0.588153755859375 0.4583984375 0.586176216796875 0.431640625 0.587609671875 0.431640625 0.6161332890625 0.4403428828125 0.618988716796875
7 0.37109375 0.631210294921875 0.3982421875 0.639539931640625 0.4140625 0.63890429296875 0.4140625 0.607013423828125 0.381575521484375 0.596571181640625 0.37601996484375 0.596571181640625 0.37109375 0.60072767578125 0.37109375 0.631210294921875
4 0.564453125 0.490928818359375 0.564453125 0.45422665234375 0.521484375 0.44875421875 0.521484375 0.483191119140625 0.561892361328125 0.490928818359375 0.564453125 0.490928818359375
12 0.64921875 0.251692708984375 0.5547743046875 0.24622395703125 0.528385416015625 0.24153645703125 0.46449652734375 0.24075520703125 0.447829861328125 0.23684895703125 0.33394097265625 0.23059895703125 0.310329861328125 0.22122395703125 0.29644097265625 0.22669270703125 0.2811631953125 0.22747395703125 0.26171875 0.22598645703125 0.26171875 0.66603269921875 0.3297743046875 0.66184895703125 0.7265625 0.6336679765625 0.7265625 0.258497255859375 0.71171875 0.26028645703125 0.6936631953125 0.25481770703125 0.663107638671875 0.255598958984375 0.64921875 0.251692708984375
3 0.509765625 0.295114990234375 0.55687933984375 0.30944010546875 0.583268228515625 0.32350260546875 0.59437933984375 0.33522135546875 0.602712673828125 0.33990885546875 0.608268228515625 0.33912760546875 0.60132378515625 0.31647135546875 0.574934896484375 0.30084635546875 0.5666015625 0.29147135546875 0.583268228515625 0.27037760546875 0.583268228515625 0.26256510546875 0.6110460078125 0.26256510546875 0.6171875 0.260439205078125 0.6171875 0.24276225 0.595768228515625 0.24147135546875 0.55132378515625 0.23131510546875 0.509765625 0.23131510546875 0.509765625 0.295114990234375