10 0.436697048828125 0.8131944453125 0.439453125 0.813279005859375 0.439453125 0.784331111328125 0.384765625 0.76943090234375 0.384765625 0.8054058046875 0.4005859375 0.8085069453125 0.436697048828125 0.8131944453125
5 0.564453125 0.647352431640625 0.564453125 0.6219308046875 0.5599609375 0.620789931640625 0.5552734375 0.64440104296875 0.5490234375 0.641623263671875 0.5474609375 0.623567708984375 0.5396484375 0.61245659765625 0.530126947265625 0.611328125 0.52760009765625 0.611328125 0.5208984375 0.616623263671875 0.5060546875 0.677734375 0.5068359375 0.6971788203125 0.5146484375 0.713845486328125 0.523134763671875 0.720703125 0.534287111328125 0.720703125 0.5427734375 0.713845486328125 0.5521484375 0.68051215234375 0.5638671875 0.66245659765625 0.564453125 0.647352431640625
0 0.43355034765625 0.416775173828125 0.423828125 0.422243923828125 0.423828125 0.5016338046875 0.4793836796875 0.511306423828125 0.5168836796875 0.504275173828125 0.5234375 0.5010801875 0.5234375 0.416586642578125 0.522439236328125 0.415993923828125 0.498828125 0.410525173828125 0.461328125 0.410525173828125 0.43355034765625 0.416775173828125
2 0.341796875 0.428316591796875 0.3678819453125 0.441731771484375 0.390104166015625 0.44641926953125 0.4164930546875 0.44485676953125 0.41796875 0.44422200390625 0.41796875 0.3840232265625 0.381770833984375 0.37220051953125 0.3539930546875 0.37063801953125 0.341796875 0.373382162109375 0.341796875 0.428316591796875
6 0.6291015625 0.427734375 0.6291015625 0.397178818359375 0.6212890625 0.38190104296875 0.6125 0.380859375 0.60927734375 0.380859375 0.6001953125 0.391623263671875 0.5962890625 0.412456595703125 0.5970703125 0.486067708984375 0.6009765625 0.506901041015625 0.607070314453125 0.513671875 0.62216796875 0.513671875 0.6298828125 0.49995659765625 0.6328125 0.464539931640625 0.6328125 0.447526041015625 0.6291015625 0.427734375
11 0.3349609375 0.5889539921875 0.3623046875 0.593120658203125 0.380859375 0.53676938671875 0.380859375 0.50874566015625 0.372692873046875 0.50390625 0.357195767578125 0.50390625 0.3333984375 0.5639539921875 0.3349609375 0.5889539921875
1 0.6171875 0.621204546875 0.6171875 0.59094223046875 0.583984375 0.591205283203125 0.583984375 0.62209046484375 0.61714409765625 0.6212022578125 0.6171875 0.621204546875
8 0.58671875 0.847135416015625 0.59765625 0.83324652734375 0.6015625 0.774913193359375 0.5984375 0.7499131953125 0.59140625 0.741579859375 0.585729986328125 0.740234375 0.578442380859375 0.740234375 0.56640625 0.754079859375 0.5671875 0.830468751953125 0.5765625 0.844357640625 0.58671875 0.847135416015625
9 0.4403428828125 0.618988716796875 0.46484375 0.618223064453125 0.46484375 0.588153755859375 0.4583984375 0.586176216796875 0.431640625 0.587609671875 0.431640625 0.6161332890625 0.4403428828125 0.618988716796875
7 0.403580728515625 0.639539931640625 0.40913628515625 0.639539931640625 0.4140625 0.6353834375 0.4140625 0.60490081640625 0.3869140625 0.596571181640625 0.37109375 0.597206818359375 0.37109375 0.629097689453125 0.403580728515625 0.639539931640625
4 0.531640625 0.431249998046875 0.522265625 0.504861109375 0.528515625 0.515972220703125 0.541015625 0.522916666015625 0.553515625 0.517361109375 0.564453125 0.4602430546875 0.564453125 0.43576388671875 0.559765625 0.4243055546875 0.54265625390625 0.41796875 0.540605466796875 0.41796875 0.531640625 0.431249998046875
12 0.27734375 0.63138020703125 0.2953993046875 0.63684895703125 0.325954861328125 0.63606770703125 0.33984375 0.63997395703125 0.4342881953125 0.64544270703125 0.460677083984375 0.650130208984375 0.52456597265625 0.65091145703125 0.541232638671875 0.65481770703125 0.65512152734375 0.66106770703125 0.678732638671875 0.67044270703125 0.69262152734375 0.66497395703125 0.7078993046875 0.66419270703125 0.7265625 0.66562044140625 0.7265625 0.2256819921875 0.6592881953125 0.22981770703125 0.26171875 0.258054173828125 0.26171875 0.633263578125 0.27734375 0.63138020703125
3 0.4794921875 0.6512803828125 0.4794921875 0.632530380859375 0.493381076171875 0.620811630859375 0.5078125 0.61733262890625 0.5078125 0.59783375390625 0.4794921875 0.607530380859375 0.437825521484375 0.6059678828125 0.4044921875 0.610655380859375 0.403103298828125 0.615342880859375 0.415603298828125 0.627061630859375 0.415603298828125 0.6395616328125 0.4049546875 0.650238974609375 0.400390625 0.652181767578125 0.400390625 0.666627669921875 0.4169921875 0.675499130859375 0.468381076171875 0.6864366328125 0.4975477421875 0.705186630859375 0.5078125 0.705186630859375 0.5078125 0.691232466796875 0.503103298828125 0.680967880859375 0.4794921875 0.673155380859375 0.4725477421875 0.662217880859375 0.4794921875 0.6512803828125