11 0.4140625 0.353515625 0.423828125 0.349609375 0.435546875 0.353515625 0.447265625 0.365234375 0.494140625 0.396484375 0.494140625 0.42578125 0.4921875 0.427734375 0.4765625 0.427734375 0.466796875 0.423828125 0.455078125 0.412109375 0.443359375 0.40625 0.4375 0.400390625 0.423828125 0.392578125 0.421875 0.388671875 0.41796875 0.388671875 0.4140625 0.384765625 0.4140625 0.35546875
2 0.494140625 0.330078125 0.53515625 0.330078125 0.54296875 0.333984375 0.55859375 0.3359375 0.55859375 0.392578125 0.5078125 0.392578125 0.505859375 0.390625 0.494140625 0.390625 0.494140625 0.33203125
0 0.4921875 0.537109375 0.509765625 0.54296875 0.509765625 0.619140625 0.478515625 0.630859375 0.439453125 0.630859375 0.4296875 0.626953125 0.421875 0.626953125 0.4140625 0.623046875 0.4140625 0.548828125 0.421875 0.546875 0.42578125 0.54296875 0.4296875 0.54296875 0.435546875 0.5390625 0.443359375 0.5390625 0.4453125 0.537109375 0.490234375 0.537109375
5 0.548828125 0.60546875 0.5546875 0.611328125 0.55859375 0.623046875 0.55859375 0.69140625 0.552734375 0.705078125 0.546875 0.7109375 0.53125 0.7109375 0.5234375 0.703125 0.517578125 0.69140625 0.51171875 0.69140625 0.50390625 0.6875 0.50390625 0.669921875 0.501953125 0.66796875 0.50390625 0.64453125 0.505859375 0.64453125 0.505859375 0.6640625 0.509765625 0.66796875 0.513671875 0.66796875 0.51953125 0.662109375 0.521484375 0.65625 0.5234375 0.63671875 0.52734375 0.62890625 0.52734375 0.6171875 0.53125 0.609375 0.5390625 0.603515625 0.544921875 0.603515625 0.546875 0.60546875
6 0.494140625 0.712890625 0.501953125 0.712890625 0.505859375 0.732421875 0.513671875 0.744140625 0.513671875 0.791015625 0.5078125 0.8046875 0.5078125 0.841796875 0.50390625 0.84765625 0.50390625 0.8515625 0.5 0.853515625 0.482421875 0.853515625 0.474609375 0.849609375 0.466796875 0.841796875 0.466796875 0.802734375 0.470703125 0.79296875 0.470703125 0.78125 0.46875 0.779296875 0.470703125 0.748046875 0.474609375 0.736328125 0.48828125 0.7265625 0.490234375 0.71875 0.494140625 0.71484375
10 0.60093316015625 0.59446614453125 0.58984375 0.596961263671875 0.58984375 0.6374178046875 0.5967664921875 0.631966146484375 0.6356553828125 0.63743489453125 0.650390625 0.63615973046875 0.650390625 0.579222216796875 0.642599826171875 0.57884114453125 0.624544271484375 0.581184896484375 0.605099826171875 0.58821614453125 0.60093316015625 0.59446614453125
1 0.33984375 0.430108740234375 0.40776909765625 0.457400173828125 0.408203125 0.457382734375 0.408203125 0.41653745703125 0.371657986328125 0.401931423828125 0.3549913203125 0.391775173828125 0.33984375 0.390828451171875 0.33984375 0.430108740234375
7 0.58839925 0.689453125 0.5849609375 0.696788193359375 0.5849609375 0.717621525390625 0.5888671875 0.72873263671875 0.6029296875 0.755121525390625 0.625 0.736179955078125 0.625 0.7084085625 0.6146484375 0.69123263671875 0.5990234375 0.6953993046875 0.590327150390625 0.689453125 0.58839925 0.689453125
4 0.564453125 0.492981080078125 0.564453125 0.454984595703125 0.521484375 0.45025569921875 0.521484375 0.485069443359375 0.563845486328125 0.49301215234375 0.564453125 0.492981080078125
3 0.41391058984375 0.06848958203125 0.4041883671875 0.07708333203125 0.362521701171875 0.06770833203125 0.337521701171875 0.05598958203125 0.284743923828125 0.05364583203125 0.28335503515625 0.05911458203125 0.2916883671875 0.06380208203125 0.327799478515625 0.07473958203125 0.359743923828125 0.09036458203125 0.3736328125 0.10052083203125 0.387521701171875 0.12005208203125 0.431966146484375 0.14348958203125 0.477799478515625 0.18880208203125 0.481966146484375 0.20442708203125 0.494140625 0.2112752265625 0.494140625 0.0052336171875 0.477799478515625 0.01770833203125 0.477799478515625 0.04270833203125 0.4680772578125 0.05598958203125 0.41391058984375 0.06848958203125
12 0.4935546875 0.01857638671875 0.4787109375 0.02690972265625 0.4654296875 0.02690972265625 0.4490234375 0.050520833984375 0.4380859375 0.0546875 0.4029296875 0.121354166015625 0.3865234375 0.129687498046875 0.3724609375 0.1477430546875 0.3583984375 0.178298609375 0.3498046875 0.211631943359375 0.3419921875 0.21996527734375 0.3326171875 0.21440972265625 0.3357421875 0.18802083203125 0.3341796875 0.15746527734375 0.3458984375 0.1352430546875 0.3451171875 0.11996527734375 0.3537109375 0.096354166015625 0.3466796875 0.086631943359375 0.3458984375 0.0741319453125 0.3388671875 0.065798609375 0.3396484375 0.03802083203125 0.3216796875 0.02552083203125 0.3091796875 0.03246527734375 0.2935546875 0.024131943359375 0.2833984375 0.007465279296875 0.2646484375 0.00607638671875 0.2615234375 0.014409720703125 0.2755859375 0.24357638671875 0.3037109375 0.68107638671875 0.3169921875 0.840798609375 0.6693359375 0.88802083203125 0.6724609375 0.87552083203125 0.6794921875 0.74357638671875 0.7154296875 0.257465279296875 0.7115234375 0.22552083203125 0.7146484375 0.215798609375 0.7146484375 0.16857638671875 0.7177734375 0.149131943359375 0.7154296875 0.12552083203125 0.7193359375 0.124131943359375 0.72265625 0.078877314453125 0.72265625 0.010101009765625 0.7060546875 0.00607638671875 0.674072580078125 0.005859375 0.500708005859375 0.005859375 0.4935546875 0.01857638671875
8 0.40234375 0.6875 0.421875 0.6875 0.43359375 0.69140625 0.443359375 0.69140625 0.443359375 0.728515625 0.41796875 0.728515625 0.408203125 0.724609375 0.40234375 0.71875 0.40234375 0.689453125