0 0.45043402734375 0.5381727421875 0.4282118046875 0.543641494140625 0.41015625 0.5542393203125 0.41015625 0.6248914921875 0.418489583984375 0.6295789921875 0.4407118046875 0.6350477421875 0.468489583984375 0.635828994140625 0.501822916015625 0.6256727421875 0.509765625 0.62036726171875 0.509765625 0.56945326171875 0.505989583984375 0.567860244140625 0.49487847265625 0.5420789921875 0.47543402734375 0.5373914921875 0.45043402734375 0.5381727421875
7 0.412890625 0.22094183984375 0.401171875 0.250108505859375 0.397265625 0.268164060546875 0.398828125 0.272330728515625 0.412109375 0.290386283203125 0.424609375 0.2987196171875 0.428515625 0.294552951171875 0.431640625 0.280664060546875 0.442578125 0.257052951171875 0.443359375 0.251960357421875 0.443359375 0.239791044921875 0.428515625 0.22094183984375 0.4203552265625 0.216796875 0.4163879375 0.216796875 0.412890625 0.22094183984375
8 0.3802734375 0.688736978515625 0.39453125 0.688736978515625 0.39453125 0.651826607421875 0.3497178828125 0.644205728515625 0.349609375 0.644205728515625 0.349609375 0.678750984375 0.3802734375 0.688736978515625
11 0.369140625 0.510394966796875 0.364056396484375 0.5078125 0.36356580078125 0.5078125 0.341796875 0.547894966796875 0.332421875 0.57983941015625 0.327734375 0.58678385546875 0.326171875 0.59928385546875 0.328460693359375 0.607421875 0.340340169921875 0.607421875 0.360546875 0.5701171875 0.375 0.5346343828125 0.375 0.5208116328125 0.369140625 0.510394966796875
2 0.5993896484375 0.640625 0.592297361328125 0.640625 0.5876953125 0.64125433984375 0.5814453125 0.644032119140625 0.5728515625 0.6579210078125 0.5689453125 0.6704210078125 0.5697265625 0.7634765625 0.5806640625 0.78569878515625 0.5916015625 0.794032119140625 0.6103515625 0.79125433984375 0.6189453125 0.781532119140625 0.6244140625 0.769032119140625 0.625 0.754969619140625 0.625 0.708962673828125 0.6236328125 0.677365451171875 0.6181640625 0.6579210078125 0.6119140625 0.646809896484375 0.5993896484375 0.640625
6 0.51953125 0.71463265625 0.511328125 0.696072048828125 0.508764646484375 0.6953125 0.506109619140625 0.6953125 0.499609375 0.703016494140625 0.488671875 0.728016494140625 0.48046875 0.815516494140625 0.48046875 0.83461371484375 0.484765625 0.846072048828125 0.49537760546875 0.849609375 0.4976904296875 0.849609375 0.506640625 0.836349826171875 0.519140625 0.758572048828125 0.51953125 0.737044271484375 0.51953125 0.71463265625
4 0.531640625 0.429861109375 0.523046875 0.481249998046875 0.522265625 0.503472220703125 0.525390625 0.513194443359375 0.541796875 0.522916666015625 0.550390625 0.52152777734375 0.554296875 0.51458333203125 0.564453125 0.460416666015625 0.564453125 0.434953703125 0.560546875 0.4256944453125 0.542439783203125 0.41796875 0.54055989453125 0.41796875 0.531640625 0.429861109375
10 0.38125 0.53422308984375 0.39140625 0.546723091796875 0.39609375 0.546723091796875 0.41484375 0.5314453125 0.43046875 0.5314453125 0.440625 0.4995008671875 0.43671875 0.45366753515625 0.44765625 0.44811198046875 0.45390625 0.45366753515625 0.45625 0.4439453125 0.46640625 0.43561198046875 0.465625 0.4258897578125 0.45703125 0.4189453125 0.448242185546875 0.41796875 0.425952150390625 0.41796875 0.40390625 0.424500869140625 0.40078125 0.442556423828125 0.38203125 0.49116753515625 0.38125 0.53422308984375
1 0.35546875 0.45405219140625 0.368033853515625 0.45687933984375 0.3958116328125 0.47016058984375 0.412478298828125 0.46000433984375 0.416015625 0.459562173828125 0.416015625 0.430761251953125 0.384700521484375 0.42250433984375 0.365256076171875 0.41078558984375 0.35546875 0.411152615234375 0.35546875 0.45405219140625
5 0.40234375 0.392947048828125 0.4046875 0.417947048828125 0.41640625 0.4318359375 0.43046875 0.42905816015625 0.453125 0.390169271484375 0.45234375 0.358224828125 0.44609375 0.342947048828125 0.437451169921875 0.333984375 0.422003173828125 0.333984375 0.415625 0.340169271484375 0.40859375 0.3568359375 0.4078125 0.37350260546875 0.40234375 0.392947048828125
9 0.49609375 0.253758748046875 0.49609375 0.284703369140625 0.498849826171875 0.28671875 0.5294053828125 0.2875 0.53515625 0.284480794921875 0.53515625 0.252582255859375 0.53218316015625 0.25078125 0.51273871484375 0.24921875 0.498849826171875 0.2515625 0.49609375 0.253758748046875
3 0.404296875 0.10687933984375 0.431640625 0.05421730078125 0.431640625 0.0503768125 0.415444865234375 0.001953125 0.285246060546875 0.001953125 0.299609375 0.020768228515625 0.325390625 0.020768228515625 0.338671875 0.03049044921875 0.344921875 0.040212671875 0.341796875 0.04993489453125 0.350390625 0.0846571171875 0.358203125 0.095768228515625 0.350390625 0.13187933984375 0.337109375 0.161046005859375 0.335546875 0.21382378515625 0.33898926171875 0.21484375 0.340441892578125 0.21484375 0.345703125 0.20549044921875 0.356640625 0.16937933984375 0.373828125 0.136046005859375 0.404296875 0.10687933984375
12 0.3142578125 0.82233073046875 0.3212890625 0.8431640625 0.5087890625 0.8626085078125 0.5220703125 0.8681640625 0.6705078125 0.8876085078125 0.6736328125 0.873719619140625 0.6962890625 0.491775173828125 0.7158203125 0.2556640625 0.7173828125 0.16538628515625 0.7283203125 0.016775173828125 0.7205078125 0.004275173828125 0.7116882265625 0.00390625 0.316033974609375 0.00390625 0.2642578125 0.004275173828125 0.2626953125 0.026497396484375 0.2830078125 0.366775173828125 0.3142578125 0.82233073046875