0 0.451153564453125 0.513671875 0.4474609375 0.518923609375 0.4474609375 0.531423609375 0.4427734375 0.54253472265625 0.4169921875 0.553645833984375 0.4123046875 0.573090279296875 0.4130859375 0.598090279296875 0.4185546875 0.6203125 0.4373046875 0.6522569453125 0.4599609375 0.66197916796875 0.4755859375 0.66197916796875 0.4912109375 0.65364583203125 0.5044921875 0.630034720703125 0.509765625 0.60860615234375 0.509765625 0.57682959375 0.5005859375 0.546701390625 0.4857421875 0.524479166015625 0.464465330078125 0.513671875 0.451153564453125 0.513671875
7 0.396484375 0.2699588828125 0.4146484375 0.277256943359375 0.4327039921875 0.281163193359375 0.43687066015625 0.279600693359375 0.443359375 0.274827744140625 0.443359375 0.245933701171875 0.4215928828125 0.235850693359375 0.406315103515625 0.233506943359375 0.396484375 0.241248642578125 0.396484375 0.2699588828125
8 0.3802734375 0.688736978515625 0.39453125 0.688736978515625 0.39453125 0.651826607421875 0.3497178828125 0.644205728515625 0.349609375 0.644205728515625 0.349609375 0.678750984375 0.3802734375 0.688736978515625
11 0.369140625 0.510394966796875 0.364056396484375 0.5078125 0.36356580078125 0.5078125 0.341796875 0.547894966796875 0.332421875 0.57983941015625 0.327734375 0.58678385546875 0.326171875 0.59928385546875 0.328460693359375 0.607421875 0.340340169921875 0.607421875 0.360546875 0.5701171875 0.375 0.5346343828125 0.375 0.5208116328125 0.369140625 0.510394966796875
2 0.625 0.743511388671875 0.625 0.688427349609375 0.568359375 0.688902876953125 0.568359375 0.74464427734375 0.5838758671875 0.745290798828125 0.625 0.743511388671875
6 0.51953125 0.79107184765625 0.51953125 0.758153619140625 0.48046875 0.754491509765625 0.48046875 0.78557671484375 0.514040798828125 0.79097222265625 0.51953125 0.79107184765625
4 0.5563368046875 0.490928818359375 0.564453125 0.491214158203125 0.564453125 0.45495062890625 0.527170138671875 0.447960068359375 0.521484375 0.448250818359375 0.521484375 0.48510045703125 0.5563368046875 0.490928818359375
10 0.380859375 0.49066185546875 0.406271701171875 0.4987413203125 0.45210503515625 0.4948350703125 0.45766058984375 0.5057725703125 0.45210503515625 0.5120225703125 0.4618272578125 0.5143663203125 0.466796875 0.52042304296875 0.466796875 0.4595173125 0.463216146484375 0.4588975703125 0.41460503515625 0.4401475703125 0.380859375 0.43953525 0.380859375 0.49066185546875
1 0.4154296875 0.419596353515625 0.4146484375 0.39876301953125 0.4060546875 0.379318576171875 0.400067138671875 0.376953125 0.398611111328125 0.376953125 0.3740234375 0.401540798828125 0.3693359375 0.422374130859375 0.3560546875 0.45015191015625 0.3662109375 0.466818576171875 0.370846896484375 0.50390625 0.371903482421875 0.50390625 0.3810546875 0.50015191015625 0.3919921875 0.4834852421875 0.4037109375 0.439040798828125 0.4154296875 0.419596353515625
5 0.4265625 0.33483073046875 0.40390625 0.373719619140625 0.4046875 0.4056640625 0.4109375 0.420941841796875 0.4203125 0.4306640625 0.4328125 0.432052953125 0.44140625 0.423719619140625 0.4484375 0.407052953125 0.44921875 0.39038628515625 0.453125 0.376497396484375 0.453125 0.35427517578125 0.45234375 0.345941841796875 0.44225463671875 0.333984375 0.43084717578125 0.333984375 0.4265625 0.33483073046875
9 0.512109375 0.30258246484375 0.523828125 0.2998046875 0.533984375 0.285915798828125 0.534765625 0.2553602421875 0.524773763671875 0.236328125 0.50789325390625 0.236328125 0.498046875 0.25258246484375 0.496484375 0.27202691015625 0.498828125 0.285915798828125 0.512109375 0.30258246484375
3 0.371549478515625 0.10755208203125 0.3354383671875 0.09973958203125 0.306271701171875 0.08645833203125 0.283203125 0.085775380859375 0.283203125 0.10152650390625 0.2979383671875 0.10598958203125 0.331271701171875 0.12317708203125 0.3604383671875 0.15364583203125 0.41460503515625 0.18177083203125 0.431640625 0.1760731171875 0.431640625 0.091355095703125 0.42710503515625 0.09427083203125 0.4173828125 0.09114583203125 0.38266058984375 0.09973958203125 0.371549478515625 0.10755208203125
12 0.2732421875 0.72350260546875 0.2623046875 0.872113716796875 0.2701171875 0.884613716796875 0.3365234375 0.887391494140625 0.7263671875 0.884613716796875 0.7279296875 0.8623914921875 0.7076171875 0.522113716796875 0.6763671875 0.06655816015625 0.6693359375 0.045724828125 0.4818359375 0.0262803828125 0.4685546875 0.020724828125 0.340162869140625 0.00390625 0.3195263671875 0.00390625 0.3169921875 0.015169271484375 0.2943359375 0.397113716796875 0.2748046875 0.633224828125 0.2732421875 0.72350260546875