11 0.474609375 0.32421875 0.478515625 0.32421875 0.48046875 0.33203125 0.4921875 0.3515625 0.494140625 0.359375 0.490234375 0.369140625 0.478515625 0.380859375 0.447265625 0.42578125 0.4453125 0.431640625 0.43359375 0.443359375 0.43359375 0.447265625 0.4296875 0.453125 0.419921875 0.43359375 0.419921875 0.4296875 0.416015625 0.42578125 0.416015625 0.41015625 0.419921875 0.400390625 0.431640625 0.388671875 0.4375 0.376953125 0.443359375 0.37109375 0.451171875 0.357421875 0.455078125 0.35546875 0.455078125 0.3515625 0.474609375 0.326171875
2 0.494140625 0.330078125 0.548828125 0.330078125 0.55078125 0.33203125 0.55859375 0.33203125 0.55859375 0.392578125 0.521484375 0.392578125 0.513671875 0.388671875 0.505859375 0.388671875 0.494140625 0.384765625 0.494140625 0.33203125
0 0.46875 0.51171875 0.482421875 0.517578125 0.494140625 0.53125 0.498046875 0.537109375 0.498046875 0.541015625 0.501953125 0.544921875 0.509765625 0.568359375 0.509765625 0.607421875 0.505859375 0.6171875 0.505859375 0.625 0.494140625 0.646484375 0.482421875 0.65625 0.4765625 0.65625 0.474609375 0.658203125 0.453125 0.65625 0.4375 0.646484375 0.4296875 0.63671875 0.42578125 0.625 0.421875 0.62109375 0.4140625 0.59375 0.4140625 0.564453125 0.416015625 0.5625 0.416015625 0.5546875 0.421875 0.537109375 0.427734375 0.52734375 0.44140625 0.513671875 0.466796875 0.51171875
5 0.501953125 0.62890625 0.55859375 0.62890625 0.55859375 0.68359375 0.544921875 0.68359375 0.54296875 0.685546875 0.51953125 0.68359375 0.51953125 0.681640625 0.5390625 0.681640625 0.54296875 0.677734375 0.54296875 0.673828125 0.537109375 0.66796875 0.5234375 0.6640625 0.51171875 0.6640625 0.501953125 0.66015625 0.501953125 0.630859375
6 0.46484375 0.759765625 0.470703125 0.759765625 0.48046875 0.763671875 0.4921875 0.763671875 0.494140625 0.76171875 0.513671875 0.763671875 0.513671875 0.80859375 0.490234375 0.80859375 0.46484375 0.80078125 0.46484375 0.76171875
10 0.616080728515625 0.63548176953125 0.635525173828125 0.628450521484375 0.63969183984375 0.622200521484375 0.650390625 0.619793294921875 0.650390625 0.579556478515625 0.6438585078125 0.58470051953125 0.6049696171875 0.579231771484375 0.58984375 0.580540740234375 0.58984375 0.63742534375 0.598025173828125 0.637825521484375 0.616080728515625 0.63548176953125
1 0.408203125 0.456369357421875 0.408203125 0.41695653515625 0.34066840234375 0.389822048828125 0.33984375 0.389855181640625 0.33984375 0.430528642578125 0.376779513671875 0.445290798828125 0.3934461796875 0.455447048828125 0.408203125 0.456369357421875
7 0.611588541015625 0.738433158203125 0.625 0.731286263671875 0.625 0.709249634765625 0.618532986328125 0.701714408203125 0.593532986328125 0.70093316015625 0.583984375 0.706687904296875 0.583984375 0.742339408203125 0.6004774296875 0.742339408203125 0.611588541015625 0.738433158203125
4 0.525390625 0.51332465234375 0.541015625 0.523046875 0.550390625 0.521657986328125 0.554296875 0.514713541015625 0.564453125 0.460546875 0.564453125 0.435150048828125 0.559765625 0.424435763671875 0.55040283203125 0.421875 0.549365234375 0.421875 0.529296875 0.439713541015625 0.522265625 0.5036024296875 0.525390625 0.51332465234375
3 0.362521701171875 0.06770833203125 0.337521701171875 0.05598958203125 0.284743923828125 0.05364583203125 0.28335503515625 0.05911458203125 0.2916883671875 0.06380208203125 0.327799478515625 0.07473958203125 0.359743923828125 0.09036458203125 0.3736328125 0.10052083203125 0.387521701171875 0.12005208203125 0.431966146484375 0.14348958203125 0.477799478515625 0.18880208203125 0.481966146484375 0.20442708203125 0.494140625 0.2112752265625 0.494140625 0.0052336171875 0.477799478515625 0.01770833203125 0.477799478515625 0.04270833203125 0.4680772578125 0.05598958203125 0.41391058984375 0.06848958203125 0.4041883671875 0.07708333203125 0.362521701171875 0.06770833203125
12 0.2671006953125 0.59680989453125 0.261545138671875 0.60618489453125 0.259765625 0.605974162109375 0.259765625 0.665115115234375 0.2907118046875 0.66321614453125 0.72265625 0.635448287109375 0.72265625 0.25427864453125 0.3046006953125 0.223372396484375 0.27265625 0.227278646484375 0.26293402734375 0.22415364453125 0.259765625 0.22415364453125 0.259765625 0.589933267578125 0.2671006953125 0.59680989453125
8 0.40234375 0.6875 0.4375 0.6875 0.443359375 0.69140625 0.443359375 0.7265625 0.427734375 0.7265625 0.416015625 0.72265625 0.40234375 0.72265625 0.40234375 0.689453125