11 0.4921875 0.5703125 0.494140625 0.572265625 0.494140625 0.6015625 0.447265625 0.6328125 0.435546875 0.64453125 0.42578125 0.6484375 0.4140625 0.64453125 0.4140625 0.61328125 0.41796875 0.609375 0.421875 0.609375 0.423828125 0.60546875 0.4375 0.59765625 0.443359375 0.591796875 0.455078125 0.5859375 0.466796875 0.57421875 0.4765625 0.5703125 0.490234375 0.5703125
2 0.52734375 0.6376953125 0.06640625 0.14208984375
0 0.4765625 0.341796875 0.478515625 0.34375 0.484375 0.34375 0.498046875 0.357421875 0.5078125 0.376953125 0.5078125 0.3828125 0.509765625 0.384765625 0.509765625 0.431640625 0.5078125 0.43359375 0.5078125 0.44140625 0.49609375 0.466796875 0.484375 0.48046875 0.47265625 0.486328125 0.443359375 0.486328125 0.431640625 0.4765625 0.423828125 0.46484375 0.416015625 0.4375 0.416015625 0.3984375 0.427734375 0.3671875 0.443359375 0.34765625 0.45703125 0.341796875 0.474609375 0.341796875
5 0.50390625 0.310546875 0.51171875 0.306640625 0.517578125 0.306640625 0.5234375 0.294921875 0.53125 0.287109375 0.546875 0.287109375 0.552734375 0.29296875 0.55859375 0.306640625 0.55859375 0.375 0.5546875 0.38671875 0.544921875 0.39453125 0.53515625 0.392578125 0.52734375 0.380859375 0.52734375 0.369140625 0.5234375 0.361328125 0.5234375 0.349609375 0.51953125 0.3359375 0.513671875 0.330078125 0.509765625 0.330078125 0.505859375 0.333984375 0.505859375 0.353515625 0.50390625 0.353515625 0.50390625 0.337890625 0.501953125 0.3359375 0.50390625 0.3125
6 0.50390625 0.146484375 0.50390625 0.150390625 0.5078125 0.15625 0.5078125 0.193359375 0.513671875 0.20703125 0.513671875 0.25390625 0.505859375 0.265625 0.501953125 0.28515625 0.494140625 0.28515625 0.48828125 0.271484375 0.478515625 0.265625 0.47265625 0.2578125 0.470703125 0.232421875 0.46875 0.23046875 0.470703125 0.205078125 0.466796875 0.1953125 0.466796875 0.15625 0.474609375 0.1484375 0.482421875 0.14453125 0.5 0.14453125 0.501953125 0.146484375
10 0.6095703125 0.343120658203125 0.6095703125 0.3583984375 0.6064453125 0.372287326171875 0.6001953125 0.3764539921875 0.5931640625 0.3958984375 0.5908203125 0.413953994140625 0.5923828125 0.445898439453125 0.5986328125 0.46117621484375 0.6126953125 0.47367621484375 0.6337890625 0.476453994140625 0.6462890625 0.44312066015625 0.6494140625 0.40700955078125 0.6439453125 0.36812066015625 0.6494140625 0.361176216796875 0.650390625 0.3498914921875 0.650390625 0.3422982890625 0.6361328125 0.322287326171875 0.6064453125 0.307009548828125 0.5931640625 0.307009548828125 0.5900390625 0.31673176953125 0.5978515625 0.330620658203125 0.5955078125 0.343120658203125 0.6064453125 0.3389539921875 0.6095703125 0.343120658203125
1 0.3934461796875 0.544552951171875 0.376779513671875 0.554709201171875 0.33984375 0.569471357421875 0.33984375 0.610144818359375 0.34066840234375 0.610177951171875 0.408203125 0.58304346484375 0.408203125 0.543630642578125 0.3934461796875 0.544552951171875
7 0.625 0.2615371953125 0.616623263671875 0.256488716796875 0.591623263671875 0.257269966796875 0.583984375 0.26617063671875 0.583984375 0.286217333984375 0.598567708984375 0.293988716796875 0.6096788203125 0.297894966796875 0.625 0.297894966796875 0.625 0.2615371953125
4 0.551046318359375 0.578125 0.563671875 0.57026909765625 0.564453125 0.56783854296875 0.564453125 0.539250578125 0.559765625 0.496657986328125 0.539453125 0.4786024296875 0.529296875 0.481380208984375 0.523828125 0.493880208984375 0.523046875 0.509157986328125 0.534765625 0.571657986328125 0.5384033203125 0.578125 0.551046318359375 0.578125
3 0.299609375 0.979231771484375 0.285246060546875 0.998046875 0.494140625 0.998046875 0.494140625 0.997287328125 0.486328125 0.9833984375 0.470703125 0.979231771484375 0.425390625 0.933398439453125 0.401953125 0.888953994140625 0.382421875 0.87506510546875 0.372265625 0.861176216796875 0.356640625 0.829231771484375 0.345703125 0.79312066015625 0.34122314453125 0.78515625 0.3395629921875 0.78515625 0.335546875 0.78617621484375 0.337890625 0.838953994140625 0.349609375 0.863953994140625 0.358984375 0.90562066015625 0.350390625 0.9153428828125 0.337890625 0.96950955078125 0.324609375 0.979231771484375 0.299609375 0.979231771484375
12 0.7188368046875 0.70514323046875 0.72265625 0.7015625 0.72265625 0.332598587890625 0.71328125 0.33561198046875 0.6813368046875 0.33170573046875 0.259765625 0.362871884765625 0.259765625 0.7435556171875 0.6952256953125 0.77154948046875 0.72265625 0.77323271875 0.72265625 0.71158854296875 0.7188368046875 0.70514323046875
8 0.443359375 0.271484375 0.443359375 0.306640625 0.4375 0.310546875 0.40234375 0.310546875 0.40234375 0.275390625 0.44140625 0.271484375