0 0.451153564453125 0.513671875 0.4474609375 0.518923609375 0.4474609375 0.531423609375 0.4427734375 0.54253472265625 0.4169921875 0.553645833984375 0.4123046875 0.573090279296875 0.4130859375 0.598090279296875 0.4185546875 0.6203125 0.4373046875 0.6522569453125 0.4599609375 0.66197916796875 0.4755859375 0.66197916796875 0.4912109375 0.65364583203125 0.5044921875 0.630034720703125 0.509765625 0.60860615234375 0.509765625 0.57682959375 0.5005859375 0.546701390625 0.4857421875 0.524479166015625 0.464465330078125 0.513671875 0.451153564453125 0.513671875
7 0.396484375 0.2413598203125 0.396484375 0.266812607421875 0.3977647578125 0.267100693359375 0.4213758671875 0.278038193359375 0.436653646484375 0.280381943359375 0.443359375 0.275101181640625 0.443359375 0.242674423828125 0.4283203125 0.236631943359375 0.4102647578125 0.232725693359375 0.40609808984375 0.234288193359375 0.396484375 0.2413598203125
8 0.3673828125 0.621896701171875 0.3501953125 0.674674478515625 0.3501953125 0.69828558984375 0.3580078125 0.7135633671875 0.3650390625 0.717730033203125 0.3736328125 0.717730033203125 0.3845703125 0.70384114453125 0.39453125 0.645267427734375 0.39453125 0.63117249609375 0.3892578125 0.619118923828125 0.37614746484375 0.615234375 0.374877927734375 0.615234375 0.3673828125 0.621896701171875
11 0.369140625 0.510394966796875 0.364056396484375 0.5078125 0.36356580078125 0.5078125 0.341796875 0.547894966796875 0.332421875 0.57983941015625 0.327734375 0.58678385546875 0.326171875 0.59928385546875 0.328460693359375 0.607421875 0.340340169921875 0.607421875 0.360546875 0.5701171875 0.375 0.5346343828125 0.375 0.5208116328125 0.369140625 0.510394966796875
2 0.5993896484375 0.640625 0.592297361328125 0.640625 0.5876953125 0.64125433984375 0.5814453125 0.644032119140625 0.5728515625 0.6579210078125 0.5689453125 0.6704210078125 0.5697265625 0.7634765625 0.5806640625 0.78569878515625 0.5916015625 0.794032119140625 0.6103515625 0.79125433984375 0.6189453125 0.781532119140625 0.6244140625 0.769032119140625 0.625 0.754969619140625 0.625 0.708962673828125 0.6236328125 0.677365451171875 0.6181640625 0.6579210078125 0.6119140625 0.646809896484375 0.5993896484375 0.640625
6 0.51953125 0.707747396484375 0.516015625 0.698372396484375 0.50683593359375 0.6953125 0.5027685546875 0.6953125 0.494140625 0.708094619140625 0.481640625 0.785872396484375 0.480859375 0.828927951171875 0.489453125 0.848372396484375 0.493627927734375 0.849609375 0.494268798828125 0.849609375 0.501171875 0.841427951171875 0.512109375 0.816427951171875 0.51953125 0.73726128515625 0.51953125 0.707747396484375
4 0.531640625 0.429861109375 0.523046875 0.481249998046875 0.522265625 0.503472220703125 0.525390625 0.513194443359375 0.541796875 0.522916666015625 0.550390625 0.52152777734375 0.554296875 0.51458333203125 0.564453125 0.460416666015625 0.564453125 0.434953703125 0.560546875 0.4256944453125 0.542439783203125 0.41796875 0.54055989453125 0.41796875 0.531640625 0.429861109375
10 0.4109375 0.51022135546875 0.4 0.51577691015625 0.39375 0.51022135546875 0.39140625 0.519943578125 0.38125 0.52827691015625 0.38203125 0.5379991328125 0.390625 0.544943578125 0.415625 0.54772135546875 0.44375 0.539388021484375 0.446875 0.521332466796875 0.465625 0.47272135546875 0.46640625 0.429665798828125 0.4569023984375 0.41796875 0.45057705859375 0.41796875 0.4328125 0.432443578125 0.4171875 0.432443578125 0.40703125 0.464388021484375 0.4109375 0.51022135546875
1 0.4154296875 0.419596353515625 0.4146484375 0.39876301953125 0.4060546875 0.379318576171875 0.400067138671875 0.376953125 0.398611111328125 0.376953125 0.3740234375 0.401540798828125 0.3693359375 0.422374130859375 0.3560546875 0.45015191015625 0.3662109375 0.466818576171875 0.370846896484375 0.50390625 0.371903482421875 0.50390625 0.3810546875 0.50015191015625 0.3919921875 0.4834852421875 0.4037109375 0.439040798828125 0.4154296875 0.419596353515625
5 0.40234375 0.392947048828125 0.4046875 0.417947048828125 0.41640625 0.4318359375 0.43046875 0.42905816015625 0.453125 0.390169271484375 0.45234375 0.358224828125 0.44609375 0.342947048828125 0.437451169921875 0.333984375 0.422003173828125 0.333984375 0.415625 0.340169271484375 0.40859375 0.3568359375 0.4078125 0.37350260546875 0.40234375 0.392947048828125
9 0.49609375 0.253758748046875 0.49609375 0.284703369140625 0.498849826171875 0.28671875 0.5294053828125 0.2875 0.53515625 0.284480794921875 0.53515625 0.252582255859375 0.53218316015625 0.25078125 0.51273871484375 0.24921875 0.498849826171875 0.2515625 0.49609375 0.253758748046875
3 0.373046875 0.1764539921875 0.376171875 0.16673176953125 0.367578125 0.132009546875 0.359765625 0.120898435546875 0.367578125 0.08478732421875 0.380859375 0.05562066015625 0.382421875 0.002842880859375 0.37941894921875 0.001953125 0.37745361328125 0.001953125 0.372265625 0.01117621484375 0.361328125 0.04728732421875 0.344140625 0.080620658203125 0.313671875 0.10978732421875 0.285546875 0.1639539921875 0.302567435546875 0.21484375 0.431640625 0.21484375 0.431640625 0.21329609765625 0.418359375 0.195898435546875 0.392578125 0.195898435546875 0.379296875 0.18617621484375 0.373046875 0.1764539921875
12 0.447981771484375 0.6454210078125 0.6840928828125 0.6649522578125 0.728515625 0.66572111328125 0.728515625 0.22285533984375 0.572981771484375 0.2321397578125 0.26171875 0.253491642578125 0.26171875 0.634372224609375 0.447981771484375 0.6454210078125