10 0.436697048828125 0.8131944453125 0.439453125 0.813279005859375 0.439453125 0.784331111328125 0.384765625 0.76943090234375 0.384765625 0.8054058046875 0.4005859375 0.8085069453125 0.436697048828125 0.8131944453125
5 0.564453125 0.645872791015625 0.52417534765625 0.63608941015625 0.50473090234375 0.63687066015625 0.50390625 0.637257216796875 0.50390625 0.6772637265625 0.5213975703125 0.68218316015625 0.539453125 0.69390191015625 0.564453125 0.69487173828125 0.564453125 0.6866868359375 0.5575086796875 0.68530816015625 0.560286458984375 0.67905816015625 0.564453125 0.678697583984375 0.564453125 0.645872791015625
0 0.461027017578125 0.37890625 0.4509765625 0.384548611328125 0.4353515625 0.406770833984375 0.4251953125 0.465104166015625 0.4322265625 0.502604166015625 0.4423828125 0.5234375 0.4619140625 0.541493056640625 0.4876953125 0.54565972265625 0.4970703125 0.53315972265625 0.5056640625 0.53315972265625 0.5205078125 0.50815972265625 0.5234375 0.495510912109375 0.5234375 0.435763888671875 0.5197265625 0.419270833984375 0.5064453125 0.39565972265625 0.486147837890625 0.37890625 0.461027017578125 0.37890625
2 0.3778271484375 0.33984375 0.3712890625 0.344314234375 0.3595703125 0.3651475703125 0.3455078125 0.408203125 0.3439453125 0.43598090234375 0.3486328125 0.456814236328125 0.3673828125 0.477647568359375 0.3767578125 0.47903645703125 0.3900390625 0.470703125 0.4150390625 0.42209201171875 0.41796875 0.408203125 0.41796875 0.373026841796875 0.4080078125 0.349869791015625 0.4001953125 0.341536458984375 0.39257812109375 0.33984375 0.3778271484375 0.33984375
6 0.595703125 0.466400619140625 0.6328125 0.46600676953125 0.6328125 0.43002394921875 0.62113715234375 0.429058158203125 0.59613715234375 0.43374566015625 0.595703125 0.43374566015625 0.595703125 0.466400619140625
11 0.3337890625 0.586046005859375 0.3455078125 0.592990451171875 0.3587890625 0.592990451171875 0.380859375 0.537300486328125 0.380859375 0.5067900546875 0.361934408203125 0.50390625 0.353708556640625 0.50390625 0.3353515625 0.5596571171875 0.3337890625 0.586046005859375
1 0.6171875 0.621204546875 0.6171875 0.59094223046875 0.583984375 0.591205283203125 0.583984375 0.62209046484375 0.61714409765625 0.6212022578125 0.6171875 0.621204546875
8 0.58671875 0.847135416015625 0.59765625 0.83324652734375 0.6015625 0.774913193359375 0.5984375 0.7499131953125 0.59140625 0.741579859375 0.585729986328125 0.740234375 0.578442380859375 0.740234375 0.56640625 0.754079859375 0.5671875 0.830468751953125 0.5765625 0.844357640625 0.58671875 0.847135416015625
9 0.4384765625 0.619379341796875 0.46484375 0.617966814453125 0.46484375 0.589294095703125 0.4565321171875 0.586566841796875 0.431640625 0.587344701171875 0.431640625 0.617281951171875 0.4384765625 0.619379341796875
7 0.4140625 0.6123914921875 0.41328125 0.592947046875 0.3921875 0.576280380859375 0.38671875 0.580447046875 0.37109375 0.629058158203125 0.37109375 0.634613716796875 0.38515625 0.6512803828125 0.39453125 0.659613716796875 0.4046875 0.642947046875 0.4140625 0.6123914921875
4 0.564453125 0.48973667578125 0.564453125 0.45509936328125 0.527170138671875 0.447960068359375 0.521484375 0.447960068359375 0.521484375 0.4842642421875 0.564453125 0.48973667578125
12 0.64921875 0.251692708984375 0.5547743046875 0.24622395703125 0.528385416015625 0.24153645703125 0.46449652734375 0.24075520703125 0.447829861328125 0.23684895703125 0.33394097265625 0.23059895703125 0.310329861328125 0.22122395703125 0.29644097265625 0.22669270703125 0.2811631953125 0.22747395703125 0.26171875 0.22598645703125 0.26171875 0.66603269921875 0.3297743046875 0.66184895703125 0.7265625 0.6336679765625 0.7265625 0.258497255859375 0.71171875 0.26028645703125 0.6936631953125 0.25481770703125 0.663107638671875 0.255598958984375 0.64921875 0.251692708984375
3 0.646832275390625 0.2109375 0.63984375 0.2159071171875 0.61484375 0.26312933984375 0.61171875 0.2846571171875 0.6015625 0.3159071171875 0.57421875 0.356416376953125 0.57421875 0.37476128515625 0.5796875 0.3784071171875 0.6 0.3659071171875 0.615625 0.336740451171875 0.63359375 0.324240451171875 0.64296875 0.333962673828125 0.6640625 0.329796005859375 0.67421875 0.3478515625 0.678125 0.371462673828125 0.69609375 0.383962673828125 0.696875 0.36868489453125 0.690625 0.34368489453125 0.69921875 0.297851560546875 0.69921875 0.26174044921875 0.6984375 0.229796005859375 0.67734375 0.2353515625 0.64835205078125 0.2109375 0.646832275390625 0.2109375