10 0.439453125 0.770370513671875 0.4267578125 0.767881943359375 0.390646701171875 0.763194443359375 0.384765625 0.763014001953125 0.384765625 0.791206337890625 0.439453125 0.806106544921875 0.439453125 0.770370513671875
5 0.5599609375 0.620789931640625 0.5552734375 0.64440104296875 0.5490234375 0.641623263671875 0.5474609375 0.623567708984375 0.5396484375 0.61245659765625 0.530126947265625 0.611328125 0.52760009765625 0.611328125 0.5208984375 0.616623263671875 0.5060546875 0.677734375 0.5068359375 0.6971788203125 0.5146484375 0.713845486328125 0.523134763671875 0.720703125 0.534287111328125 0.720703125 0.5427734375 0.713845486328125 0.5521484375 0.68051215234375 0.5638671875 0.66245659765625 0.564453125 0.647352431640625 0.564453125 0.6219308046875 0.5599609375 0.620789931640625
0 0.4537109375 0.3890625 0.4451171875 0.3890625 0.4302734375 0.4140625 0.4248046875 0.437673611328125 0.4248046875 0.475173611328125 0.4310546875 0.502951388671875 0.4443359375 0.5265625 0.4662109375 0.544618056640625 0.4849609375 0.5460069453125 0.4998046875 0.537673611328125 0.5154296875 0.515451388671875 0.5234375 0.46945780078125 0.5234375 0.44565972265625 0.5185546875 0.419618056640625 0.5083984375 0.39878472265625 0.4888671875 0.380729166015625 0.477587892578125 0.37890625 0.461328125 0.37890625 0.4537109375 0.3890625
2 0.381510416015625 0.44446614453125 0.4092881953125 0.446028646484375 0.41796875 0.444075521484375 0.41796875 0.386542037109375 0.3953993046875 0.37493489453125 0.373177083984375 0.37024739453125 0.3467881953125 0.371809896484375 0.341796875 0.3739568984375 0.341796875 0.43149519140625 0.381510416015625 0.44446614453125
6 0.6328125 0.43002394921875 0.62113715234375 0.429058158203125 0.59613715234375 0.43374566015625 0.595703125 0.43374566015625 0.595703125 0.466400619140625 0.6328125 0.46600676953125 0.6328125 0.43002394921875
11 0.380859375 0.538446505859375 0.342165798828125 0.523111978515625 0.33203125 0.523745388671875 0.33203125 0.55828490234375 0.369943576171875 0.570768228515625 0.380859375 0.57141455859375 0.380859375 0.538446505859375
1 0.583984375 0.591205283203125 0.583984375 0.62209046484375 0.61714409765625 0.6212022578125 0.6171875 0.621204546875 0.6171875 0.59094223046875 0.583984375 0.591205283203125
8 0.56640625 0.807408119140625 0.6015625 0.80976233203125 0.6015625 0.774923009765625 0.56640625 0.7752825625 0.56640625 0.807408119140625
9 0.46484375 0.589294095703125 0.4565321171875 0.586566841796875 0.431640625 0.587344701171875 0.431640625 0.617281951171875 0.4384765625 0.619379341796875 0.46484375 0.617966814453125 0.46484375 0.589294095703125
7 0.4140625 0.6353834375 0.4140625 0.60490081640625 0.3869140625 0.596571181640625 0.37109375 0.597206818359375 0.37109375 0.629097689453125 0.403580728515625 0.639539931640625 0.40913628515625 0.639539931640625 0.4140625 0.6353834375
4 0.521484375 0.44875421875 0.521484375 0.483191119140625 0.561892361328125 0.490928818359375 0.564453125 0.490928818359375 0.564453125 0.45422665234375 0.521484375 0.44875421875
12 0.317578125 0.83107638671875 0.334765625 0.84357638671875 0.350390625 0.846354166015625 0.565234375 0.874131943359375 0.592578125 0.8727430546875 0.653515625 0.88802083203125 0.669140625 0.88802083203125 0.671484375 0.883854166015625 0.677734375 0.801909720703125 0.676171875 0.7727430546875 0.679296875 0.764409720703125 0.682421875 0.68246527734375 0.680078125 0.66302083203125 0.685546875 0.64496527734375 0.684765625 0.614409720703125 0.688671875 0.60052083203125 0.694140625 0.50607638671875 0.698828125 0.479687498046875 0.699609375 0.415798611328125 0.703515625 0.399131943359375 0.709765625 0.2852430546875 0.719140625 0.2616319453125 0.713671875 0.247743056640625 0.712890625 0.23246527734375 0.726171875 0.058854166015625 0.7265625 0.034548609375 0.7265625 0.010203931640625 0.68318483203125 0.005859375 0.328051130859375 0.005859375 0.264453125 0.00607638671875 0.262890625 0.02690972265625 0.278515625 0.281076388671875 0.317578125 0.83107638671875
3 0.538888888671875 0.57074652734375 0.5305555546875 0.56137152734375 0.52222222265625 0.56059027734375 0.521484375 0.5612128359375 0.521484375 0.639473638671875 0.5430555546875 0.63871527734375 0.5569444453125 0.63402777734375 0.5819444453125 0.63402777734375 0.607421875 0.637386619140625 0.607421875 0.61762152734375 0.604166666015625 0.61762152734375 0.5680555546875 0.60668402734375 0.5625 0.59965277734375 0.538888888671875 0.58871527734375 0.53472222265625 0.58324652734375 0.538888888671875 0.57074652734375