10 0.436697048828125 0.8131944453125 0.439453125 0.813279005859375 0.439453125 0.784331111328125 0.384765625 0.76943090234375 0.384765625 0.8054058046875 0.4005859375 0.8085069453125 0.436697048828125 0.8131944453125
5 0.564453125 0.645872791015625 0.52417534765625 0.63608941015625 0.50473090234375 0.63687066015625 0.50390625 0.637257216796875 0.50390625 0.6772637265625 0.5213975703125 0.68218316015625 0.539453125 0.69390191015625 0.564453125 0.69487173828125 0.564453125 0.6866868359375 0.5575086796875 0.68530816015625 0.560286458984375 0.67905816015625 0.564453125 0.678697583984375 0.564453125 0.645872791015625
0 0.461027017578125 0.37890625 0.4509765625 0.384548611328125 0.4353515625 0.406770833984375 0.4251953125 0.465104166015625 0.4322265625 0.502604166015625 0.4423828125 0.5234375 0.4619140625 0.541493056640625 0.4876953125 0.54565972265625 0.4970703125 0.53315972265625 0.5056640625 0.53315972265625 0.5205078125 0.50815972265625 0.5234375 0.495510912109375 0.5234375 0.435763888671875 0.5197265625 0.419270833984375 0.5064453125 0.39565972265625 0.486147837890625 0.37890625 0.461027017578125 0.37890625
2 0.3778271484375 0.33984375 0.3712890625 0.344314234375 0.3595703125 0.3651475703125 0.3455078125 0.408203125 0.3439453125 0.43598090234375 0.3486328125 0.456814236328125 0.3673828125 0.477647568359375 0.3767578125 0.47903645703125 0.3900390625 0.470703125 0.4150390625 0.42209201171875 0.41796875 0.408203125 0.41796875 0.373026841796875 0.4080078125 0.349869791015625 0.4001953125 0.341536458984375 0.39257812109375 0.33984375 0.3778271484375 0.33984375
6 0.6328125 0.46113009765625 0.6328125 0.428072845703125 0.595703125 0.4284666953125 0.595703125 0.4641943046875 0.61011284765625 0.46538628515625 0.6328125 0.46113009765625
11 0.369943576171875 0.570768228515625 0.380859375 0.57141455859375 0.380859375 0.538446505859375 0.342165798828125 0.523111978515625 0.33203125 0.523745388671875 0.33203125 0.55828490234375 0.369943576171875 0.570768228515625
1 0.6134765625 0.53658854296875 0.6017578125 0.52964409765625 0.5931640625 0.537977431640625 0.5861328125 0.565755208984375 0.5869140625 0.6643663203125 0.5884765625 0.675477431640625 0.5962890625 0.685199654296875 0.6095703125 0.6768663203125 0.6171875 0.653476169921875 0.6171875 0.61401909765625 0.6166015625 0.59214409765625 0.6171875 0.581032986328125 0.6171875 0.5441282265625 0.6134765625 0.53658854296875
8 0.571875 0.752864583984375 0.56796875 0.811197916015625 0.57109375 0.836197916015625 0.578125 0.844531251953125 0.58984375 0.84730902734375 0.6015625 0.833828634765625 0.6015625 0.754484951171875 0.59296875 0.741753470703125 0.58741455078125 0.740234375 0.5818212890625 0.740234375 0.571875 0.752864583984375
9 0.4376953125 0.578016494140625 0.4322265625 0.594683162109375 0.4330078125 0.619683162109375 0.4431640625 0.63357205078125 0.4541015625 0.63357205078125 0.4603515625 0.628016494140625 0.46484375 0.613375291015625 0.46484375 0.6090928828125 0.4634765625 0.58357205078125 0.454927060546875 0.57421875 0.44837646875 0.57421875 0.4376953125 0.578016494140625
7 0.37109375 0.623719619140625 0.371875 0.643164064453125 0.39296875 0.65983073046875 0.3984375 0.655664064453125 0.4140625 0.607052953125 0.4140625 0.601497396484375 0.4 0.58483073046875 0.390625 0.57649739453125 0.38046875 0.593164064453125 0.37109375 0.623719619140625
4 0.564453125 0.490928818359375 0.564453125 0.45422665234375 0.521484375 0.44875421875 0.521484375 0.483191119140625 0.561892361328125 0.490928818359375 0.564453125 0.490928818359375
12 0.27734375 0.63138020703125 0.2953993046875 0.63684895703125 0.325954861328125 0.63606770703125 0.33984375 0.63997395703125 0.4342881953125 0.64544270703125 0.460677083984375 0.650130208984375 0.52456597265625 0.65091145703125 0.541232638671875 0.65481770703125 0.65512152734375 0.66106770703125 0.678732638671875 0.67044270703125 0.69262152734375 0.66497395703125 0.7078993046875 0.66419270703125 0.7265625 0.66562044140625 0.7265625 0.2256819921875 0.6592881953125 0.22981770703125 0.26171875 0.258054173828125 0.26171875 0.633263578125 0.27734375 0.63138020703125
3 0.4673828125 0.618142361328125 0.4587890625 0.63619791796875 0.4478515625 0.643142361328125 0.4345703125 0.668142359375 0.4212890625 0.65703125 0.4103515625 0.6639756953125 0.4142578125 0.72925347265625 0.4173828125 0.73203125 0.4236328125 0.71953125 0.4314453125 0.713975693359375 0.4447265625 0.712586806640625 0.4556640625 0.718142359375 0.4697265625 0.74175347265625 0.4830078125 0.68480902734375 0.4830078125 0.633420140625 0.5 0.57426215234375 0.5 0.55434027734375 0.4947265625 0.547309029296875 0.4908203125 0.54869791796875 0.4728515625 0.584809029296875 0.4673828125 0.618142361328125