0 0.4765625 0.341796875 0.478515625 0.34375 0.484375 0.34375 0.498046875 0.357421875 0.5078125 0.376953125 0.5078125 0.3828125 0.509765625 0.384765625 0.509765625 0.431640625 0.50390625 0.451171875 0.5 0.455078125 0.49609375 0.466796875 0.484375 0.48046875 0.48046875 0.48046875 0.47265625 0.486328125 0.443359375 0.486328125 0.431640625 0.4765625 0.423828125 0.46484375 0.423828125 0.458984375 0.419921875 0.453125 0.419921875 0.447265625 0.416015625 0.4375 0.416015625 0.3984375 0.41796875 0.396484375 0.419921875 0.3828125 0.423828125 0.37890625 0.427734375 0.3671875 0.443359375 0.34765625 0.45703125 0.341796875 0.474609375 0.341796875
5 0.54296875 0.3125 0.544921875 0.314453125 0.55859375 0.314453125 0.55859375 0.369140625 0.541015625 0.369140625 0.5390625 0.3671875 0.537109375 0.369140625 0.501953125 0.369140625 0.501953125 0.337890625 0.51171875 0.333984375 0.5234375 0.333984375 0.537109375 0.330078125 0.54296875 0.322265625 0.5390625 0.31640625 0.51953125 0.31640625 0.51953125 0.314453125 0.537109375 0.314453125 0.541015625 0.3125
6 0.486328125 0.14453125 0.4921875 0.158203125 0.501953125 0.1640625 0.5078125 0.171875 0.509765625 0.1953125 0.51171875 0.197265625 0.509765625 0.2265625 0.513671875 0.234375 0.513671875 0.248046875 0.515625 0.25 0.515625 0.267578125 0.513671875 0.2734375 0.501953125 0.283203125 0.49609375 0.28515625 0.48046875 0.28515625 0.4765625 0.283203125 0.4765625 0.279296875 0.47265625 0.2734375 0.47265625 0.236328125 0.46875 0.23046875 0.46875 0.224609375 0.46484375 0.216796875 0.46484375 0.1796875 0.474609375 0.1640625 0.478515625 0.14453125 0.48046875 0.142578125 0.484375 0.14453125
1 0.340625 0.53589409765625 0.3421875 0.5442274296875 0.3734375 0.620616318359375 0.39765625 0.638671875 0.409375 0.620616318359375 0.4078125 0.595616318359375 0.3765625 0.526171875 0.35703125 0.513671875 0.34375 0.520616318359375 0.340625 0.53589409765625
10 0.6060546875 0.3389539921875 0.6123046875 0.34867621484375 0.6076171875 0.372287326171875 0.5990234375 0.377842880859375 0.5935546875 0.3958984375 0.5919921875 0.443120658203125 0.5998046875 0.462565103515625 0.6076171875 0.469509548828125 0.6232421875 0.477842880859375 0.6341796875 0.4764539921875 0.6435546875 0.457009548828125 0.6474609375 0.43617621484375 0.6498046875 0.407009548828125 0.6435546875 0.36673176953125 0.6498046875 0.36117621484375 0.650390625 0.35492621484375 0.650390625 0.343259548828125 0.6318359375 0.319509548828125 0.6029296875 0.305620658203125 0.5951171875 0.305620658203125 0.5912109375 0.31117621484375 0.5912109375 0.319509548828125 0.5974609375 0.32923176953125 0.5958984375 0.344509548828125 0.6060546875 0.3389539921875
7 0.584375 0.3046006953125 0.58705078125 0.310546875 0.588510744140625 0.310546875 0.59453125 0.3046006953125 0.61484375 0.30876736328125 0.6265625 0.28376736328125 0.62421875 0.262934029296875 0.60234375 0.244878474609375 0.58828125 0.27126736328125 0.584375 0.282378474609375 0.584375 0.3046006953125
12 0.374869791015625 0.769184029296875 0.39848090234375 0.76449652734375 0.597092013671875 0.755121529296875 0.6762586796875 0.747309029296875 0.72265625 0.744788138671875 0.72265625 0.3654033984375 0.4262586796875 0.34418402734375 0.26171875 0.33430675390625 0.26171875 0.775448388671875 0.262369791015625 0.77543402734375 0.281814236328125 0.77230902734375 0.30542534765625 0.778559029296875 0.36098090234375 0.76762152734375 0.374869791015625 0.769184029296875
4 0.521484375 0.549633908203125 0.564453125 0.544379576171875 0.564453125 0.507018919921875 0.563845486328125 0.50698784765625 0.521484375 0.514930556640625 0.521484375 0.549633908203125
3 0.444391740234375 0.998046875 0.44483642578125 0.998046875 0.4484375 0.995486111328125 0.44609375 0.939930556640625 0.434375 0.917708333984375 0.425 0.87604166796875 0.43359375 0.8663194453125 0.43984375 0.84409722265625 0.4421875 0.81354166796875 0.45859375 0.802430556640625 0.48515625 0.802430556640625 0.494140625 0.788740080078125 0.494140625 0.78573768359375 0.305236802734375 0.783203125 0.28917347265625 0.783203125 0.296875 0.798263888671875 0.3078125 0.802430556640625 0.36015625 0.852430556640625 0.3859375 0.898263888671875 0.403125 0.909375 0.425 0.946875 0.43828125 0.98854166796875 0.444391740234375 0.998046875
2 0.533203125 0.568359375 0.541015625 0.572265625 0.548828125 0.580078125 0.55859375 0.615234375 0.55859375 0.673828125 0.552734375 0.693359375 0.541015625 0.70703125 0.51953125 0.70703125 0.51171875 0.69921875 0.50390625 0.68359375 0.50390625 0.669921875 0.49609375 0.64453125 0.49609375 0.6015625 0.5 0.58984375 0.51171875 0.572265625 0.517578125 0.568359375 0.53125 0.568359375
8 0.40234375 0.310546875 0.40234375 0.27734375 0.404296875 0.275390625 0.416015625 0.275390625 0.4296875 0.271484375 0.443359375 0.271484375 0.443359375 0.3046875 0.4375 0.3046875 0.419921875 0.310546875 0.404296875 0.310546875
11 0.4375 0.544921875 0.45703125 0.572265625 0.45703125 0.576171875 0.4609375 0.578125 0.478515625 0.60546875 0.494140625 0.625 0.494140625 0.6484375 0.482421875 0.673828125 0.478515625 0.671875 0.4765625 0.666015625 0.455078125 0.634765625 0.439453125 0.615234375 0.431640625 0.6015625 0.427734375 0.599609375 0.41796875 0.5859375 0.41796875 0.572265625 0.421875 0.568359375 0.421875 0.564453125 0.42578125 0.560546875 0.4296875 0.548828125 0.435546875 0.544921875