0 0.45043402734375 0.5381727421875 0.4282118046875 0.543641494140625 0.41015625 0.5542393203125 0.41015625 0.6248914921875 0.418489583984375 0.6295789921875 0.4407118046875 0.6350477421875 0.468489583984375 0.635828994140625 0.501822916015625 0.6256727421875 0.509765625 0.62036726171875 0.509765625 0.56945326171875 0.505989583984375 0.567860244140625 0.49487847265625 0.5420789921875 0.47543402734375 0.5373914921875 0.45043402734375 0.5381727421875
7 0.414453125 0.219335935546875 0.411328125 0.233224826171875 0.400390625 0.256835935546875 0.398046875 0.27211371484375 0.414453125 0.292947046875 0.425390625 0.298502603515625 0.430078125 0.292947046875 0.441796875 0.263780380859375 0.443359375 0.256558158203125 0.443359375 0.24049606640625 0.430859375 0.223502603515625 0.420800783203125 0.216796875 0.416833494140625 0.216796875 0.414453125 0.219335935546875
8 0.3673828125 0.621896701171875 0.3501953125 0.674674478515625 0.3501953125 0.69828558984375 0.3580078125 0.7135633671875 0.3650390625 0.717730033203125 0.3736328125 0.717730033203125 0.3845703125 0.70384114453125 0.39453125 0.645267427734375 0.39453125 0.63117249609375 0.3892578125 0.619118923828125 0.37614746484375 0.615234375 0.374877927734375 0.615234375 0.3673828125 0.621896701171875
11 0.325390625 0.58404948046875 0.325390625 0.58960503515625 0.333203125 0.603493923828125 0.338671875 0.606271703125 0.360546875 0.565993923828125 0.369921875 0.53404948046875 0.374609375 0.52710503515625 0.375 0.52398003515625 0.375 0.510438369140625 0.374261474609375 0.5078125 0.36127477734375 0.5078125 0.341796875 0.543771703125 0.325390625 0.58404948046875
2 0.625 0.743511388671875 0.625 0.688427349609375 0.568359375 0.688902876953125 0.568359375 0.74464427734375 0.5838758671875 0.745290798828125 0.625 0.743511388671875
6 0.51953125 0.71463265625 0.511328125 0.696072048828125 0.508764646484375 0.6953125 0.506109619140625 0.6953125 0.499609375 0.703016494140625 0.488671875 0.728016494140625 0.48046875 0.815516494140625 0.48046875 0.83461371484375 0.484765625 0.846072048828125 0.49537760546875 0.849609375 0.4976904296875 0.849609375 0.506640625 0.836349826171875 0.519140625 0.758572048828125 0.51953125 0.737044271484375 0.51953125 0.71463265625
4 0.561892361328125 0.490928818359375 0.564453125 0.49079787109375 0.564453125 0.453265837890625 0.5327256953125 0.447960068359375 0.521484375 0.4475648671875 0.521484375 0.4833523203125 0.561892361328125 0.490928818359375
10 0.4109375 0.51022135546875 0.4 0.51577691015625 0.39375 0.51022135546875 0.39140625 0.519943578125 0.38125 0.52827691015625 0.38203125 0.5379991328125 0.390625 0.544943578125 0.415625 0.54772135546875 0.44375 0.539388021484375 0.446875 0.521332466796875 0.465625 0.47272135546875 0.46640625 0.429665798828125 0.4569023984375 0.41796875 0.45057705859375 0.41796875 0.4328125 0.432443578125 0.4171875 0.432443578125 0.40703125 0.464388021484375 0.4109375 0.51022135546875
1 0.4154296875 0.419596353515625 0.4146484375 0.39876301953125 0.4060546875 0.379318576171875 0.400067138671875 0.376953125 0.398611111328125 0.376953125 0.3740234375 0.401540798828125 0.3693359375 0.422374130859375 0.3560546875 0.45015191015625 0.3662109375 0.466818576171875 0.370846896484375 0.50390625 0.371903482421875 0.50390625 0.3810546875 0.50015191015625 0.3919921875 0.4834852421875 0.4037109375 0.439040798828125 0.4154296875 0.419596353515625
5 0.4265625 0.33483073046875 0.40390625 0.373719619140625 0.4046875 0.4056640625 0.4109375 0.420941841796875 0.4203125 0.4306640625 0.4328125 0.432052953125 0.44140625 0.423719619140625 0.4484375 0.407052953125 0.44921875 0.39038628515625 0.453125 0.376497396484375 0.453125 0.35427517578125 0.45234375 0.345941841796875 0.44225463671875 0.333984375 0.43084717578125 0.333984375 0.4265625 0.33483073046875
9 0.512109375 0.30258246484375 0.523828125 0.2998046875 0.533984375 0.285915798828125 0.534765625 0.2553602421875 0.524773763671875 0.236328125 0.50789325390625 0.236328125 0.498046875 0.25258246484375 0.496484375 0.27202691015625 0.498828125 0.285915798828125 0.512109375 0.30258246484375
3 0.404296875 0.10687933984375 0.431640625 0.05421730078125 0.431640625 0.0503768125 0.415444865234375 0.001953125 0.285246060546875 0.001953125 0.299609375 0.020768228515625 0.325390625 0.020768228515625 0.338671875 0.03049044921875 0.344921875 0.040212671875 0.341796875 0.04993489453125 0.350390625 0.0846571171875 0.358203125 0.095768228515625 0.350390625 0.13187933984375 0.337109375 0.161046005859375 0.335546875 0.21382378515625 0.33898926171875 0.21484375 0.340441892578125 0.21484375 0.345703125 0.20549044921875 0.356640625 0.16937933984375 0.373828125 0.136046005859375 0.404296875 0.10687933984375
12 0.2732421875 0.72350260546875 0.2623046875 0.872113716796875 0.2701171875 0.884613716796875 0.3365234375 0.887391494140625 0.7263671875 0.884613716796875 0.7279296875 0.8623914921875 0.7076171875 0.522113716796875 0.6763671875 0.06655816015625 0.6693359375 0.045724828125 0.4818359375 0.0262803828125 0.4685546875 0.020724828125 0.340162869140625 0.00390625 0.3195263671875 0.00390625 0.3169921875 0.015169271484375 0.2943359375 0.397113716796875 0.2748046875 0.633224828125 0.2732421875 0.72350260546875