11 0.4375 0.353515625 0.44921875 0.365234375 0.494140625 0.396484375 0.494140625 0.4296875 0.478515625 0.4296875 0.47265625 0.427734375 0.453125 0.412109375 0.42578125 0.39453125 0.423828125 0.390625 0.419921875 0.390625 0.416015625 0.38671875 0.416015625 0.35546875 0.419921875 0.3515625 0.43359375 0.3515625 0.435546875 0.353515625
0 0.4765625 0.513671875 0.48046875 0.517578125 0.484375 0.517578125 0.49609375 0.53125 0.5 0.54296875 0.50390625 0.546875 0.509765625 0.56640625 0.509765625 0.61328125 0.5078125 0.615234375 0.5078125 0.62109375 0.498046875 0.640625 0.484375 0.654296875 0.478515625 0.654296875 0.4765625 0.65625 0.45703125 0.65625 0.443359375 0.650390625 0.427734375 0.630859375 0.427734375 0.626953125 0.419921875 0.615234375 0.419921875 0.609375 0.416015625 0.599609375 0.416015625 0.560546875 0.41796875 0.55859375 0.419921875 0.544921875 0.423828125 0.5390625 0.423828125 0.533203125 0.431640625 0.521484375 0.443359375 0.51171875 0.47265625 0.51171875 0.474609375 0.513671875
5 0.533203125 0.603515625 0.5390625 0.609375 0.544921875 0.62109375 0.55078125 0.62109375 0.55859375 0.625 0.55859375 0.66796875 0.556640625 0.66796875 0.556640625 0.6484375 0.55078125 0.64453125 0.54296875 0.650390625 0.5390625 0.6640625 0.5390625 0.67578125 0.53515625 0.685546875 0.53515625 0.6953125 0.53125 0.703125 0.5234375 0.708984375 0.513671875 0.70703125 0.5078125 0.701171875 0.50390625 0.689453125 0.50390625 0.650390625 0.505859375 0.6484375 0.50390625 0.646484375 0.50390625 0.62109375 0.509765625 0.607421875 0.513671875 0.603515625 0.53125 0.603515625
6 0.462890625 0.7578125 0.4921875 0.7578125 0.515625 0.765625 0.515625 0.806640625 0.509765625 0.806640625 0.501953125 0.802734375 0.47265625 0.8046875 0.470703125 0.802734375 0.462890625 0.802734375 0.462890625 0.759765625
1 0.3942274296875 0.456423611328125 0.41015625 0.457419162109375 0.41015625 0.418337673828125 0.342838541015625 0.390798611328125 0.33984375 0.390237087890625 0.33984375 0.431950955078125 0.3942274296875 0.456423611328125
10 0.58984375 0.63636283203125 0.616471353515625 0.635481771484375 0.63452691015625 0.630013021484375 0.64008246484375 0.621419271484375 0.650390625 0.619372798828125 0.650390625 0.580135091796875 0.645638021484375 0.585481771484375 0.6053602421875 0.579231771484375 0.58984375 0.5804786328125 0.58984375 0.63636283203125
7 0.583984375 0.732926849609375 0.590625 0.74097222265625 0.611458333984375 0.743315970703125 0.626953125 0.736052787109375 0.626953125 0.701128470703125 0.6100694453125 0.701128470703125 0.598958333984375 0.705034720703125 0.583984375 0.713014265625 0.583984375 0.732926849609375
12 0.7046875 0.352734375 0.709375 0.329123263671875 0.7078125 0.315234373046875 0.71875 0.2596788203125 0.7125 0.236067708984375 0.715625 0.216623263671875 0.7171875 0.145789931640625 0.72265625 0.10568576171875 0.72265625 0.0116849921875 0.7171875 0.013845484375 0.7140625 0.0082899296875 0.701757814453125 0.005859375 0.501318359375 0.005859375 0.48984375 0.022178818359375 0.46640625 0.026345486328125 0.45078125 0.048567708984375 0.43828125 0.054123263671875 0.40625 0.116623263671875 0.38515625 0.13051215234375 0.3671875 0.1596788203125 0.346875 0.1346788203125 0.34765625 0.116623263671875 0.3546875 0.094401041015625 0.34765625 0.08606770703125 0.340625 0.065234373046875 0.340625 0.037456595703125 0.32734375 0.031901041015625 0.3265625 0.026345486328125 0.3140625 0.029123263671875 0.29453125 0.02356770703125 0.28359375 0.00690104296875 0.2712890625 0.005859375 0.2669921875 0.005859375 0.26328125 0.012456595703125 0.26328125 0.029123263671875 0.284375 0.38051215234375 0.3171875 0.838845486328125 0.4703125 0.859678818359375 0.47578125 0.85412326171875 0.49375 0.852734373046875 0.50234375 0.863845484375 0.66837023828125 0.888671875 0.66958984375 0.888671875 0.67421875 0.87495659765625 0.6875 0.63051215234375 0.6953125 0.551345486328125 0.7046875 0.352734375
4 0.534765625 0.428342013671875 0.523046875 0.490842013671875 0.523828125 0.506119791015625 0.529296875 0.518619791015625 0.539453125 0.5213975703125 0.558984375 0.503342013671875 0.564453125 0.458619791015625 0.564453125 0.43216145703125 0.563671875 0.42973090234375 0.550415041015625 0.421875 0.539615884765625 0.421875 0.534765625 0.428342013671875
3 0.399088541015625 0.10316840234375 0.353255208984375 0.07738715234375 0.303255208984375 0.02504340234375 0.299088541015625 0.01410590234375 0.287109375 0.00798019140625 0.287109375 0.21298285546875 0.303255208984375 0.20238715234375 0.303255208984375 0.17582465234375 0.3143663203125 0.15941840234375 0.344921875 0.15707465234375 0.36714409765625 0.15082465234375 0.3768663203125 0.14223090234375 0.418532986328125 0.15160590234375 0.440755208984375 0.16332465234375 0.494140625 0.165576849609375 0.494140625 0.158581349609375 0.4893663203125 0.15551215234375 0.44769965234375 0.14223090234375 0.41019965234375 0.12035590234375 0.399088541015625 0.10316840234375
2 0.537109375 0.291015625 0.55078125 0.3046875 0.55859375 0.32421875 0.55859375 0.3671875 0.55078125 0.392578125 0.55078125 0.40625 0.546875 0.412109375 0.546875 0.416015625 0.53515625 0.4296875 0.529296875 0.431640625 0.513671875 0.4296875 0.501953125 0.416015625 0.501953125 0.412109375 0.498046875 0.40625 0.498046875 0.3984375 0.49609375 0.396484375 0.49609375 0.337890625 0.505859375 0.302734375 0.513671875 0.294921875 0.521484375 0.291015625 0.53515625 0.291015625
8 0.431640625 0.65625 0.44140625 0.6640625 0.443359375 0.669921875 0.443359375 0.701171875 0.4375 0.71875 0.4375 0.7265625 0.43359375 0.734375 0.431640625 0.75 0.4296875 0.75390625 0.419921875 0.7578125 0.412109375 0.755859375 0.404296875 0.744140625 0.404296875 0.7109375 0.40625 0.708984375 0.412109375 0.66796875 0.419921875 0.65625 0.4296875 0.65625