11 0.458984375 0.578125 0.4765625 0.60546875 0.4921875 0.625 0.494140625 0.630859375 0.494140625 0.646484375 0.490234375 0.650390625 0.490234375 0.654296875 0.48046875 0.673828125 0.431640625 0.6015625 0.427734375 0.599609375 0.41796875 0.5859375 0.41796875 0.572265625 0.421875 0.568359375 0.421875 0.564453125 0.43359375 0.544921875 0.435546875 0.544921875 0.455078125 0.572265625 0.45703125 0.578125
0 0.482421875 0.341796875 0.494140625 0.3515625 0.501953125 0.36328125 0.501953125 0.369140625 0.505859375 0.375 0.505859375 0.380859375 0.509765625 0.390625 0.509765625 0.4296875 0.5078125 0.431640625 0.505859375 0.4453125 0.48828125 0.474609375 0.482421875 0.48046875 0.4609375 0.48828125 0.44140625 0.484375 0.427734375 0.470703125 0.421875 0.4609375 0.4140625 0.43359375 0.4140625 0.404296875 0.421875 0.376953125 0.42578125 0.373046875 0.4296875 0.361328125 0.44140625 0.34765625 0.4453125 0.34765625 0.44921875 0.34375 0.4609375 0.33984375 0.48046875 0.341796875
5 0.546875 0.2890625 0.552734375 0.294921875 0.55859375 0.30859375 0.55859375 0.333984375 0.556640625 0.3359375 0.55859375 0.337890625 0.55859375 0.376953125 0.5546875 0.388671875 0.544921875 0.396484375 0.53515625 0.39453125 0.52734375 0.3828125 0.52734375 0.373046875 0.5234375 0.36328125 0.5234375 0.3515625 0.51953125 0.337890625 0.51171875 0.33203125 0.505859375 0.3359375 0.505859375 0.35546875 0.50390625 0.35546875 0.50390625 0.337890625 0.501953125 0.3359375 0.50390625 0.330078125 0.50390625 0.3125 0.51171875 0.30859375 0.517578125 0.30859375 0.5234375 0.296875 0.53125 0.2890625 0.544921875 0.2890625
6 0.486328125 0.14453125 0.4921875 0.158203125 0.501953125 0.1640625 0.5078125 0.171875 0.509765625 0.1953125 0.51171875 0.197265625 0.509765625 0.2265625 0.513671875 0.234375 0.513671875 0.248046875 0.515625 0.25 0.515625 0.267578125 0.513671875 0.2734375 0.501953125 0.283203125 0.490234375 0.287109375 0.484375 0.287109375 0.4765625 0.283203125 0.4765625 0.279296875 0.47265625 0.2734375 0.47265625 0.236328125 0.46875 0.23046875 0.46875 0.224609375 0.46484375 0.216796875 0.46484375 0.1796875 0.474609375 0.1640625 0.478515625 0.14453125 0.48046875 0.142578125 0.484375 0.14453125
1 0.40625 0.6319444453125 0.409375 0.616666666015625 0.4078125 0.608333333984375 0.3765625 0.5319444453125 0.35234375 0.513888888671875 0.340625 0.5319444453125 0.3421875 0.5569444453125 0.3734375 0.626388888671875 0.39296875 0.638888888671875 0.40625 0.6319444453125
10 0.60546875 0.338888888671875 0.61171875 0.348611111328125 0.60703125 0.37222222265625 0.5984375 0.37777777734375 0.59296875 0.395833333984375 0.59140625 0.4430555546875 0.59921875 0.4625 0.60703125 0.4694444453125 0.62265625 0.47777777734375 0.63359375 0.476388888671875 0.64296875 0.4569444453125 0.646875 0.436111111328125 0.64921875 0.4069444453125 0.64296875 0.366666666015625 0.64921875 0.361111111328125 0.65078125 0.3444444453125 0.63125 0.3194444453125 0.60234375 0.3055555546875 0.59453125 0.3055555546875 0.590625 0.311111111328125 0.590625 0.3194444453125 0.596875 0.329166666015625 0.5953125 0.3444444453125 0.60546875 0.338888888671875
7 0.59453125 0.304166666015625 0.61484375 0.308333333984375 0.6265625 0.283333333984375 0.62421875 0.2625 0.60234375 0.2444444453125 0.58828125 0.270833333984375 0.584375 0.2819444453125 0.584375 0.304166666015625 0.5875 0.311111111328125 0.59453125 0.304166666015625
3 0.35078125 0.91527777734375 0.3390625 0.9694444453125 0.32734375 0.97777777734375 0.3015625 0.97777777734375 0.28515625 0.998611111328125 0.4953125 0.998611111328125 0.48671875 0.983333333984375 0.475 0.979166666015625 0.4265625 0.93472222265625 0.40546875 0.8930555546875 0.37265625 0.861111111328125 0.35859375 0.833333333984375 0.3453125 0.791666666015625 0.34140625 0.78472222265625 0.3359375 0.7875 0.3375 0.83472222265625 0.35078125 0.86527777734375 0.359375 0.904166666015625 0.35078125 0.91527777734375
12 0.2828125 0.9930555546875 0.29375 0.976388888671875 0.31328125 0.970833333984375 0.32578125 0.973611111328125 0.3265625 0.9680555546875 0.33984375 0.9625 0.33984375 0.93472222265625 0.346875 0.913888888671875 0.35390625 0.9055555546875 0.346875 0.883333333984375 0.34609375 0.86527777734375 0.36640625 0.84027777734375 0.384375 0.8694444453125 0.40546875 0.883333333984375 0.4375 0.945833333984375 0.45 0.951388888671875 0.465625 0.973611111328125 0.4890625 0.97777777734375 0.50078125 0.9944444453125 0.69921875 0.9944444453125 0.71328125 0.991666666015625 0.71640625 0.986111111328125 0.7234375 0.988888888671875 0.72265625 0.9 0.71640625 0.854166666015625 0.71484375 0.783333333984375 0.71171875 0.763888888671875 0.71796875 0.74027777734375 0.70703125 0.68472222265625 0.70859375 0.670833333984375 0.70390625 0.64722222265625 0.69453125 0.448611111328125 0.68671875 0.3694444453125 0.6734375 0.125 0.66875 0.111111111328125 0.5015625 0.136111111328125 0.49296875 0.14722222265625 0.475 0.145833333984375 0.46953125 0.14027777734375 0.31640625 0.161111111328125 0.28359375 0.6194444453125 0.2625 0.970833333984375 0.2625 0.9875 0.26640625 0.9944444453125 0.2828125 0.9930555546875
4 0.56640625 0.561111111328125 0.56640625 0.55 0.55390625 0.483333333984375 0.54140625 0.47777777734375 0.52578125 0.4875 0.52265625 0.49722222265625 0.53046875 0.5625 0.55 0.579166666015625 0.5609375 0.575 0.56640625 0.561111111328125
8 0.427734375 0.2421875 0.435546875 0.25390625 0.44140625 0.294921875 0.443359375 0.296875 0.443359375 0.328125 0.439453125 0.33203125 0.439453125 0.3359375 0.4296875 0.341796875 0.41796875 0.337890625 0.416015625 0.333984375 0.4140625 0.318359375 0.41015625 0.310546875 0.41015625 0.302734375 0.40234375 0.27734375 0.40234375 0.26171875 0.40625 0.25 0.416015625 0.2421875 0.42578125 0.2421875
11 0.458984375 0.578125 0.4765625 0.60546875 0.4921875 0.625 0.494140625 0.630859375 0.494140625 0.646484375 0.490234375 0.650390625 0.490234375 0.654296875 0.48046875 0.673828125 0.431640625 0.6015625 0.427734375 0.599609375 0.41796875 0.5859375 0.41796875 0.572265625 0.421875 0.568359375 0.421875 0.564453125 0.43359375 0.544921875 0.435546875 0.544921875 0.455078125 0.572265625 0.45703125 0.578125
2 0.52265625 0.7069444453125 0.53671875 0.7069444453125 0.54765625 0.698611111328125 0.5546875 0.686111111328125 0.56015625 0.66527777734375 0.559375 0.6180555546875 0.55703125 0.60277777734375 0.546875 0.576388888671875 0.52734375 0.56527777734375 0.515625 0.5680555546875 0.50078125 0.586111111328125 0.4953125 0.6055555546875 0.49609375 0.6444444453125 0.5046875 0.683333333984375 0.5125 0.698611111328125 0.52265625 0.7069444453125
3 0.3578125 0.90972222265625 0.35078125 0.913888888671875 0.35 0.92777777734375 0.34453125 0.9375 0.3390625 0.9680555546875 0.32734375 0.97777777734375 0.30078125 0.97777777734375 0.28515625 0.998611111328125 0.4953125 0.998611111328125 0.48359375 0.9805555546875 0.465625 0.97777777734375 0.44765625 0.9555555546875 0.43125 0.9430555546875 0.40546875 0.8930555546875 0.3953125 0.8805555546875 0.3828125 0.875 0.3703125 0.8569444453125 0.35703125 0.829166666015625 0.34609375 0.7930555546875 0.34140625 0.78472222265625 0.3359375 0.786111111328125 0.33671875 0.8319444453125 0.340625 0.84722222265625 0.35 0.863888888671875 0.3578125 0.90972222265625