10 0.436697048828125 0.8131944453125 0.439453125 0.813279005859375 0.439453125 0.784331111328125 0.384765625 0.76943090234375 0.384765625 0.8054058046875 0.4005859375 0.8085069453125 0.436697048828125 0.8131944453125
5 0.564453125 0.645872791015625 0.52417534765625 0.63608941015625 0.50473090234375 0.63687066015625 0.50390625 0.637257216796875 0.50390625 0.6772637265625 0.5213975703125 0.68218316015625 0.539453125 0.69390191015625 0.564453125 0.69487173828125 0.564453125 0.6866868359375 0.5575086796875 0.68530816015625 0.560286458984375 0.67905816015625 0.564453125 0.678697583984375 0.564453125 0.645872791015625
0 0.477587892578125 0.37890625 0.461328125 0.37890625 0.4537109375 0.3890625 0.4451171875 0.3890625 0.4302734375 0.4140625 0.4248046875 0.437673611328125 0.4248046875 0.475173611328125 0.4310546875 0.502951388671875 0.4443359375 0.5265625 0.4662109375 0.544618056640625 0.4849609375 0.5460069453125 0.4998046875 0.537673611328125 0.5154296875 0.515451388671875 0.5234375 0.46945780078125 0.5234375 0.44565972265625 0.5185546875 0.419618056640625 0.5083984375 0.39878472265625 0.4888671875 0.380729166015625 0.477587892578125 0.37890625
2 0.341796875 0.3739568984375 0.341796875 0.43149519140625 0.381510416015625 0.44446614453125 0.4092881953125 0.446028646484375 0.41796875 0.444075521484375 0.41796875 0.386542037109375 0.3953993046875 0.37493489453125 0.373177083984375 0.37024739453125 0.3467881953125 0.371809896484375 0.341796875 0.3739568984375
6 0.6302734375 0.387543400390625 0.6242578125 0.380859375 0.609033203125 0.380859375 0.6013671875 0.39448784765625 0.5974609375 0.441710068359375 0.6021484375 0.4667100703125 0.6021484375 0.497265625 0.6099609375 0.512543400390625 0.6194824296875 0.513671875 0.6218994140625 0.513671875 0.6310546875 0.5028211796875 0.6328125 0.4934461796875 0.6328125 0.401085068359375 0.6302734375 0.387543400390625
11 0.3349609375 0.5889539921875 0.3623046875 0.593120658203125 0.380859375 0.53676938671875 0.380859375 0.50874566015625 0.372692873046875 0.50390625 0.357195767578125 0.50390625 0.3333984375 0.5639539921875 0.3349609375 0.5889539921875
1 0.5951171875 0.5370225703125 0.5865234375 0.563411458984375 0.5880859375 0.62174479296875 0.5857421875 0.666189236328125 0.5912109375 0.67730034765625 0.6029296875 0.68424479296875 0.6115234375 0.675911458984375 0.6171875 0.653534916015625 0.6171875 0.545355904296875 0.6162109375 0.538411458984375 0.60888671875 0.529296875 0.607430013671875 0.529296875 0.5951171875 0.5370225703125
8 0.6015625 0.774923009765625 0.56640625 0.7752825625 0.56640625 0.807408119140625 0.6015625 0.80976233203125 0.6015625 0.774923009765625
9 0.4376953125 0.578016494140625 0.4322265625 0.594683162109375 0.4330078125 0.619683162109375 0.4431640625 0.63357205078125 0.4541015625 0.63357205078125 0.4603515625 0.628016494140625 0.46484375 0.613375291015625 0.46484375 0.6090928828125 0.4634765625 0.58357205078125 0.454927060546875 0.57421875 0.44837646875 0.57421875 0.4376953125 0.578016494140625
7 0.37109375 0.623719619140625 0.371875 0.643164064453125 0.39296875 0.65983073046875 0.3984375 0.655664064453125 0.4140625 0.607052953125 0.4140625 0.601497396484375 0.4 0.58483073046875 0.390625 0.57649739453125 0.38046875 0.593164064453125 0.37109375 0.623719619140625
4 0.535546875 0.42152777734375 0.523046875 0.4868055546875 0.523046875 0.4993055546875 0.529296875 0.51458333203125 0.548046875 0.52152777734375 0.557421875 0.507638890625 0.564453125 0.4524305546875 0.564453125 0.429861111328125 0.560546875 0.422916666015625 0.551640625 0.41796875 0.5435546875 0.41796875 0.535546875 0.42152777734375
12 0.64921875 0.251692708984375 0.5547743046875 0.24622395703125 0.528385416015625 0.24153645703125 0.46449652734375 0.24075520703125 0.447829861328125 0.23684895703125 0.33394097265625 0.23059895703125 0.310329861328125 0.22122395703125 0.29644097265625 0.22669270703125 0.2811631953125 0.22747395703125 0.26171875 0.22598645703125 0.26171875 0.66603269921875 0.3297743046875 0.66184895703125 0.7265625 0.6336679765625 0.7265625 0.258497255859375 0.71171875 0.26028645703125 0.6936631953125 0.25481770703125 0.663107638671875 0.255598958984375 0.64921875 0.251692708984375
3 0.432161458984375 0.623155380859375 0.4432725703125 0.6098741328125 0.436328125 0.598936630859375 0.408203125 0.600619642578125 0.408203125 0.669892234375 0.415494791015625 0.6715928828125 0.4668836796875 0.6715928828125 0.5 0.681105017578125 0.5 0.658894517578125 0.482161458984375 0.6559678828125 0.46410590234375 0.6473741328125 0.457161458984375 0.6364366328125 0.432161458984375 0.623155380859375