11 0.4375 0.544921875 0.45703125 0.572265625 0.45703125 0.576171875 0.4609375 0.578125 0.478515625 0.60546875 0.494140625 0.625 0.494140625 0.6484375 0.482421875 0.673828125 0.478515625 0.671875 0.4765625 0.666015625 0.455078125 0.634765625 0.439453125 0.615234375 0.431640625 0.6015625 0.427734375 0.599609375 0.41796875 0.5859375 0.41796875 0.572265625 0.421875 0.568359375 0.421875 0.564453125 0.42578125 0.560546875 0.4296875 0.548828125 0.435546875 0.544921875
0 0.482421875 0.341796875 0.494140625 0.3515625 0.501953125 0.36328125 0.501953125 0.369140625 0.505859375 0.375 0.505859375 0.380859375 0.509765625 0.390625 0.509765625 0.4296875 0.5078125 0.431640625 0.505859375 0.4453125 0.501953125 0.44921875 0.501953125 0.453125 0.498046875 0.45703125 0.498046875 0.4609375 0.494140625 0.466796875 0.482421875 0.48046875 0.46875 0.486328125 0.44140625 0.484375 0.427734375 0.470703125 0.421875 0.4609375 0.416015625 0.443359375 0.416015625 0.435546875 0.4140625 0.43359375 0.4140625 0.404296875 0.421875 0.376953125 0.42578125 0.373046875 0.4296875 0.361328125 0.44140625 0.34765625 0.4453125 0.34765625 0.44921875 0.34375 0.4609375 0.33984375 0.48046875 0.341796875
5 0.50390625 0.310546875 0.51171875 0.306640625 0.517578125 0.306640625 0.5234375 0.294921875 0.53125 0.287109375 0.546875 0.287109375 0.552734375 0.29296875 0.55859375 0.306640625 0.55859375 0.33203125 0.556640625 0.333984375 0.55859375 0.3359375 0.55859375 0.375 0.5546875 0.38671875 0.544921875 0.39453125 0.53515625 0.392578125 0.52734375 0.380859375 0.52734375 0.37109375 0.5234375 0.361328125 0.5234375 0.349609375 0.51953125 0.3359375 0.51171875 0.330078125 0.505859375 0.333984375 0.505859375 0.353515625 0.50390625 0.353515625 0.50390625 0.3359375 0.501953125 0.333984375 0.50390625 0.328125 0.50390625 0.3125
6 0.5 0.14453125 0.50390625 0.146484375 0.50390625 0.150390625 0.5078125 0.15625 0.5078125 0.193359375 0.51171875 0.19921875 0.51171875 0.205078125 0.515625 0.212890625 0.515625 0.25 0.505859375 0.265625 0.501953125 0.28515625 0.494140625 0.28515625 0.48828125 0.271484375 0.478515625 0.265625 0.47265625 0.2578125 0.470703125 0.234375 0.46875 0.232421875 0.470703125 0.203125 0.466796875 0.1953125 0.466796875 0.181640625 0.46484375 0.1796875 0.46484375 0.162109375 0.466796875 0.15625 0.478515625 0.146484375 0.498046875 0.14453125
1 0.393798828125 0.638671875 0.40625 0.632161458984375 0.409375 0.6168836796875 0.4078125 0.60855034765625 0.3765625 0.532161458984375 0.35234375 0.51410590234375 0.340625 0.532161458984375 0.3421875 0.557161458984375 0.3734375 0.62660590234375 0.39229058203125 0.638671875 0.393798828125 0.638671875
10 0.650390625 0.363717796875 0.6360460078125 0.362565103515625 0.595768228515625 0.368815103515625 0.590212673828125 0.362565103515625 0.58984375 0.362530517578125 0.58984375 0.402473478515625 0.60132378515625 0.404752603515625 0.60687933984375 0.413346353515625 0.624934896484375 0.418815103515625 0.650390625 0.419657388671875 0.650390625 0.363717796875
7 0.590625 0.25902777734375 0.583984375 0.267073150390625 0.583984375 0.286985734375 0.598958333984375 0.294965279296875 0.6100694453125 0.298871529296875 0.626953125 0.298871529296875 0.626953125 0.263947212890625 0.611458333984375 0.256684029296875 0.590625 0.25902777734375
12 0.597092013671875 0.755121529296875 0.6762586796875 0.747309029296875 0.72265625 0.744788138671875 0.72265625 0.3654033984375 0.4262586796875 0.34418402734375 0.26171875 0.33430675390625 0.26171875 0.775448388671875 0.262369791015625 0.77543402734375 0.281814236328125 0.77230902734375 0.30542534765625 0.778559029296875 0.36098090234375 0.76762152734375 0.374869791015625 0.769184029296875 0.39848090234375 0.76449652734375 0.597092013671875 0.755121529296875
4 0.564453125 0.56783854296875 0.564453125 0.541380208984375 0.558984375 0.496657986328125 0.539453125 0.4786024296875 0.529296875 0.481380208984375 0.523828125 0.493880208984375 0.523046875 0.509157986328125 0.534765625 0.571657986328125 0.539615884765625 0.578125 0.550415041015625 0.578125 0.563671875 0.57026909765625 0.564453125 0.56783854296875
3 0.287282986328125 0.94761284765625 0.342838541015625 0.94526909765625 0.365060763671875 0.93355034765625 0.4067274296875 0.92417534765625 0.41644965234375 0.93276909765625 0.438671875 0.93901909765625 0.4692274296875 0.94136284765625 0.480338541015625 0.95776909765625 0.480338541015625 0.98433159765625 0.494140625 0.99338921484375 0.494140625 0.791123146484375 0.484505208984375 0.79605034765625 0.480338541015625 0.80698784765625 0.430338541015625 0.85933159765625 0.384505208984375 0.88511284765625 0.37339409765625 0.90230034765625 0.33589409765625 0.92417534765625 0.2942274296875 0.93745659765625 0.287109375 0.942032490234375 0.287109375 0.94736870703125 0.287282986328125 0.94761284765625
2 0.494140625 0.61328125 0.521484375 0.60546875 0.55859375 0.60546875 0.55859375 0.666015625 0.552734375 0.666015625 0.55078125 0.66796875 0.494140625 0.66796875 0.494140625 0.615234375
8 0.4296875 0.244140625 0.443359375 0.296875 0.443359375 0.328125 0.44140625 0.333984375 0.431640625 0.341796875 0.419921875 0.341796875 0.416015625 0.337890625 0.41015625 0.322265625 0.408203125 0.30078125 0.404296875 0.287109375 0.404296875 0.25390625 0.408203125 0.25 0.408203125 0.24609375 0.41796875 0.240234375 0.427734375 0.244140625