11 0.4296875 0.544921875 0.43359375 0.55078125 0.43359375 0.5546875 0.4453125 0.56640625 0.455078125 0.583984375 0.470703125 0.603515625 0.478515625 0.6171875 0.482421875 0.619140625 0.4921875 0.6328125 0.494140625 0.640625 0.48046875 0.666015625 0.478515625 0.673828125 0.474609375 0.673828125 0.455078125 0.646484375 0.455078125 0.642578125 0.451171875 0.640625 0.443359375 0.626953125 0.4375 0.62109375 0.431640625 0.609375 0.427734375 0.607421875 0.41796875 0.59375 0.416015625 0.587890625 0.416015625 0.572265625 0.419921875 0.568359375 0.427734375 0.546875
2 0.52734375 0.6376953125 0.06640625 0.14208984375
0 0.478515625 0.3671875 0.509765625 0.37890625 0.509765625 0.455078125 0.4921875 0.4609375 0.4453125 0.4609375 0.443359375 0.458984375 0.435546875 0.458984375 0.4296875 0.455078125 0.42578125 0.455078125 0.421875 0.451171875 0.4140625 0.44921875 0.4140625 0.375 0.421875 0.37109375 0.4296875 0.37109375 0.439453125 0.3671875 0.4765625 0.3671875
5 0.52734375 0.291015625 0.53515625 0.302734375 0.53515625 0.314453125 0.5390625 0.322265625 0.5390625 0.333984375 0.54296875 0.34765625 0.548828125 0.353515625 0.552734375 0.353515625 0.556640625 0.349609375 0.556640625 0.330078125 0.55859375 0.330078125 0.55859375 0.373046875 0.55078125 0.376953125 0.544921875 0.376953125 0.5390625 0.388671875 0.533203125 0.39453125 0.513671875 0.39453125 0.509765625 0.390625 0.50390625 0.376953125 0.50390625 0.30859375 0.5078125 0.296875 0.513671875 0.291015625 0.517578125 0.2890625 0.5234375 0.2890625 0.525390625 0.291015625
6 0.50390625 0.146484375 0.50390625 0.150390625 0.5078125 0.15625 0.5078125 0.193359375 0.513671875 0.20703125 0.513671875 0.25390625 0.505859375 0.265625 0.501953125 0.28515625 0.494140625 0.28515625 0.48828125 0.271484375 0.478515625 0.265625 0.47265625 0.2578125 0.470703125 0.232421875 0.46875 0.23046875 0.470703125 0.205078125 0.466796875 0.1953125 0.466796875 0.15625 0.474609375 0.1484375 0.482421875 0.14453125 0.5 0.14453125 0.501953125 0.146484375
10 0.642599826171875 0.42115885546875 0.650390625 0.420777783203125 0.650390625 0.36384026953125 0.6356553828125 0.36256510546875 0.5967664921875 0.368033853515625 0.58984375 0.3625821953125 0.58984375 0.403038736328125 0.60093316015625 0.40553385546875 0.605099826171875 0.41178385546875 0.624544271484375 0.418815103515625 0.642599826171875 0.42115885546875
1 0.40776909765625 0.542599826171875 0.33984375 0.569891259765625 0.33984375 0.609171548828125 0.3549913203125 0.608224826171875 0.371657986328125 0.598068576171875 0.408203125 0.58346254296875 0.408203125 0.542617265625 0.40776909765625 0.542599826171875
7 0.6212890625 0.2842881953125 0.625 0.273732638671875 0.625 0.2519270859375 0.62135009765625 0.244140625 0.621098634765625 0.244140625 0.6111328125 0.25095486328125 0.5955078125 0.2467881953125 0.583984375 0.26590856640625 0.583984375 0.272482640625 0.5845703125 0.291232640625 0.60707484765625 0.310546875 0.60729594921875 0.310546875 0.6212890625 0.2842881953125
4 0.55040283203125 0.578125 0.559765625 0.575564236328125 0.564453125 0.564849951171875 0.564453125 0.539453125 0.554296875 0.485286458984375 0.550390625 0.478342013671875 0.541015625 0.476953125 0.525390625 0.48667534765625 0.522265625 0.4963975703125 0.529296875 0.560286458984375 0.549365234375 0.578125 0.55040283203125 0.578125
3 0.423828125 0.9541015625 0.434765625 0.99021267578125 0.43917236328125 0.998046875 0.4414184609375 0.998046875 0.444921875 0.997157119140625 0.442578125 0.94437933984375 0.430859375 0.919379341796875 0.421484375 0.87771267578125 0.430078125 0.867990453125 0.442578125 0.81382378515625 0.455859375 0.804101564453125 0.480859375 0.804101564453125 0.494140625 0.78670390234375 0.494140625 0.78515625 0.28582763671875 0.78515625 0.294140625 0.799934896484375 0.309765625 0.804101564453125 0.355078125 0.849934896484375 0.378515625 0.894379341796875 0.398046875 0.90826823046875 0.408203125 0.922157119140625 0.423828125 0.9541015625
12 0.26293402734375 0.77584635546875 0.27265625 0.772721353515625 0.3046006953125 0.776627603515625 0.72265625 0.74572135546875 0.72265625 0.364551712890625 0.2907118046875 0.33678385546875 0.259765625 0.334884884765625 0.259765625 0.394025837890625 0.261545138671875 0.39381510546875 0.2671006953125 0.40319010546875 0.259765625 0.410066732421875 0.259765625 0.77584635546875 0.26293402734375 0.77584635546875
8 0.4140625 0.2421875 0.427734375 0.2421875 0.435546875 0.251953125 0.435546875 0.259765625 0.439453125 0.26953125 0.439453125 0.283203125 0.443359375 0.294921875 0.443359375 0.33203125 0.435546875 0.341796875 0.421875 0.341796875 0.41796875 0.33984375 0.41796875 0.3359375 0.4140625 0.330078125 0.412109375 0.314453125 0.40625 0.30859375 0.40234375 0.298828125 0.40234375 0.263671875 0.40625 0.25 0.4140625 0.244140625