12 0.26801215234375 0.74615885546875 0.724609375 0.775179865234375 0.724609375 0.335474650390625 0.26171875 0.363953271484375 0.26171875 0.745657349609375 0.26801215234375 0.74615885546875
10 0.4076171875 0.224001736328125 0.4240234375 0.2684461796875 0.430819630859375 0.326171875 0.436669921875 0.326171875 0.4388671875 0.325390625 0.44140625 0.309592013671875 0.44140625 0.2762586796875 0.4404296875 0.226779513671875 0.4201171875 0.11566840234375 0.4115234375 0.09761284765625 0.3958984375 0.099001736328125 0.388671875 0.1298350703125 0.388671875 0.1417100703125 0.3896484375 0.1573350703125 0.4076171875 0.224001736328125
5 0.5291015625 0.381901041015625 0.53748046875 0.388671875 0.54884765625 0.388671875 0.5572265625 0.381901041015625 0.564453125 0.366484375 0.564453125 0.341422240234375 0.5509765625 0.284678818359375 0.543408203125 0.279296875 0.541796873046875 0.279296875 0.5322265625 0.28051215234375 0.5251953125 0.288845486328125 0.5166015625 0.31245659765625 0.5119140625 0.288845486328125 0.5064453125 0.290234375 0.5080078125 0.33051215234375 0.5197265625 0.34856770703125 0.5291015625 0.381901041015625
0 0.468229166015625 0.590060763671875 0.493229166015625 0.588498263671875 0.525390625 0.580844455078125 0.525390625 0.499760775390625 0.5196180546875 0.496310763671875 0.490451388671875 0.489279513671875 0.4585069453125 0.488498263671875 0.427951388671875 0.494748263671875 0.423828125 0.497189669921875 0.423828125 0.57826571875 0.4335069453125 0.583029513671875 0.468229166015625 0.590060763671875
2 0.396921212890625 0.66015625 0.4138671875 0.641818576171875 0.41796875 0.626193576171875 0.41796875 0.59274450390625 0.4044921875 0.55015191015625 0.3919921875 0.5279296875 0.382565916015625 0.521484375 0.37958984765625 0.521484375 0.3630859375 0.52515191015625 0.3552734375 0.533485244140625 0.3451171875 0.55709635546875 0.3435546875 0.583485244140625 0.3474609375 0.604318576171875 0.3732421875 0.654318576171875 0.38046630859375 0.66015625 0.396921212890625 0.66015625
4 0.5283203125 0.55347222265625 0.5345703125 0.5743055546875 0.541088865234375 0.58203125 0.54324219140625 0.58203125 0.5603515625 0.5756944453125 0.56640625 0.56089409765625 0.56640625 0.54550926171875 0.5548828125 0.48541666796875 0.5509765625 0.47847222265625 0.5416015625 0.477083333984375 0.5298828125 0.482638890625 0.5236328125 0.492361111328125 0.5220703125 0.504861111328125 0.5267578125 0.5256944453125 0.5283203125 0.55347222265625
6 0.6090393046875 0.619140625 0.614880376953125 0.619140625 0.6212890625 0.618381076171875 0.6298828125 0.597547744140625 0.6328125 0.560047744140625 0.6328125 0.524110244140625 0.6322265625 0.510047744140625 0.6251953125 0.48921441015625 0.6134765625 0.485047744140625 0.6033203125 0.48921441015625 0.5970703125 0.512825521484375 0.5962890625 0.5864366328125 0.6001953125 0.60865885546875 0.6090393046875 0.619140625
1 0.5966796875 0.314800345703125 0.5888671875 0.324522568359375 0.5873046875 0.3356336796875 0.5896484375 0.402300345703125 0.5865234375 0.43285590234375 0.5927734375 0.459244791015625 0.6005859375 0.468967013671875 0.6068359375 0.47035590234375 0.6185546875 0.455078125 0.6185546875 0.349522568359375 0.6099609375 0.3231336796875 0.5966796875 0.314800345703125
9 0.45653076171875 0.427734375 0.4619140625 0.421354166015625 0.46484375 0.41223958203125 0.46484375 0.392881943359375 0.4595703125 0.374131943359375 0.4462890625 0.3671875 0.4337890625 0.378298611328125 0.431640625 0.40121527734375 0.431640625 0.404042658203125 0.4369140625 0.424131943359375 0.440966796875 0.427734375 0.45653076171875 0.427734375
7 0.391015625 0.42350260546875 0.4140625 0.39891926953125 0.4140625 0.395377603515625 0.412890625 0.386002603515625 0.405078125 0.370724828125 0.396484375 0.34016926953125 0.387890625 0.342947046875 0.37109375 0.360592251953125 0.37109375 0.363482763671875 0.376171875 0.395724826171875 0.391015625 0.42350260546875
11 0.380859375 0.46323061328125 0.3623046875 0.406879341796875 0.3412109375 0.40826823046875 0.3333984375 0.41382378515625 0.3341796875 0.43882378515625 0.35718994140625 0.49609375 0.36240234765625 0.49609375 0.380859375 0.4919921875 0.380859375 0.46323061328125
8 0.5734375 0.258420140625 0.57987059765625 0.259765625 0.587963869140625 0.259765625 0.6 0.245920140625 0.6015625 0.225086806640625 0.5953125 0.161197916015625 0.5875 0.152864583984375 0.571875 0.159809029296875 0.56640625 0.175086806640625 0.56640625 0.247309029296875 0.5734375 0.258420140625
3 0.3728515625 0.67367621484375 0.3892578125 0.73617621484375 0.4056640625 0.76117621484375 0.4134765625 0.782009546875 0.4228515625 0.82228732421875 0.4236328125 0.844509546875 0.426287841796875 0.84765625 0.428694099609375 0.84765625 0.4345703125 0.80978732421875 0.4251953125 0.7514539921875 0.4423828125 0.720898435546875 0.4478515625 0.702842880859375 0.4634765625 0.702842880859375 0.4775390625 0.715342880859375 0.4869140625 0.715342880859375 0.5048828125 0.708398435546875 0.505859375 0.706228296875 0.505859375 0.69954426953125 0.5017578125 0.695898435546875 0.4892578125 0.695898435546875 0.4619140625 0.6764539921875 0.4509765625 0.665342880859375 0.4439453125 0.64728732421875 0.4025390625 0.61673176953125 0.3947265625 0.637565103515625 0.3728515625 0.67367621484375