11 0.431640625 0.544921875 0.435546875 0.544921875 0.455078125 0.572265625 0.455078125 0.576171875 0.458984375 0.578125 0.466796875 0.591796875 0.47265625 0.59765625 0.478515625 0.609375 0.490234375 0.62109375 0.494140625 0.630859375 0.494140625 0.646484375 0.490234375 0.650390625 0.482421875 0.671875 0.48046875 0.673828125 0.478515625 0.671875 0.4765625 0.6640625 0.46484375 0.65234375 0.455078125 0.634765625 0.439453125 0.615234375 0.431640625 0.6015625 0.427734375 0.599609375 0.41796875 0.5859375 0.416015625 0.580078125 0.41796875 0.572265625 0.431640625 0.546875
2 0.55859375 0.60546875 0.55859375 0.662109375 0.54296875 0.6640625 0.53515625 0.66796875 0.494140625 0.66796875 0.494140625 0.607421875 0.505859375 0.607421875 0.5078125 0.60546875 0.556640625 0.60546875
0 0.4765625 0.341796875 0.478515625 0.34375 0.484375 0.34375 0.498046875 0.357421875 0.5078125 0.376953125 0.5078125 0.3828125 0.509765625 0.384765625 0.509765625 0.431640625 0.5078125 0.43359375 0.5078125 0.44140625 0.49609375 0.466796875 0.484375 0.48046875 0.47265625 0.486328125 0.443359375 0.486328125 0.431640625 0.4765625 0.423828125 0.46484375 0.416015625 0.4375 0.416015625 0.3984375 0.427734375 0.3671875 0.443359375 0.34765625 0.45703125 0.341796875 0.474609375 0.341796875
5 0.50390625 0.310546875 0.51171875 0.306640625 0.517578125 0.306640625 0.5234375 0.294921875 0.53125 0.287109375 0.546875 0.287109375 0.552734375 0.29296875 0.55859375 0.306640625 0.55859375 0.375 0.5546875 0.38671875 0.544921875 0.39453125 0.53515625 0.392578125 0.52734375 0.380859375 0.52734375 0.369140625 0.5234375 0.361328125 0.5234375 0.349609375 0.51953125 0.3359375 0.513671875 0.330078125 0.509765625 0.330078125 0.505859375 0.333984375 0.505859375 0.353515625 0.50390625 0.353515625 0.50390625 0.337890625 0.501953125 0.3359375 0.50390625 0.3125
6 0.50390625 0.146484375 0.50390625 0.150390625 0.5078125 0.15625 0.5078125 0.193359375 0.513671875 0.20703125 0.513671875 0.25390625 0.505859375 0.265625 0.501953125 0.28515625 0.494140625 0.28515625 0.48828125 0.271484375 0.478515625 0.265625 0.47265625 0.2578125 0.470703125 0.232421875 0.46875 0.23046875 0.470703125 0.205078125 0.466796875 0.1953125 0.466796875 0.15625 0.474609375 0.1484375 0.482421875 0.14453125 0.5 0.14453125 0.501953125 0.146484375
10 0.6095703125 0.343120658203125 0.6095703125 0.3583984375 0.6064453125 0.372287326171875 0.6001953125 0.3764539921875 0.5931640625 0.3958984375 0.5908203125 0.413953994140625 0.5923828125 0.445898439453125 0.5986328125 0.46117621484375 0.6126953125 0.47367621484375 0.6337890625 0.476453994140625 0.6462890625 0.44312066015625 0.6494140625 0.40700955078125 0.6439453125 0.36812066015625 0.6494140625 0.361176216796875 0.650390625 0.3498914921875 0.650390625 0.3422982890625 0.6361328125 0.322287326171875 0.6064453125 0.307009548828125 0.5931640625 0.307009548828125 0.5900390625 0.31673176953125 0.5978515625 0.330620658203125 0.5955078125 0.343120658203125 0.6064453125 0.3389539921875 0.6095703125 0.343120658203125
1 0.4060546875 0.595616318359375 0.3958984375 0.57894965234375 0.3748046875 0.526171875 0.35997314453125 0.515625 0.34776611328125 0.515625 0.3412109375 0.52339409765625 0.3404296875 0.542838541015625 0.3716796875 0.620616318359375 0.39054972265625 0.63671875 0.393273927734375 0.63671875 0.4013671875 0.634505208984375 0.4076171875 0.620616318359375 0.4060546875 0.595616318359375
7 0.6212890625 0.2842881953125 0.625 0.273732638671875 0.625 0.2519270859375 0.62135009765625 0.244140625 0.621098634765625 0.244140625 0.6111328125 0.25095486328125 0.5955078125 0.2467881953125 0.583984375 0.26590856640625 0.583984375 0.272482640625 0.5845703125 0.291232640625 0.60707484765625 0.310546875 0.60729594921875 0.310546875 0.6212890625 0.2842881953125
4 0.525217013671875 0.54995659765625 0.564453125 0.542599826171875 0.564453125 0.507544064453125 0.521484375 0.5122729609375 0.521484375 0.549765724609375 0.525217013671875 0.54995659765625
3 0.283224826171875 0.78619791796875 0.283224826171875 0.99635416796875 0.298502603515625 0.98776041796875 0.302669271484375 0.97213541796875 0.348502603515625 0.92682291796875 0.392947048828125 0.90338541796875 0.4068359375 0.88385416796875 0.420724826171875 0.87369791796875 0.452669271484375 0.85807291796875 0.4887803828125 0.84713541796875 0.494140625 0.84412028125 0.494140625 0.83704951953125 0.442947048828125 0.83932291796875 0.417947048828125 0.85104166796875 0.3762803828125 0.86041666796875 0.36655816015625 0.85182291796875 0.3123914921875 0.83932291796875 0.302669271484375 0.82604166796875 0.302669271484375 0.80104166796875 0.283224826171875 0.78619791796875
12 0.7188368046875 0.70514323046875 0.72265625 0.7015625 0.72265625 0.332598587890625 0.71328125 0.33561198046875 0.6813368046875 0.33170573046875 0.259765625 0.362871884765625 0.259765625 0.7435556171875 0.6952256953125 0.77154948046875 0.72265625 0.77323271875 0.72265625 0.71158854296875 0.7188368046875 0.70514323046875
8 0.400390625 0.3104666484375 0.443359375 0.30429560546875 0.443359375 0.26879340234375 0.434309896484375 0.26879340234375 0.400390625 0.2768269140625 0.400390625 0.3104666484375
8 0.4296875 0.244140625 0.4296875 0.248046875 0.43359375 0.25390625 0.43359375 0.263671875 0.4375 0.271484375 0.4375 0.28125 0.443359375 0.296875 0.443359375 0.328125 0.44140625 0.333984375 0.43359375 0.341796875 0.419921875 0.341796875 0.412109375 0.33203125 0.412109375 0.32421875 0.408203125 0.314453125 0.408203125 0.30078125 0.404296875 0.2890625 0.404296875 0.251953125 0.412109375 0.2421875 0.419921875 0.240234375 0.427734375 0.244140625