10 0.388671875 0.1887803828125 0.393359375 0.224891494140625 0.411328125 0.316558158203125 0.418087767578125 0.326171875 0.432333375 0.326171875 0.436328125 0.322113716796875 0.439453125 0.30961371484375 0.439453125 0.266468556640625 0.416015625 0.180447048828125 0.410546875 0.172113716796875 0.400390625 0.102669271484375 0.396484375 0.095724828125 0.391796875 0.097113716796875 0.386328125 0.105447048828125 0.386328125 0.112391494140625 0.388671875 0.1887803828125
5 0.564453125 0.321302416015625 0.560286458984375 0.32094183984375 0.5575086796875 0.31469183984375 0.564453125 0.3133131640625 0.564453125 0.30512826171875 0.539453125 0.30609808984375 0.5213975703125 0.31781683984375 0.50390625 0.3227362734375 0.50390625 0.362742783203125 0.50473090234375 0.36312933984375 0.52417534765625 0.36391058984375 0.564453125 0.354127208984375 0.564453125 0.321302416015625
0 0.4713975703125 0.589084201171875 0.5234375 0.580023677734375 0.5234375 0.498044162109375 0.51723090234375 0.494552951171875 0.489453125 0.488302951171875 0.451953125 0.488302951171875 0.428342013671875 0.493771701171875 0.423828125 0.496451822265625 0.423828125 0.57714409765625 0.4338975703125 0.582052951171875 0.4713975703125 0.589084201171875
2 0.41796875 0.613457962890625 0.41796875 0.555924478515625 0.4092881953125 0.553971353515625 0.381510416015625 0.55553385546875 0.341796875 0.56850480859375 0.341796875 0.6260431015625 0.3467881953125 0.628190103515625 0.373177083984375 0.62975260546875 0.3953993046875 0.62506510546875 0.41796875 0.613457962890625
6 0.595703125 0.56625433984375 0.59613715234375 0.56625433984375 0.62113715234375 0.570941841796875 0.6328125 0.56997605078125 0.6328125 0.53399323046875 0.595703125 0.533599380859375 0.595703125 0.56625433984375
11 0.33203125 0.44400644140625 0.33203125 0.475789388671875 0.346462673828125 0.474934896484375 0.380859375 0.46360915234375 0.380859375 0.427692330078125 0.374240451171875 0.427278646484375 0.33203125 0.44400644140625
1 0.58754340234375 0.4073133671875 0.6171875 0.40810740625 0.6171875 0.377288541015625 0.583984375 0.37702548828125 0.583984375 0.40750105078125 0.58754340234375 0.4073133671875
8 0.6015625 0.19023766796875 0.56640625 0.192591880859375 0.56640625 0.2247174375 0.6015625 0.225076990234375 0.6015625 0.19023766796875
9 0.431640625 0.382718048828125 0.431640625 0.412655298828125 0.4565321171875 0.413433158203125 0.46484375 0.410705904296875 0.46484375 0.382033185546875 0.4384765625 0.380620658203125 0.431640625 0.382718048828125
7 0.4140625 0.398502603515625 0.4140625 0.392947046875 0.3984375 0.344335935546875 0.39296875 0.34016926953125 0.371875 0.356835935546875 0.37109375 0.376280380859375 0.38046875 0.406835935546875 0.390625 0.42350260546875 0.4 0.41516926953125 0.4140625 0.398502603515625
4 0.551640625 0.58203125 0.560546875 0.577083333984375 0.564453125 0.570138888671875 0.564453125 0.5475694453125 0.557421875 0.492361109375 0.548046875 0.47847222265625 0.529296875 0.48541666796875 0.523046875 0.5006944453125 0.523046875 0.5131944453125 0.535546875 0.57847222265625 0.5435546875 0.58203125 0.551640625 0.58203125
12 0.4342881953125 0.35455729296875 0.33984375 0.36002604296875 0.325954861328125 0.36393229296875 0.2953993046875 0.36315104296875 0.27734375 0.36861979296875 0.26171875 0.366736421875 0.26171875 0.741945826171875 0.6592881953125 0.77018229296875 0.7265625 0.7743180078125 0.7265625 0.33437955859375 0.7078993046875 0.33580729296875 0.69262152734375 0.33502604296875 0.678732638671875 0.32955729296875 0.65512152734375 0.33893229296875 0.541232638671875 0.34518229296875 0.52456597265625 0.34908854296875 0.460677083984375 0.349869791015625 0.4342881953125 0.35455729296875
3 0.6283203125 0.59320746484375 0.6197265625 0.6029296875 0.5994140625 0.58765191015625 0.5908203125 0.57515191015625 0.5681640625 0.566818576171875 0.5697265625 0.579318576171875 0.5650390625 0.5848741328125 0.5931640625 0.61959635546875 0.5994140625 0.63209635546875 0.6080078125 0.666818576171875 0.6322265625 0.7029296875 0.6416015625 0.6779296875 0.6541015625 0.658485244140625 0.6759765625 0.654318576171875 0.6845703125 0.6654296875 0.6869140625 0.6598741328125 0.6875 0.654665798828125 0.6875 0.635568578125 0.6853515625 0.61265191015625 0.6751953125 0.579318576171875 0.6783203125 0.541818576171875 0.6619140625 0.55570746484375 0.6595703125 0.576540798828125 0.6525390625 0.5904296875 0.6478515625 0.59459635546875 0.6283203125 0.59320746484375