11 0.474609375 0.32421875 0.478515625 0.32421875 0.48046875 0.33203125 0.4921875 0.3515625 0.494140625 0.359375 0.490234375 0.369140625 0.478515625 0.380859375 0.447265625 0.42578125 0.4453125 0.431640625 0.43359375 0.443359375 0.43359375 0.447265625 0.4296875 0.453125 0.419921875 0.43359375 0.419921875 0.4296875 0.416015625 0.42578125 0.416015625 0.41015625 0.419921875 0.400390625 0.431640625 0.388671875 0.4375 0.376953125 0.443359375 0.37109375 0.451171875 0.357421875 0.455078125 0.35546875 0.455078125 0.3515625 0.474609375 0.326171875
2 0.52734375 0.3623046875 0.06640625 0.14208984375
0 0.46875 0.51171875 0.482421875 0.517578125 0.494140625 0.53125 0.498046875 0.537109375 0.498046875 0.541015625 0.501953125 0.544921875 0.509765625 0.568359375 0.509765625 0.607421875 0.505859375 0.6171875 0.505859375 0.625 0.494140625 0.646484375 0.482421875 0.65625 0.4765625 0.65625 0.474609375 0.658203125 0.453125 0.65625 0.4375 0.646484375 0.4296875 0.63671875 0.42578125 0.625 0.421875 0.62109375 0.4140625 0.59375 0.4140625 0.564453125 0.416015625 0.5625 0.416015625 0.5546875 0.421875 0.537109375 0.427734375 0.52734375 0.44140625 0.513671875 0.466796875 0.51171875
5 0.501953125 0.62890625 0.55859375 0.62890625 0.55859375 0.68359375 0.544921875 0.68359375 0.54296875 0.685546875 0.51953125 0.68359375 0.51953125 0.681640625 0.5390625 0.681640625 0.54296875 0.677734375 0.54296875 0.673828125 0.537109375 0.66796875 0.5234375 0.6640625 0.51171875 0.6640625 0.501953125 0.66015625 0.501953125 0.630859375
6 0.46484375 0.759765625 0.470703125 0.759765625 0.48046875 0.763671875 0.4921875 0.763671875 0.494140625 0.76171875 0.513671875 0.763671875 0.513671875 0.80859375 0.490234375 0.80859375 0.46484375 0.80078125 0.46484375 0.76171875
10 0.6126953125 0.52632378515625 0.5986328125 0.53882378515625 0.5923828125 0.554101560546875 0.5908203125 0.586046005859375 0.5931640625 0.6041015625 0.6001953125 0.6235460078125 0.6064453125 0.627712673828125 0.6095703125 0.6416015625 0.6095703125 0.656879341796875 0.6064453125 0.6610460078125 0.5955078125 0.656879341796875 0.5978515625 0.669379341796875 0.5900390625 0.68326823046875 0.5931640625 0.692990451171875 0.6064453125 0.692990451171875 0.6361328125 0.677712673828125 0.650390625 0.6577017109375 0.650390625 0.6501085078125 0.6494140625 0.638823783203125 0.6439453125 0.63187933984375 0.6494140625 0.59299044921875 0.6462890625 0.55687933984375 0.6337890625 0.523546005859375 0.6126953125 0.52632378515625
1 0.393273927734375 0.36328125 0.39054972265625 0.36328125 0.3716796875 0.379383681640625 0.3404296875 0.457161458984375 0.3412109375 0.47660590234375 0.34776611328125 0.484375 0.35997314453125 0.484375 0.3748046875 0.473828125 0.3958984375 0.42105034765625 0.4060546875 0.404383681640625 0.4076171875 0.379383681640625 0.4013671875 0.365494791015625 0.393273927734375 0.36328125
7 0.616623263671875 0.743511283203125 0.625 0.7384628046875 0.625 0.702105033203125 0.6096788203125 0.702105033203125 0.598567708984375 0.706011283203125 0.583984375 0.713782666015625 0.583984375 0.73382936328125 0.591623263671875 0.742730033203125 0.616623263671875 0.743511283203125
4 0.525217013671875 0.45004340234375 0.521484375 0.450234275390625 0.521484375 0.4877270390625 0.564453125 0.492455935546875 0.564453125 0.457400173828125 0.525217013671875 0.45004340234375
3 0.425390625 0.066601560546875 0.470703125 0.020768228515625 0.486328125 0.0166015625 0.494140625 0.002712671875 0.494140625 0.001953125 0.285246060546875 0.001953125 0.299609375 0.020768228515625 0.324609375 0.020768228515625 0.337890625 0.03049044921875 0.350390625 0.0846571171875 0.358984375 0.09437933984375 0.349609375 0.136046005859375 0.337890625 0.161046005859375 0.335546875 0.21382378515625 0.3395629921875 0.21484375 0.34122314453125 0.21484375 0.345703125 0.20687933984375 0.356640625 0.170768228515625 0.372265625 0.138823783203125 0.382421875 0.12493489453125 0.401953125 0.111046005859375 0.425390625 0.066601560546875
12 0.2671006953125 0.59680989453125 0.261545138671875 0.60618489453125 0.259765625 0.605974162109375 0.259765625 0.665115115234375 0.2907118046875 0.66321614453125 0.72265625 0.635448287109375 0.72265625 0.25427864453125 0.3046006953125 0.223372396484375 0.27265625 0.227278646484375 0.26293402734375 0.22415364453125 0.259765625 0.22415364453125 0.259765625 0.589933267578125 0.2671006953125 0.59680989453125
8 0.40234375 0.6875 0.4375 0.6875 0.443359375 0.69140625 0.443359375 0.7265625 0.427734375 0.7265625 0.416015625 0.72265625 0.40234375 0.72265625 0.40234375 0.689453125