0 0.4228515625 0.37309027734375 0.4126953125 0.406423609375 0.4134765625 0.434201390625 0.4189453125 0.456423609375 0.4322265625 0.480034720703125 0.4440266953125 0.486328125 0.468230326171875 0.486328125 0.4861328125 0.47864583203125 0.5048828125 0.446701388671875 0.509765625 0.42686012109375 0.509765625 0.393807869140625 0.5064453125 0.380034720703125 0.4806640625 0.368923611328125 0.4759765625 0.357812498046875 0.4759765625 0.345312498046875 0.4720703125 0.3397569453125 0.4595703125 0.3397569453125 0.4376953125 0.3508680546875 0.4228515625 0.37309027734375
7 0.4283203125 0.763368056640625 0.443359375 0.757325576171875 0.443359375 0.724898818359375 0.436653646484375 0.719618056640625 0.4213758671875 0.721961806640625 0.3977647578125 0.732899306640625 0.396484375 0.733187392578125 0.396484375 0.7586401796875 0.40609808984375 0.765711806640625 0.4102647578125 0.767274306640625 0.4283203125 0.763368056640625
8 0.3693359375 0.281618923828125 0.3552734375 0.285785591796875 0.3498046875 0.298285591796875 0.3498046875 0.310785591796875 0.3599609375 0.3705078125 0.3708984375 0.384396701171875 0.3794921875 0.384396701171875 0.3865234375 0.38023003515625 0.3943359375 0.3649522578125 0.3943359375 0.341341146484375 0.3771484375 0.288563369140625 0.3693359375 0.281618923828125
11 0.341796875 0.456228296875 0.36127477734375 0.4921875 0.374261474609375 0.4921875 0.375 0.489561630859375 0.375 0.47601996484375 0.374609375 0.47289496484375 0.369921875 0.46595051953125 0.360546875 0.434006076171875 0.338671875 0.393728296875 0.333203125 0.396506076171875 0.325390625 0.41039496484375 0.325390625 0.41595051953125 0.341796875 0.456228296875
2 0.5728515625 0.3420789921875 0.5814453125 0.355967880859375 0.5876953125 0.35874566015625 0.592297361328125 0.359375 0.5993896484375 0.359375 0.6119140625 0.353190103515625 0.6181640625 0.3420789921875 0.6236328125 0.322634548828125 0.625 0.291037326171875 0.625 0.245030380859375 0.6244140625 0.230967880859375 0.6189453125 0.218467880859375 0.6103515625 0.20874566015625 0.5916015625 0.205967880859375 0.5806640625 0.21430121484375 0.5697265625 0.2365234375 0.5689453125 0.3295789921875 0.5728515625 0.3420789921875
6 0.48046875 0.245508490234375 0.51953125 0.241846380859375 0.51953125 0.20892815234375 0.514040798828125 0.20902777734375 0.48046875 0.21442328515625 0.48046875 0.245508490234375
4 0.54055989453125 0.58203125 0.542439783203125 0.58203125 0.560546875 0.5743055546875 0.564453125 0.565046296875 0.564453125 0.539583333984375 0.554296875 0.48541666796875 0.550390625 0.47847222265625 0.541796875 0.477083333984375 0.525390625 0.486805556640625 0.522265625 0.496527779296875 0.523046875 0.518750001953125 0.531640625 0.570138890625 0.54055989453125 0.58203125
10 0.38125 0.47172308984375 0.39140625 0.480056421875 0.39375 0.48977864453125 0.4 0.48422308984375 0.4109375 0.48977864453125 0.40703125 0.535611978515625 0.4171875 0.567556421875 0.4328125 0.567556421875 0.45057705859375 0.58203125 0.4569023984375 0.58203125 0.46640625 0.570334201171875 0.465625 0.52727864453125 0.446875 0.478667533203125 0.44375 0.460611978515625 0.415625 0.45227864453125 0.390625 0.455056421875 0.38203125 0.4620008671875 0.38125 0.47172308984375
1 0.416015625 0.569238748046875 0.416015625 0.540437826171875 0.412478298828125 0.53999566015625 0.3958116328125 0.52983941015625 0.368033853515625 0.54312066015625 0.35546875 0.54594780859375 0.35546875 0.588847384765625 0.365256076171875 0.58921441015625 0.384700521484375 0.57749566015625 0.416015625 0.569238748046875
5 0.4078125 0.62649739453125 0.40859375 0.6431640625 0.415625 0.659830728515625 0.422003173828125 0.666015625 0.437451169921875 0.666015625 0.44609375 0.657052951171875 0.45234375 0.641775171875 0.453125 0.609830728515625 0.43046875 0.57094183984375 0.41640625 0.5681640625 0.4046875 0.582052951171875 0.40234375 0.607052951171875 0.4078125 0.62649739453125
9 0.50789325390625 0.763671875 0.524773763671875 0.763671875 0.534765625 0.7446397578125 0.533984375 0.714084201171875 0.523828125 0.7001953125 0.512109375 0.69741753515625 0.498828125 0.714084201171875 0.496484375 0.72797308984375 0.498046875 0.74741753515625 0.50789325390625 0.763671875
3 0.3354383671875 0.90026041796875 0.371549478515625 0.89244791796875 0.38266058984375 0.90026041796875 0.4173828125 0.90885416796875 0.42710503515625 0.90572916796875 0.431640625 0.908644904296875 0.431640625 0.8239268828125 0.41460503515625 0.81822916796875 0.3604383671875 0.84635416796875 0.331271701171875 0.87682291796875 0.2979383671875 0.89401041796875 0.283203125 0.89847349609375 0.283203125 0.914224619140625 0.306271701171875 0.91354166796875 0.3354383671875 0.90026041796875
12 0.417643228515625 0.3432508671875 0.26171875 0.333943130859375 0.26171875 0.776838982421875 0.3065321171875 0.7760633671875 0.542643228515625 0.7565321171875 0.728515625 0.74550650390625 0.728515625 0.364575955078125 0.417643228515625 0.3432508671875