0 0.4440266953125 0.513671875 0.4322265625 0.519965279296875 0.4189453125 0.543576390625 0.4134765625 0.565798609375 0.4126953125 0.593576390625 0.4228515625 0.62690972265625 0.4376953125 0.6491319453125 0.4595703125 0.6602430546875 0.4720703125 0.6602430546875 0.4759765625 0.654687501953125 0.4759765625 0.642187501953125 0.4806640625 0.631076388671875 0.5064453125 0.619965279296875 0.509765625 0.606192130859375 0.509765625 0.57313987890625 0.5048828125 0.553298611328125 0.4861328125 0.52135416796875 0.468230326171875 0.513671875 0.4440266953125 0.513671875
7 0.414453125 0.219335935546875 0.411328125 0.233224826171875 0.400390625 0.256835935546875 0.398046875 0.27211371484375 0.414453125 0.292947046875 0.425390625 0.298502603515625 0.430078125 0.292947046875 0.441796875 0.263780380859375 0.443359375 0.256558158203125 0.443359375 0.24049606640625 0.430859375 0.223502603515625 0.420800783203125 0.216796875 0.416833494140625 0.216796875 0.414453125 0.219335935546875
8 0.3673828125 0.621896701171875 0.3501953125 0.674674478515625 0.3501953125 0.69828558984375 0.3580078125 0.7135633671875 0.3650390625 0.717730033203125 0.3736328125 0.717730033203125 0.3845703125 0.70384114453125 0.39453125 0.645267427734375 0.39453125 0.63117249609375 0.3892578125 0.619118923828125 0.37614746484375 0.615234375 0.374877927734375 0.615234375 0.3673828125 0.621896701171875
11 0.342122396484375 0.5663194453125 0.37406683984375 0.5756944453125 0.375 0.576324328125 0.375 0.553341111328125 0.3643446171875 0.5475694453125 0.32421875 0.531225072265625 0.32421875 0.5565959140625 0.342122396484375 0.5663194453125
2 0.625 0.743511388671875 0.625 0.688427349609375 0.568359375 0.688902876953125 0.568359375 0.74464427734375 0.5838758671875 0.745290798828125 0.625 0.743511388671875
6 0.51953125 0.789879693359375 0.51953125 0.758742171875 0.486740451171875 0.75347222265625 0.48046875 0.753358421875 0.48046875 0.786217583984375 0.51953125 0.789879693359375
4 0.561892361328125 0.490928818359375 0.564453125 0.49079787109375 0.564453125 0.453265837890625 0.5327256953125 0.447960068359375 0.521484375 0.4475648671875 0.521484375 0.4833523203125 0.561892361328125 0.490928818359375
10 0.380859375 0.49066185546875 0.406271701171875 0.4987413203125 0.45210503515625 0.4948350703125 0.45766058984375 0.5057725703125 0.45210503515625 0.5120225703125 0.4618272578125 0.5143663203125 0.466796875 0.52042304296875 0.466796875 0.4595173125 0.463216146484375 0.4588975703125 0.41460503515625 0.4401475703125 0.380859375 0.43953525 0.380859375 0.49066185546875
1 0.35546875 0.45405219140625 0.368033853515625 0.45687933984375 0.3958116328125 0.47016058984375 0.412478298828125 0.46000433984375 0.416015625 0.459562173828125 0.416015625 0.430761251953125 0.384700521484375 0.42250433984375 0.365256076171875 0.41078558984375 0.35546875 0.411152615234375 0.35546875 0.45405219140625
5 0.40234375 0.3960980625 0.420290798828125 0.4065538203125 0.4522352421875 0.4057725703125 0.453125 0.405408578125 0.453125 0.361999173828125 0.43695746484375 0.3612413203125 0.417513021484375 0.3557725703125 0.40234375 0.357194689453125 0.40234375 0.3960980625
9 0.508203125 0.2376953125 0.498046875 0.251584201171875 0.497265625 0.2821397578125 0.508203125 0.30297308984375 0.523046875 0.30297308984375 0.533984375 0.28491753515625 0.53515625 0.270334201171875 0.53515625 0.263158275390625 0.533203125 0.251584201171875 0.521045939453125 0.236328125 0.513970947265625 0.236328125 0.508203125 0.2376953125
3 0.371549478515625 0.10755208203125 0.3354383671875 0.09973958203125 0.306271701171875 0.08645833203125 0.283203125 0.085775380859375 0.283203125 0.10152650390625 0.2979383671875 0.10598958203125 0.331271701171875 0.12317708203125 0.3604383671875 0.15364583203125 0.41460503515625 0.18177083203125 0.431640625 0.1760731171875 0.431640625 0.091355095703125 0.42710503515625 0.09427083203125 0.4173828125 0.09114583203125 0.38266058984375 0.09973958203125 0.371549478515625 0.10755208203125
12 0.3142578125 0.82233073046875 0.3212890625 0.8431640625 0.5087890625 0.8626085078125 0.5220703125 0.8681640625 0.6705078125 0.8876085078125 0.6736328125 0.873719619140625 0.6962890625 0.491775173828125 0.7158203125 0.2556640625 0.7173828125 0.16538628515625 0.7283203125 0.016775173828125 0.7205078125 0.004275173828125 0.7116882265625 0.00390625 0.316033974609375 0.00390625 0.2642578125 0.004275173828125 0.2626953125 0.026497396484375 0.2830078125 0.366775173828125 0.3142578125 0.82233073046875