10 0.4005859375 0.1914930546875 0.384765625 0.1945941953125 0.384765625 0.23056909765625 0.439453125 0.215668888671875 0.439453125 0.186720994140625 0.436697048828125 0.1868055546875 0.4005859375 0.1914930546875
5 0.564453125 0.321302416015625 0.560286458984375 0.32094183984375 0.5575086796875 0.31469183984375 0.564453125 0.3133131640625 0.564453125 0.30512826171875 0.539453125 0.30609808984375 0.5213975703125 0.31781683984375 0.50390625 0.3227362734375 0.50390625 0.362742783203125 0.50473090234375 0.36312933984375 0.52417534765625 0.36391058984375 0.564453125 0.354127208984375 0.564453125 0.321302416015625
0 0.522439236328125 0.584006076171875 0.5234375 0.583413357421875 0.5234375 0.4989198125 0.5168836796875 0.495724826171875 0.4793836796875 0.488693576171875 0.423828125 0.4983661953125 0.423828125 0.577756076171875 0.43355034765625 0.583224826171875 0.461328125 0.589474826171875 0.498828125 0.589474826171875 0.522439236328125 0.584006076171875
2 0.3435546875 0.583203126953125 0.3482421875 0.60542534765625 0.3732421875 0.654036458984375 0.38299560546875 0.66015625 0.396640625 0.66015625 0.4146484375 0.6401475703125 0.41796875 0.625390625 0.41796875 0.595008681640625 0.4177734375 0.591536458984375 0.4037109375 0.548480904296875 0.3919921875 0.527647568359375 0.3818359375 0.520703126953125 0.3630859375 0.52486979296875 0.3552734375 0.533203125 0.3451171875 0.556814236328125 0.3435546875 0.583203126953125
6 0.6302734375 0.612456599609375 0.6328125 0.598914931640625 0.6328125 0.5065538203125 0.6310546875 0.4971788203125 0.6218994140625 0.486328125 0.6194824296875 0.486328125 0.6099609375 0.487456599609375 0.6021484375 0.502734375 0.6021484375 0.5332899296875 0.5974609375 0.558289931640625 0.6013671875 0.60551215234375 0.609033203125 0.619140625 0.6242578125 0.619140625 0.6302734375 0.612456599609375
11 0.3623046875 0.406879341796875 0.3349609375 0.4110460078125 0.3333984375 0.4360460078125 0.357195767578125 0.49609375 0.372692873046875 0.49609375 0.380859375 0.49125433984375 0.380859375 0.46323061328125 0.3623046875 0.406879341796875
1 0.607430013671875 0.470703125 0.60888671875 0.470703125 0.6162109375 0.461588541015625 0.6171875 0.454644095703125 0.6171875 0.346465083984375 0.6115234375 0.324088541015625 0.6029296875 0.31575520703125 0.5912109375 0.32269965234375 0.5857421875 0.333810763671875 0.5880859375 0.37825520703125 0.5865234375 0.436588541015625 0.5951171875 0.4629774296875 0.607430013671875 0.470703125
8 0.56640625 0.245920140625 0.578442380859375 0.259765625 0.585729986328125 0.259765625 0.59140625 0.258420140625 0.5984375 0.2500868046875 0.6015625 0.225086806640625 0.59765625 0.16675347265625 0.58671875 0.152864583984375 0.5765625 0.155642359375 0.5671875 0.169531248046875 0.56640625 0.245920140625
9 0.431640625 0.382718048828125 0.431640625 0.412655298828125 0.4565321171875 0.413433158203125 0.46484375 0.410705904296875 0.46484375 0.382033185546875 0.4384765625 0.380620658203125 0.431640625 0.382718048828125
7 0.4140625 0.398502603515625 0.4140625 0.392947046875 0.3984375 0.344335935546875 0.39296875 0.34016926953125 0.371875 0.356835935546875 0.37109375 0.376280380859375 0.38046875 0.406835935546875 0.390625 0.42350260546875 0.4 0.41516926953125 0.4140625 0.398502603515625
4 0.521484375 0.55124578125 0.564453125 0.54577334765625 0.564453125 0.509071181640625 0.561892361328125 0.509071181640625 0.521484375 0.516808880859375 0.521484375 0.55124578125
12 0.698828125 0.520312501953125 0.694140625 0.49392361328125 0.688671875 0.39947916796875 0.684765625 0.385590279296875 0.685546875 0.35503472265625 0.680078125 0.33697916796875 0.682421875 0.31753472265625 0.679296875 0.235590279296875 0.676171875 0.2272569453125 0.677734375 0.198090279296875 0.671484375 0.116145833984375 0.669140625 0.11197916796875 0.653515625 0.11197916796875 0.592578125 0.1272569453125 0.565234375 0.125868056640625 0.350390625 0.153645833984375 0.334765625 0.15642361328125 0.317578125 0.16892361328125 0.278515625 0.718923611328125 0.262890625 0.97309027734375 0.264453125 0.99392361328125 0.328051130859375 0.994140625 0.68318483203125 0.994140625 0.7265625 0.989796068359375 0.7265625 0.965451390625 0.726171875 0.941145833984375 0.712890625 0.76753472265625 0.713671875 0.752256943359375 0.719140625 0.7383680546875 0.709765625 0.7147569453125 0.703515625 0.600868056640625 0.699609375 0.584201388671875 0.698828125 0.520312501953125
3 0.3556640625 0.445247396484375 0.3509765625 0.4494140625 0.3501953125 0.4619140625 0.3783203125 0.5063585078125 0.3861328125 0.5494140625 0.4092041015625 0.591796875 0.411840818359375 0.591796875 0.4142578125 0.591080728515625 0.4166015625 0.5674696171875 0.4275390625 0.5549696171875 0.4455078125 0.553580728515625 0.4626953125 0.566080728515625 0.4666015625 0.51469183984375 0.4634765625 0.4744140625 0.47265625 0.443030515625 0.47265625 0.41901128515625 0.4533203125 0.43413628515625 0.4486328125 0.4549696171875 0.4345703125 0.47719183984375 0.4134765625 0.4799696171875 0.4072265625 0.48969183984375 0.3916015625 0.4813585078125 0.3791015625 0.457747396484375 0.3556640625 0.445247396484375