10 0.436697048828125 0.8131944453125 0.439453125 0.813279005859375 0.439453125 0.784331111328125 0.384765625 0.76943090234375 0.384765625 0.8054058046875 0.4005859375 0.8085069453125 0.436697048828125 0.8131944453125
5 0.564453125 0.647352431640625 0.564453125 0.6219308046875 0.5599609375 0.620789931640625 0.5552734375 0.64440104296875 0.5490234375 0.641623263671875 0.5474609375 0.623567708984375 0.5396484375 0.61245659765625 0.530126947265625 0.611328125 0.52760009765625 0.611328125 0.5208984375 0.616623263671875 0.5060546875 0.677734375 0.5068359375 0.6971788203125 0.5146484375 0.713845486328125 0.523134763671875 0.720703125 0.534287111328125 0.720703125 0.5427734375 0.713845486328125 0.5521484375 0.68051215234375 0.5638671875 0.66245659765625 0.564453125 0.647352431640625
0 0.477587892578125 0.37890625 0.461328125 0.37890625 0.4537109375 0.3890625 0.4451171875 0.3890625 0.4302734375 0.4140625 0.4248046875 0.437673611328125 0.4248046875 0.475173611328125 0.4310546875 0.502951388671875 0.4443359375 0.5265625 0.4662109375 0.544618056640625 0.4849609375 0.5460069453125 0.4998046875 0.537673611328125 0.5154296875 0.515451388671875 0.5234375 0.46945780078125 0.5234375 0.44565972265625 0.5185546875 0.419618056640625 0.5083984375 0.39878472265625 0.4888671875 0.380729166015625 0.477587892578125 0.37890625
2 0.3778271484375 0.33984375 0.3712890625 0.344314234375 0.3595703125 0.3651475703125 0.3455078125 0.408203125 0.3439453125 0.43598090234375 0.3486328125 0.456814236328125 0.3673828125 0.477647568359375 0.3767578125 0.47903645703125 0.3900390625 0.470703125 0.4150390625 0.42209201171875 0.41796875 0.408203125 0.41796875 0.373026841796875 0.4080078125 0.349869791015625 0.4001953125 0.341536458984375 0.39257812109375 0.33984375 0.3778271484375 0.33984375
6 0.595703125 0.466400619140625 0.6328125 0.46600676953125 0.6328125 0.43002394921875 0.62113715234375 0.429058158203125 0.59613715234375 0.43374566015625 0.595703125 0.43374566015625 0.595703125 0.466400619140625
11 0.3337890625 0.586046005859375 0.3455078125 0.592990451171875 0.3587890625 0.592990451171875 0.380859375 0.537300486328125 0.380859375 0.5067900546875 0.361934408203125 0.50390625 0.353708556640625 0.50390625 0.3353515625 0.5596571171875 0.3337890625 0.586046005859375
1 0.5951171875 0.5370225703125 0.5865234375 0.563411458984375 0.5880859375 0.62174479296875 0.5857421875 0.666189236328125 0.5912109375 0.67730034765625 0.6029296875 0.68424479296875 0.6115234375 0.675911458984375 0.6171875 0.653534916015625 0.6171875 0.545355904296875 0.6162109375 0.538411458984375 0.60888671875 0.529296875 0.607430013671875 0.529296875 0.5951171875 0.5370225703125
8 0.6015625 0.774923009765625 0.56640625 0.7752825625 0.56640625 0.807408119140625 0.6015625 0.80976233203125 0.6015625 0.774923009765625
9 0.4376953125 0.578016494140625 0.4322265625 0.594683162109375 0.4330078125 0.619683162109375 0.4431640625 0.63357205078125 0.4541015625 0.63357205078125 0.4603515625 0.628016494140625 0.46484375 0.613375291015625 0.46484375 0.6090928828125 0.4634765625 0.58357205078125 0.454927060546875 0.57421875 0.44837646875 0.57421875 0.4376953125 0.578016494140625
7 0.403580728515625 0.639539931640625 0.40913628515625 0.639539931640625 0.4140625 0.6353834375 0.4140625 0.60490081640625 0.3869140625 0.596571181640625 0.37109375 0.597206818359375 0.37109375 0.629097689453125 0.403580728515625 0.639539931640625
4 0.564453125 0.48973667578125 0.564453125 0.45509936328125 0.527170138671875 0.447960068359375 0.521484375 0.447960068359375 0.521484375 0.4842642421875 0.564453125 0.48973667578125
12 0.262890625 0.02690972265625 0.278515625 0.281076388671875 0.317578125 0.83107638671875 0.334765625 0.84357638671875 0.350390625 0.846354166015625 0.565234375 0.874131943359375 0.592578125 0.8727430546875 0.653515625 0.88802083203125 0.669140625 0.88802083203125 0.671484375 0.883854166015625 0.677734375 0.801909720703125 0.676171875 0.7727430546875 0.679296875 0.764409720703125 0.682421875 0.68246527734375 0.680078125 0.66302083203125 0.685546875 0.64496527734375 0.684765625 0.614409720703125 0.688671875 0.60052083203125 0.694140625 0.50607638671875 0.698828125 0.479687498046875 0.699609375 0.415798611328125 0.703515625 0.399131943359375 0.709765625 0.2852430546875 0.719140625 0.2616319453125 0.713671875 0.247743056640625 0.712890625 0.23246527734375 0.726171875 0.058854166015625 0.7265625 0.034548609375 0.7265625 0.010203931640625 0.68318483203125 0.005859375 0.328051130859375 0.005859375 0.264453125 0.00607638671875 0.262890625 0.02690972265625
3 0.4486328125 0.4454210078125 0.4330078125 0.44819878515625 0.4158203125 0.4329210078125 0.409236966796875 0.416015625 0.404262796875 0.416015625 0.3869140625 0.44819878515625 0.3783203125 0.492643228515625 0.349609375 0.532648861328125 0.349609375 0.5497034140625 0.3564453125 0.55375433984375 0.3736328125 0.546809896484375 0.3845703125 0.5259765625 0.4064453125 0.509309896484375 0.4142578125 0.5204210078125 0.4353515625 0.524587673828125 0.4478515625 0.544032119140625 0.4533203125 0.56625433984375 0.4705078125 0.581532119140625 0.47265625 0.57007378515625 0.47265625 0.561765251953125 0.4626953125 0.530143228515625 0.4658203125 0.4884765625 0.4603515625 0.4329210078125 0.4486328125 0.4454210078125