0 0.421614583984375 0.452061630859375 0.454947916015625 0.4622178828125 0.4827256953125 0.461436630859375 0.504947916015625 0.455967880859375 0.509765625 0.453257919921875 0.509765625 0.378564689453125 0.4952256953125 0.3700303828125 0.47300347265625 0.364561630859375 0.44800347265625 0.363780380859375 0.42855902734375 0.368467880859375 0.417447916015625 0.3942491328125 0.41015625 0.397325302734375 0.41015625 0.444407822265625 0.421614583984375 0.452061630859375
7 0.4283203125 0.763368056640625 0.443359375 0.757325576171875 0.443359375 0.724898818359375 0.436653646484375 0.719618056640625 0.4213758671875 0.721961806640625 0.3977647578125 0.732899306640625 0.396484375 0.733187392578125 0.396484375 0.7586401796875 0.40609808984375 0.765711806640625 0.4102647578125 0.767274306640625 0.4283203125 0.763368056640625
8 0.349609375 0.321249015625 0.349609375 0.355794271484375 0.3497178828125 0.355794271484375 0.39453125 0.348173392578125 0.39453125 0.311263021484375 0.3802734375 0.311263021484375 0.349609375 0.321249015625
11 0.37406683984375 0.4243055546875 0.342122396484375 0.4336805546875 0.32421875 0.4434040859375 0.32421875 0.468774927734375 0.3643446171875 0.4524305546875 0.375 0.446658888671875 0.375 0.423675671875 0.37406683984375 0.4243055546875
2 0.568359375 0.311097123046875 0.625 0.311572650390625 0.625 0.256488611328125 0.5838758671875 0.254709201171875 0.568359375 0.25535572265625 0.568359375 0.311097123046875
6 0.486740451171875 0.24652777734375 0.51953125 0.241257828125 0.51953125 0.210120306640625 0.48046875 0.213782416015625 0.48046875 0.246641578125 0.486740451171875 0.24652777734375
4 0.521484375 0.51489954296875 0.521484375 0.551749181640625 0.527170138671875 0.552039931640625 0.564453125 0.54504937109375 0.564453125 0.508785841796875 0.5563368046875 0.509071181640625 0.521484375 0.51489954296875
10 0.38125 0.47172308984375 0.39140625 0.480056421875 0.39375 0.48977864453125 0.4 0.48422308984375 0.4109375 0.48977864453125 0.40703125 0.535611978515625 0.4171875 0.567556421875 0.4328125 0.567556421875 0.45057705859375 0.58203125 0.4569023984375 0.58203125 0.46640625 0.570334201171875 0.465625 0.52727864453125 0.446875 0.478667533203125 0.44375 0.460611978515625 0.415625 0.45227864453125 0.390625 0.455056421875 0.38203125 0.4620008671875 0.38125 0.47172308984375
1 0.416015625 0.569238748046875 0.416015625 0.540437826171875 0.412478298828125 0.53999566015625 0.3958116328125 0.52983941015625 0.368033853515625 0.54312066015625 0.35546875 0.54594780859375 0.35546875 0.588847384765625 0.365256076171875 0.58921441015625 0.384700521484375 0.57749566015625 0.416015625 0.569238748046875
5 0.453125 0.594591421875 0.4522352421875 0.5942274296875 0.420290798828125 0.5934461796875 0.40234375 0.6039019375 0.40234375 0.642805310546875 0.417513021484375 0.6442274296875 0.43695746484375 0.6387586796875 0.453125 0.638000826171875 0.453125 0.594591421875
9 0.521045939453125 0.763671875 0.533203125 0.748415798828125 0.53515625 0.736841724609375 0.53515625 0.729665798828125 0.533984375 0.71508246484375 0.523046875 0.69702691015625 0.508203125 0.69702691015625 0.497265625 0.7178602421875 0.498046875 0.748415798828125 0.508203125 0.7623046875 0.513970947265625 0.763671875 0.521045939453125 0.763671875
3 0.37941894921875 0.998046875 0.382421875 0.997157119140625 0.380859375 0.94437933984375 0.367578125 0.91521267578125 0.359765625 0.879101564453125 0.367578125 0.867990453125 0.376171875 0.83326823046875 0.373046875 0.8235460078125 0.379296875 0.81382378515625 0.392578125 0.804101564453125 0.418359375 0.804101564453125 0.431640625 0.78670390234375 0.431640625 0.78515625 0.302567435546875 0.78515625 0.285546875 0.8360460078125 0.313671875 0.89021267578125 0.344140625 0.919379341796875 0.361328125 0.95271267578125 0.372265625 0.98882378515625 0.37745361328125 0.998046875 0.37941894921875 0.998046875
12 0.3365234375 0.112608505859375 0.2701171875 0.115386283203125 0.2623046875 0.127886283203125 0.2732421875 0.27649739453125 0.2748046875 0.366775171875 0.2943359375 0.602886283203125 0.3169921875 0.984830728515625 0.3195263671875 0.99609375 0.340162869140625 0.99609375 0.4685546875 0.979275171875 0.4818359375 0.9737196171875 0.6693359375 0.954275171875 0.6763671875 0.93344183984375 0.7076171875 0.477886283203125 0.7279296875 0.1376085078125 0.7263671875 0.115386283203125 0.3365234375 0.112608505859375