10 0.411328125 0.683441841796875 0.393359375 0.775108505859375 0.388671875 0.8112196171875 0.386328125 0.887608505859375 0.386328125 0.894552951171875 0.391796875 0.902886283203125 0.396484375 0.904275171875 0.400390625 0.897330728515625 0.410546875 0.827886283203125 0.416015625 0.819552951171875 0.439453125 0.733531443359375 0.439453125 0.69038628515625 0.436328125 0.677886283203125 0.432333375 0.673828125 0.418087767578125 0.673828125 0.411328125 0.683441841796875
5 0.5572265625 0.618098958984375 0.54884765625 0.611328125 0.53748046875 0.611328125 0.5291015625 0.618098958984375 0.5197265625 0.65143229296875 0.5080078125 0.66948784765625 0.5064453125 0.709765625 0.5119140625 0.711154513671875 0.5166015625 0.68754340234375 0.5228515625 0.690321181640625 0.5244140625 0.708376736328125 0.5322265625 0.71948784765625 0.542480466796875 0.720703125 0.5441650390625 0.720703125 0.5509765625 0.715321181640625 0.564453125 0.659838724609375 0.564453125 0.633515625 0.5572265625 0.618098958984375
0 0.477587892578125 0.37890625 0.461328125 0.37890625 0.4537109375 0.3890625 0.4451171875 0.3890625 0.4302734375 0.4140625 0.4248046875 0.437673611328125 0.4248046875 0.475173611328125 0.4310546875 0.502951388671875 0.4443359375 0.5265625 0.4662109375 0.544618056640625 0.4849609375 0.5460069453125 0.4998046875 0.537673611328125 0.5154296875 0.515451388671875 0.5234375 0.46945780078125 0.5234375 0.44565972265625 0.5185546875 0.419618056640625 0.5083984375 0.39878472265625 0.4888671875 0.380729166015625 0.477587892578125 0.37890625
2 0.3732421875 0.345963541015625 0.3482421875 0.39457465234375 0.3435546875 0.416796873046875 0.3451171875 0.443185763671875 0.3552734375 0.466796875 0.3630859375 0.47513020703125 0.3818359375 0.479296873046875 0.3919921875 0.472352431640625 0.4037109375 0.451519095703125 0.4177734375 0.408463541015625 0.41796875 0.404991318359375 0.41796875 0.374609375 0.4146484375 0.3598524296875 0.396640625 0.33984375 0.38299560546875 0.33984375 0.3732421875 0.345963541015625
6 0.595703125 0.466400619140625 0.6328125 0.46600676953125 0.6328125 0.43002394921875 0.62113715234375 0.429058158203125 0.59613715234375 0.43374566015625 0.595703125 0.43374566015625 0.595703125 0.466400619140625
11 0.374240451171875 0.572721353515625 0.380859375 0.572307669921875 0.380859375 0.53639084765625 0.346462673828125 0.525065103515625 0.33203125 0.524210611328125 0.33203125 0.55599355859375 0.374240451171875 0.572721353515625
1 0.6171875 0.621204546875 0.6171875 0.59094223046875 0.583984375 0.591205283203125 0.583984375 0.62209046484375 0.61714409765625 0.6212022578125 0.6171875 0.621204546875
8 0.6015625 0.810844529296875 0.6015625 0.778598361328125 0.566623263671875 0.7762586796875 0.56640625 0.776285806640625 0.56640625 0.811204080078125 0.6015625 0.810844529296875
9 0.4376953125 0.578016494140625 0.4322265625 0.594683162109375 0.4330078125 0.619683162109375 0.4431640625 0.63357205078125 0.4541015625 0.63357205078125 0.4603515625 0.628016494140625 0.46484375 0.613375291015625 0.46484375 0.6090928828125 0.4634765625 0.58357205078125 0.454927060546875 0.57421875 0.44837646875 0.57421875 0.4376953125 0.578016494140625
7 0.4140625 0.6123914921875 0.41328125 0.592947046875 0.3921875 0.576280380859375 0.38671875 0.580447046875 0.37109375 0.629058158203125 0.37109375 0.634613716796875 0.38515625 0.6512803828125 0.39453125 0.659613716796875 0.4046875 0.642947046875 0.4140625 0.6123914921875
4 0.564453125 0.48973667578125 0.564453125 0.45509936328125 0.527170138671875 0.447960068359375 0.521484375 0.447960068359375 0.521484375 0.4842642421875 0.564453125 0.48973667578125
12 0.27734375 0.63138020703125 0.2953993046875 0.63684895703125 0.325954861328125 0.63606770703125 0.33984375 0.63997395703125 0.4342881953125 0.64544270703125 0.460677083984375 0.650130208984375 0.52456597265625 0.65091145703125 0.541232638671875 0.65481770703125 0.65512152734375 0.66106770703125 0.678732638671875 0.67044270703125 0.69262152734375 0.66497395703125 0.7078993046875 0.66419270703125 0.7265625 0.66562044140625 0.7265625 0.2256819921875 0.6592881953125 0.22981770703125 0.26171875 0.258054173828125 0.26171875 0.633263578125 0.27734375 0.63138020703125
3 0.3408203125 0.58344183984375 0.3227647578125 0.59672308984375 0.302734375 0.600874123046875 0.302734375 0.617781626953125 0.3283203125 0.62719183984375 0.344986978515625 0.65219183984375 0.36304253515625 0.65531683984375 0.3658203125 0.63266058984375 0.35609808984375 0.62328558984375 0.35609808984375 0.61625433984375 0.374153646484375 0.58969183984375 0.386653646484375 0.58109808984375 0.401931423828125 0.57641058984375 0.40625 0.57229963671875 0.40625 0.552530423828125 0.3852647578125 0.55687933984375 0.33109808984375 0.55453558984375 0.342209201171875 0.57016058984375 0.3408203125 0.58344183984375