10 0.384765625 0.236985998046875 0.390646701171875 0.236805556640625 0.4267578125 0.232118056640625 0.439453125 0.229629486328125 0.439453125 0.193893455078125 0.384765625 0.208793662109375 0.384765625 0.236985998046875
5 0.5474609375 0.376432291015625 0.5490234375 0.358376736328125 0.5552734375 0.35559895703125 0.5599609375 0.379210068359375 0.564453125 0.3780691953125 0.564453125 0.352647568359375 0.5638671875 0.33754340234375 0.5521484375 0.31948784765625 0.5427734375 0.286154513671875 0.534287111328125 0.279296875 0.523134763671875 0.279296875 0.5146484375 0.286154513671875 0.5068359375 0.3028211796875 0.5060546875 0.322265625 0.5208984375 0.383376736328125 0.52760009765625 0.388671875 0.530126947265625 0.388671875 0.5396484375 0.38754340234375 0.5474609375 0.376432291015625
0 0.4251953125 0.534895833984375 0.4353515625 0.593229166015625 0.4509765625 0.615451388671875 0.461027017578125 0.62109375 0.486147837890625 0.62109375 0.5064453125 0.60434027734375 0.5197265625 0.580729166015625 0.5234375 0.564236111328125 0.5234375 0.504489087890625 0.5205078125 0.49184027734375 0.5056640625 0.46684027734375 0.4970703125 0.46684027734375 0.4876953125 0.45434027734375 0.4619140625 0.458506943359375 0.4423828125 0.4765625 0.4322265625 0.497395833984375 0.4251953125 0.534895833984375
2 0.41796875 0.613457962890625 0.41796875 0.555924478515625 0.4092881953125 0.553971353515625 0.381510416015625 0.55553385546875 0.341796875 0.56850480859375 0.341796875 0.6260431015625 0.3467881953125 0.628190103515625 0.373177083984375 0.62975260546875 0.3953993046875 0.62506510546875 0.41796875 0.613457962890625
6 0.595703125 0.5715333046875 0.6328125 0.571927154296875 0.6328125 0.53886990234375 0.61011284765625 0.53461371484375 0.595703125 0.5358056953125 0.595703125 0.5715333046875
11 0.380859375 0.462699513671875 0.3587890625 0.407009548828125 0.3455078125 0.407009548828125 0.3337890625 0.413953994140625 0.3353515625 0.4403428828125 0.353708556640625 0.49609375 0.361934408203125 0.49609375 0.380859375 0.4932099453125 0.380859375 0.462699513671875
1 0.583984375 0.408794716796875 0.6171875 0.40905776953125 0.6171875 0.378795453125 0.61714409765625 0.3787977421875 0.583984375 0.37790953515625 0.583984375 0.408794716796875
8 0.56640625 0.245920140625 0.578442380859375 0.259765625 0.585729986328125 0.259765625 0.59140625 0.258420140625 0.5984375 0.2500868046875 0.6015625 0.225086806640625 0.59765625 0.16675347265625 0.58671875 0.152864583984375 0.5765625 0.155642359375 0.5671875 0.169531248046875 0.56640625 0.245920140625
9 0.440258791015625 0.42578125 0.455345458984375 0.42578125 0.4638671875 0.414127603515625 0.4646484375 0.389127603515625 0.4591796875 0.372460935546875 0.4435546875 0.366905380859375 0.4333984375 0.3780164921875 0.4318359375 0.407183158203125 0.4365234375 0.422460935546875 0.440258791015625 0.42578125
7 0.3982421875 0.360460068359375 0.37109375 0.368789705078125 0.37109375 0.39927232421875 0.37601996484375 0.403428818359375 0.381575521484375 0.403428818359375 0.4140625 0.392986576171875 0.4140625 0.36109570703125 0.3982421875 0.360460068359375
4 0.521484375 0.55124578125 0.564453125 0.54577334765625 0.564453125 0.509071181640625 0.561892361328125 0.509071181640625 0.521484375 0.516808880859375 0.521484375 0.55124578125
12 0.4342881953125 0.35455729296875 0.33984375 0.36002604296875 0.325954861328125 0.36393229296875 0.2953993046875 0.36315104296875 0.27734375 0.36861979296875 0.26171875 0.366736421875 0.26171875 0.741945826171875 0.6592881953125 0.77018229296875 0.7265625 0.7743180078125 0.7265625 0.33437955859375 0.7078993046875 0.33580729296875 0.69262152734375 0.33502604296875 0.678732638671875 0.32955729296875 0.65512152734375 0.33893229296875 0.541232638671875 0.34518229296875 0.52456597265625 0.34908854296875 0.460677083984375 0.349869791015625 0.4342881953125 0.35455729296875
3 0.5453125 0.513975693359375 0.5203125 0.50980902734375 0.51796875 0.52230902734375 0.521875 0.533420138671875 0.54921875 0.55703125 0.56015625 0.57369791796875 0.56640625 0.59175347265625 0.590284423828125 0.619140625 0.59078480078125 0.619140625 0.603125 0.5889756953125 0.615625 0.57230902734375 0.62734375 0.569531251953125 0.63984375 0.57925347265625 0.642578125 0.576822916015625 0.642578125 0.572170138671875 0.6390625 0.533420138671875 0.62890625 0.504253470703125 0.63125 0.48619791796875 0.628911482421875 0.466796875 0.62886173046875 0.466796875 0.6046875 0.49036458203125 0.609375 0.491753470703125 0.6109375 0.49869791796875 0.6015625 0.518142359375 0.58671875 0.520920140625 0.57265625 0.533420138671875 0.55703125 0.52786458203125 0.5453125 0.513975693359375