10 0.411328125 0.683441841796875 0.393359375 0.775108505859375 0.388671875 0.8112196171875 0.386328125 0.887608505859375 0.386328125 0.894552951171875 0.391796875 0.902886283203125 0.396484375 0.904275171875 0.400390625 0.897330728515625 0.410546875 0.827886283203125 0.416015625 0.819552951171875 0.439453125 0.733531443359375 0.439453125 0.69038628515625 0.436328125 0.677886283203125 0.432333375 0.673828125 0.418087767578125 0.673828125 0.411328125 0.683441841796875
5 0.564453125 0.645872791015625 0.52417534765625 0.63608941015625 0.50473090234375 0.63687066015625 0.50390625 0.637257216796875 0.50390625 0.6772637265625 0.5213975703125 0.68218316015625 0.539453125 0.69390191015625 0.564453125 0.69487173828125 0.564453125 0.6866868359375 0.5575086796875 0.68530816015625 0.560286458984375 0.67905816015625 0.564453125 0.678697583984375 0.564453125 0.645872791015625
0 0.477587892578125 0.37890625 0.461328125 0.37890625 0.4537109375 0.3890625 0.4451171875 0.3890625 0.4302734375 0.4140625 0.4248046875 0.437673611328125 0.4248046875 0.475173611328125 0.4310546875 0.502951388671875 0.4443359375 0.5265625 0.4662109375 0.544618056640625 0.4849609375 0.5460069453125 0.4998046875 0.537673611328125 0.5154296875 0.515451388671875 0.5234375 0.46945780078125 0.5234375 0.44565972265625 0.5185546875 0.419618056640625 0.5083984375 0.39878472265625 0.4888671875 0.380729166015625 0.477587892578125 0.37890625
2 0.3778271484375 0.33984375 0.3712890625 0.344314234375 0.3595703125 0.3651475703125 0.3455078125 0.408203125 0.3439453125 0.43598090234375 0.3486328125 0.456814236328125 0.3673828125 0.477647568359375 0.3767578125 0.47903645703125 0.3900390625 0.470703125 0.4150390625 0.42209201171875 0.41796875 0.408203125 0.41796875 0.373026841796875 0.4080078125 0.349869791015625 0.4001953125 0.341536458984375 0.39257812109375 0.33984375 0.3778271484375 0.33984375
6 0.6291015625 0.427734375 0.6291015625 0.397178818359375 0.6212890625 0.38190104296875 0.6125 0.380859375 0.60927734375 0.380859375 0.6001953125 0.391623263671875 0.5962890625 0.412456595703125 0.5970703125 0.486067708984375 0.6009765625 0.506901041015625 0.607070314453125 0.513671875 0.62216796875 0.513671875 0.6298828125 0.49995659765625 0.6328125 0.464539931640625 0.6328125 0.447526041015625 0.6291015625 0.427734375
11 0.3349609375 0.5889539921875 0.3623046875 0.593120658203125 0.380859375 0.53676938671875 0.380859375 0.50874566015625 0.372692873046875 0.50390625 0.357195767578125 0.50390625 0.3333984375 0.5639539921875 0.3349609375 0.5889539921875
1 0.6171875 0.621204546875 0.6171875 0.59094223046875 0.583984375 0.591205283203125 0.583984375 0.62209046484375 0.61714409765625 0.6212022578125 0.6171875 0.621204546875
8 0.6015625 0.810844529296875 0.6015625 0.778598361328125 0.566623263671875 0.7762586796875 0.56640625 0.776285806640625 0.56640625 0.811204080078125 0.6015625 0.810844529296875
9 0.4435546875 0.633094619140625 0.4591796875 0.627539064453125 0.4646484375 0.610872396484375 0.4638671875 0.585872396484375 0.455345458984375 0.57421875 0.440258791015625 0.57421875 0.4365234375 0.577539064453125 0.4318359375 0.592816841796875 0.4333984375 0.6219835078125 0.4435546875 0.633094619140625
7 0.37109375 0.623719619140625 0.371875 0.643164064453125 0.39296875 0.65983073046875 0.3984375 0.655664064453125 0.4140625 0.607052953125 0.4140625 0.601497396484375 0.4 0.58483073046875 0.390625 0.57649739453125 0.38046875 0.593164064453125 0.37109375 0.623719619140625
3 0.46875 0.157161458984375 0.43828125 0.179383681640625 0.43046875 0.197439236328125 0.42109375 0.207161458984375 0.4 0.223828125 0.378125 0.2293836796875 0.37265625 0.236328125 0.3765625 0.241883681640625 0.4015625 0.250217013671875 0.4234375 0.236328125 0.43828125 0.251605904296875 0.45546875 0.28355034765625 0.44765625 0.336328125 0.453125 0.38355034765625 0.45703125 0.3807725703125 0.459375 0.35299479296875 0.46875 0.314105904296875 0.47578125 0.2946614609375 0.4875 0.2807725703125 0.49375 0.26549479296875 0.5078125 0.21049479296875 0.5078125 0.202259498046875 0.49609375 0.186328125 0.4789111328125 0.146484375 0.4767578125 0.146484375 0.46875 0.157161458984375
12 0.64921875 0.251692708984375 0.5547743046875 0.24622395703125 0.528385416015625 0.24153645703125 0.46449652734375 0.24075520703125 0.447829861328125 0.23684895703125 0.33394097265625 0.23059895703125 0.310329861328125 0.22122395703125 0.29644097265625 0.22669270703125 0.2811631953125 0.22747395703125 0.26171875 0.22598645703125 0.26171875 0.66603269921875 0.3297743046875 0.66184895703125 0.7265625 0.6336679765625 0.7265625 0.258497255859375 0.71171875 0.26028645703125 0.6936631953125 0.25481770703125 0.663107638671875 0.255598958984375 0.64921875 0.251692708984375
4 0.564453125 0.48973667578125 0.564453125 0.45509936328125 0.527170138671875 0.447960068359375 0.521484375 0.447960068359375 0.521484375 0.4842642421875 0.564453125 0.48973667578125