10 0.416796875 0.74850260546875 0.411328125 0.7568359375 0.387109375 0.845724826171875 0.387890625 0.886002603515625 0.391015625 0.898502603515625 0.396484375 0.90405816015625 0.408203125 0.90405816015625 0.416015625 0.892947046875 0.433984375 0.801280380859375 0.438671875 0.76516926953125 0.439453125 0.739706306640625 0.439453125 0.679454984375 0.435760498046875 0.673828125 0.42989501953125 0.673828125 0.426953125 0.679058158203125 0.416796875 0.74850260546875
5 0.564453125 0.647352431640625 0.564453125 0.6219308046875 0.5599609375 0.620789931640625 0.5552734375 0.64440104296875 0.5490234375 0.641623263671875 0.5474609375 0.623567708984375 0.5396484375 0.61245659765625 0.530126947265625 0.611328125 0.52760009765625 0.611328125 0.5208984375 0.616623263671875 0.5060546875 0.677734375 0.5068359375 0.6971788203125 0.5146484375 0.713845486328125 0.523134763671875 0.720703125 0.534287111328125 0.720703125 0.5427734375 0.713845486328125 0.5521484375 0.68051215234375 0.5638671875 0.66245659765625 0.564453125 0.647352431640625
0 0.43355034765625 0.416775173828125 0.423828125 0.422243923828125 0.423828125 0.5016338046875 0.4793836796875 0.511306423828125 0.5168836796875 0.504275173828125 0.5234375 0.5010801875 0.5234375 0.416586642578125 0.522439236328125 0.415993923828125 0.498828125 0.410525173828125 0.461328125 0.410525173828125 0.43355034765625 0.416775173828125
2 0.341796875 0.428316591796875 0.3678819453125 0.441731771484375 0.390104166015625 0.44641926953125 0.4164930546875 0.44485676953125 0.41796875 0.44422200390625 0.41796875 0.3840232265625 0.381770833984375 0.37220051953125 0.3539930546875 0.37063801953125 0.341796875 0.373382162109375 0.341796875 0.428316591796875
6 0.595703125 0.466400619140625 0.6328125 0.46600676953125 0.6328125 0.43002394921875 0.62113715234375 0.429058158203125 0.59613715234375 0.43374566015625 0.595703125 0.43374566015625 0.595703125 0.466400619140625
11 0.369943576171875 0.570768228515625 0.380859375 0.57141455859375 0.380859375 0.538446505859375 0.342165798828125 0.523111978515625 0.33203125 0.523745388671875 0.33203125 0.55828490234375 0.369943576171875 0.570768228515625
1 0.6171875 0.622711458984375 0.6171875 0.59189259375 0.58754340234375 0.5926866328125 0.583984375 0.59249894921875 0.583984375 0.62297451171875 0.6171875 0.622711458984375
8 0.6015625 0.810844529296875 0.6015625 0.778598361328125 0.566623263671875 0.7762586796875 0.56640625 0.776285806640625 0.56640625 0.811204080078125 0.6015625 0.810844529296875
9 0.4376953125 0.578016494140625 0.4322265625 0.594683162109375 0.4330078125 0.619683162109375 0.4431640625 0.63357205078125 0.4541015625 0.63357205078125 0.4603515625 0.628016494140625 0.46484375 0.613375291015625 0.46484375 0.6090928828125 0.4634765625 0.58357205078125 0.454927060546875 0.57421875 0.44837646875 0.57421875 0.4376953125 0.578016494140625
7 0.403580728515625 0.639539931640625 0.40913628515625 0.639539931640625 0.4140625 0.6353834375 0.4140625 0.60490081640625 0.3869140625 0.596571181640625 0.37109375 0.597206818359375 0.37109375 0.629097689453125 0.403580728515625 0.639539931640625
3 0.46875 0.157161458984375 0.43828125 0.179383681640625 0.43046875 0.197439236328125 0.42109375 0.207161458984375 0.4 0.223828125 0.378125 0.2293836796875 0.37265625 0.236328125 0.3765625 0.241883681640625 0.4015625 0.250217013671875 0.4234375 0.236328125 0.43828125 0.251605904296875 0.45546875 0.28355034765625 0.44765625 0.336328125 0.453125 0.38355034765625 0.45703125 0.3807725703125 0.459375 0.35299479296875 0.46875 0.314105904296875 0.47578125 0.2946614609375 0.4875 0.2807725703125 0.49375 0.26549479296875 0.5078125 0.21049479296875 0.5078125 0.202259498046875 0.49609375 0.186328125 0.4789111328125 0.146484375 0.4767578125 0.146484375 0.46875 0.157161458984375
12 0.262890625 0.02690972265625 0.278515625 0.281076388671875 0.317578125 0.83107638671875 0.334765625 0.84357638671875 0.350390625 0.846354166015625 0.565234375 0.874131943359375 0.592578125 0.8727430546875 0.653515625 0.88802083203125 0.669140625 0.88802083203125 0.671484375 0.883854166015625 0.677734375 0.801909720703125 0.676171875 0.7727430546875 0.679296875 0.764409720703125 0.682421875 0.68246527734375 0.680078125 0.66302083203125 0.685546875 0.64496527734375 0.684765625 0.614409720703125 0.688671875 0.60052083203125 0.694140625 0.50607638671875 0.698828125 0.479687498046875 0.699609375 0.415798611328125 0.703515625 0.399131943359375 0.709765625 0.2852430546875 0.719140625 0.2616319453125 0.713671875 0.247743056640625 0.712890625 0.23246527734375 0.726171875 0.058854166015625 0.7265625 0.034548609375 0.7265625 0.010203931640625 0.68318483203125 0.005859375 0.328051130859375 0.005859375 0.264453125 0.00607638671875 0.262890625 0.02690972265625
4 0.564453125 0.490928818359375 0.564453125 0.45422665234375 0.521484375 0.44875421875 0.521484375 0.483191119140625 0.561892361328125 0.490928818359375 0.564453125 0.490928818359375