0 0.4440266953125 0.513671875 0.4322265625 0.519965279296875 0.4189453125 0.543576390625 0.4134765625 0.565798609375 0.4126953125 0.593576390625 0.4228515625 0.62690972265625 0.4376953125 0.6491319453125 0.4595703125 0.6602430546875 0.4720703125 0.6602430546875 0.4759765625 0.654687501953125 0.4759765625 0.642187501953125 0.4806640625 0.631076388671875 0.5064453125 0.619965279296875 0.509765625 0.606192130859375 0.509765625 0.57313987890625 0.5048828125 0.553298611328125 0.4861328125 0.52135416796875 0.468230326171875 0.513671875 0.4440266953125 0.513671875
7 0.414453125 0.219335935546875 0.411328125 0.233224826171875 0.400390625 0.256835935546875 0.398046875 0.27211371484375 0.414453125 0.292947046875 0.425390625 0.298502603515625 0.430078125 0.292947046875 0.441796875 0.263780380859375 0.443359375 0.256558158203125 0.443359375 0.24049606640625 0.430859375 0.223502603515625 0.420800783203125 0.216796875 0.416833494140625 0.216796875 0.414453125 0.219335935546875
8 0.39453125 0.689079626953125 0.39453125 0.65445513671875 0.3642578125 0.644596353515625 0.349609375 0.644596353515625 0.349609375 0.681440296875 0.39453125 0.689079626953125
11 0.32421875 0.5588550703125 0.3379991328125 0.5663194453125 0.375 0.581390919921875 0.375 0.555595779296875 0.360221353515625 0.5475694453125 0.32827691015625 0.5381944453125 0.32421875 0.5354551875 0.32421875 0.5588550703125
2 0.5993896484375 0.640625 0.592297361328125 0.640625 0.5876953125 0.64125433984375 0.5814453125 0.644032119140625 0.5728515625 0.6579210078125 0.5689453125 0.6704210078125 0.5697265625 0.7634765625 0.5806640625 0.78569878515625 0.5916015625 0.794032119140625 0.6103515625 0.79125433984375 0.6189453125 0.781532119140625 0.6244140625 0.769032119140625 0.625 0.754969619140625 0.625 0.708962673828125 0.6236328125 0.677365451171875 0.6181640625 0.6579210078125 0.6119140625 0.646809896484375 0.5993896484375 0.640625
6 0.51953125 0.71463265625 0.511328125 0.696072048828125 0.508764646484375 0.6953125 0.506109619140625 0.6953125 0.499609375 0.703016494140625 0.488671875 0.728016494140625 0.48046875 0.815516494140625 0.48046875 0.83461371484375 0.484765625 0.846072048828125 0.49537760546875 0.849609375 0.4976904296875 0.849609375 0.506640625 0.836349826171875 0.519140625 0.758572048828125 0.51953125 0.737044271484375 0.51953125 0.71463265625
4 0.5563368046875 0.490928818359375 0.564453125 0.491214158203125 0.564453125 0.45495062890625 0.527170138671875 0.447960068359375 0.521484375 0.448250818359375 0.521484375 0.48510045703125 0.5563368046875 0.490928818359375
10 0.380859375 0.49066185546875 0.406271701171875 0.4987413203125 0.45210503515625 0.4948350703125 0.45766058984375 0.5057725703125 0.45210503515625 0.5120225703125 0.4618272578125 0.5143663203125 0.466796875 0.52042304296875 0.466796875 0.4595173125 0.463216146484375 0.4588975703125 0.41460503515625 0.4401475703125 0.380859375 0.43953525 0.380859375 0.49066185546875
1 0.4154296875 0.419596353515625 0.4146484375 0.39876301953125 0.4060546875 0.379318576171875 0.400067138671875 0.376953125 0.398611111328125 0.376953125 0.3740234375 0.401540798828125 0.3693359375 0.422374130859375 0.3560546875 0.45015191015625 0.3662109375 0.466818576171875 0.370846896484375 0.50390625 0.371903482421875 0.50390625 0.3810546875 0.50015191015625 0.3919921875 0.4834852421875 0.4037109375 0.439040798828125 0.4154296875 0.419596353515625
5 0.40234375 0.392947048828125 0.4046875 0.417947048828125 0.41640625 0.4318359375 0.43046875 0.42905816015625 0.453125 0.390169271484375 0.45234375 0.358224828125 0.44609375 0.342947048828125 0.437451169921875 0.333984375 0.422003173828125 0.333984375 0.415625 0.340169271484375 0.40859375 0.3568359375 0.4078125 0.37350260546875 0.40234375 0.392947048828125
9 0.508203125 0.2376953125 0.498046875 0.251584201171875 0.497265625 0.2821397578125 0.508203125 0.30297308984375 0.523046875 0.30297308984375 0.533984375 0.28491753515625 0.53515625 0.270334201171875 0.53515625 0.263158275390625 0.533203125 0.251584201171875 0.521045939453125 0.236328125 0.513970947265625 0.236328125 0.508203125 0.2376953125
3 0.371549478515625 0.10755208203125 0.3354383671875 0.09973958203125 0.306271701171875 0.08645833203125 0.283203125 0.085775380859375 0.283203125 0.10152650390625 0.2979383671875 0.10598958203125 0.331271701171875 0.12317708203125 0.3604383671875 0.15364583203125 0.41460503515625 0.18177083203125 0.431640625 0.1760731171875 0.431640625 0.091355095703125 0.42710503515625 0.09427083203125 0.4173828125 0.09114583203125 0.38266058984375 0.09973958203125 0.371549478515625 0.10755208203125
12 0.3142578125 0.82233073046875 0.3212890625 0.8431640625 0.5087890625 0.8626085078125 0.5220703125 0.8681640625 0.6705078125 0.8876085078125 0.6736328125 0.873719619140625 0.6962890625 0.491775173828125 0.7158203125 0.2556640625 0.7173828125 0.16538628515625 0.7283203125 0.016775173828125 0.7205078125 0.004275173828125 0.7116882265625 0.00390625 0.316033974609375 0.00390625 0.2642578125 0.004275173828125 0.2626953125 0.026497396484375 0.2830078125 0.366775173828125 0.3142578125 0.82233073046875