11 0.46484375 0.58203125 0.478515625 0.572265625 0.484375 0.5703125 0.4921875 0.572265625 0.494140625 0.57421875 0.494140625 0.607421875 0.48828125 0.609375 0.486328125 0.61328125 0.455078125 0.6328125 0.453125 0.63671875 0.439453125 0.646484375 0.43359375 0.6484375 0.41796875 0.6484375 0.4140625 0.64453125 0.4140625 0.619140625 0.46484375 0.583984375
2 0.494140625 0.61328125 0.505859375 0.609375 0.513671875 0.609375 0.521484375 0.60546875 0.55859375 0.60546875 0.55859375 0.666015625 0.55078125 0.666015625 0.548828125 0.66796875 0.494140625 0.66796875 0.494140625 0.615234375
0 0.478515625 0.3671875 0.509765625 0.37890625 0.509765625 0.455078125 0.4921875 0.4609375 0.4453125 0.4609375 0.443359375 0.458984375 0.435546875 0.458984375 0.4296875 0.455078125 0.42578125 0.455078125 0.421875 0.451171875 0.4140625 0.44921875 0.4140625 0.375 0.421875 0.37109375 0.4296875 0.37109375 0.439453125 0.3671875 0.4765625 0.3671875
5 0.51953125 0.314453125 0.53515625 0.314453125 0.537109375 0.3125 0.55859375 0.314453125 0.55859375 0.369140625 0.501953125 0.369140625 0.501953125 0.337890625 0.51171875 0.333984375 0.53125 0.33203125 0.537109375 0.330078125 0.54296875 0.32421875 0.54296875 0.3203125 0.5390625 0.31640625 0.51953125 0.31640625
6 0.513671875 0.189453125 0.513671875 0.234375 0.5078125 0.234375 0.505859375 0.236328125 0.48046875 0.234375 0.470703125 0.23828125 0.46484375 0.23828125 0.46484375 0.197265625 0.490234375 0.189453125 0.51171875 0.189453125
10 0.6095703125 0.343120658203125 0.6095703125 0.3583984375 0.6064453125 0.372287326171875 0.6001953125 0.3764539921875 0.5931640625 0.3958984375 0.5908203125 0.413953994140625 0.5923828125 0.445898439453125 0.5986328125 0.46117621484375 0.6126953125 0.47367621484375 0.6337890625 0.476453994140625 0.6462890625 0.44312066015625 0.6494140625 0.40700955078125 0.6439453125 0.36812066015625 0.6494140625 0.361176216796875 0.650390625 0.3498914921875 0.650390625 0.3422982890625 0.6361328125 0.322287326171875 0.6064453125 0.307009548828125 0.5931640625 0.307009548828125 0.5900390625 0.31673176953125 0.5978515625 0.330620658203125 0.5955078125 0.343120658203125 0.6064453125 0.3389539921875 0.6095703125 0.343120658203125
1 0.3934461796875 0.544552951171875 0.376779513671875 0.554709201171875 0.33984375 0.569471357421875 0.33984375 0.610144818359375 0.34066840234375 0.610177951171875 0.408203125 0.58304346484375 0.408203125 0.543630642578125 0.3934461796875 0.544552951171875
7 0.6212890625 0.2842881953125 0.625 0.273732638671875 0.625 0.2519270859375 0.62135009765625 0.244140625 0.621098634765625 0.244140625 0.6111328125 0.25095486328125 0.5955078125 0.2467881953125 0.583984375 0.26590856640625 0.583984375 0.272482640625 0.5845703125 0.291232640625 0.60707484765625 0.310546875 0.60729594921875 0.310546875 0.6212890625 0.2842881953125
4 0.521484375 0.54974430078125 0.564453125 0.545015404296875 0.564453125 0.507018919921875 0.563845486328125 0.50698784765625 0.521484375 0.514930556640625 0.521484375 0.54974430078125
3 0.2916883671875 0.93619791796875 0.28335503515625 0.94088541796875 0.284743923828125 0.94635416796875 0.337521701171875 0.94401041796875 0.362521701171875 0.93229166796875 0.4041883671875 0.92291666796875 0.41391058984375 0.93151041796875 0.4680772578125 0.94401041796875 0.477799478515625 0.95729166796875 0.477799478515625 0.98229166796875 0.494140625 0.9947663828125 0.494140625 0.7887247734375 0.481966146484375 0.79557291796875 0.477799478515625 0.81119791796875 0.431966146484375 0.85651041796875 0.387521701171875 0.87994791796875 0.3736328125 0.89947916796875 0.359743923828125 0.90963541796875 0.327799478515625 0.92526041796875 0.2916883671875 0.93619791796875
12 0.6794921875 0.25642361328125 0.6724609375 0.12447916796875 0.6693359375 0.11197916796875 0.3169921875 0.159201390625 0.3037109375 0.31892361328125 0.2755859375 0.75642361328125 0.2615234375 0.985590279296875 0.2646484375 0.99392361328125 0.2833984375 0.992534720703125 0.2935546875 0.975868056640625 0.3091796875 0.96753472265625 0.3216796875 0.97447916796875 0.3396484375 0.96197916796875 0.3388671875 0.934201390625 0.3458984375 0.9258680546875 0.3466796875 0.913368056640625 0.3537109375 0.903645833984375 0.3451171875 0.88003472265625 0.3458984375 0.8647569453125 0.3341796875 0.84253472265625 0.3357421875 0.81197916796875 0.3326171875 0.78559027734375 0.3419921875 0.78003472265625 0.3498046875 0.788368056640625 0.3583984375 0.821701390625 0.3724609375 0.8522569453125 0.3865234375 0.870312501953125 0.4029296875 0.878645833984375 0.4380859375 0.9453125 0.4490234375 0.949479166015625 0.4654296875 0.97309027734375 0.4787109375 0.97309027734375 0.4935546875 0.98142361328125 0.500708005859375 0.994140625 0.674072580078125 0.994140625 0.7060546875 0.99392361328125 0.72265625 0.989898990234375 0.72265625 0.921122685546875 0.7193359375 0.875868056640625 0.7154296875 0.87447916796875 0.7177734375 0.850868056640625 0.7146484375 0.83142361328125 0.7146484375 0.784201390625 0.7115234375 0.77447916796875 0.7154296875 0.742534720703125 0.6794921875 0.25642361328125
8 0.443359375 0.271484375 0.443359375 0.306640625 0.4375 0.310546875 0.40234375 0.310546875 0.40234375 0.275390625 0.44140625 0.271484375