11 0.46484375 0.58203125 0.478515625 0.572265625 0.484375 0.5703125 0.4921875 0.572265625 0.494140625 0.57421875 0.494140625 0.607421875 0.48828125 0.609375 0.486328125 0.61328125 0.455078125 0.6328125 0.453125 0.63671875 0.439453125 0.646484375 0.43359375 0.6484375 0.41796875 0.6484375 0.4140625 0.64453125 0.4140625 0.619140625 0.46484375 0.583984375
2 0.55859375 0.60546875 0.55859375 0.662109375 0.54296875 0.6640625 0.53515625 0.66796875 0.494140625 0.66796875 0.494140625 0.607421875 0.505859375 0.607421875 0.5078125 0.60546875 0.556640625 0.60546875
0 0.478515625 0.3671875 0.509765625 0.37890625 0.509765625 0.455078125 0.4921875 0.4609375 0.4453125 0.4609375 0.443359375 0.458984375 0.435546875 0.458984375 0.4296875 0.455078125 0.42578125 0.455078125 0.421875 0.451171875 0.4140625 0.44921875 0.4140625 0.375 0.421875 0.37109375 0.4296875 0.37109375 0.439453125 0.3671875 0.4765625 0.3671875
5 0.50390625 0.310546875 0.51171875 0.306640625 0.517578125 0.306640625 0.5234375 0.294921875 0.53125 0.287109375 0.546875 0.287109375 0.552734375 0.29296875 0.55859375 0.306640625 0.55859375 0.375 0.5546875 0.38671875 0.544921875 0.39453125 0.53515625 0.392578125 0.52734375 0.380859375 0.52734375 0.369140625 0.5234375 0.361328125 0.5234375 0.349609375 0.51953125 0.3359375 0.513671875 0.330078125 0.509765625 0.330078125 0.505859375 0.333984375 0.505859375 0.353515625 0.50390625 0.353515625 0.50390625 0.337890625 0.501953125 0.3359375 0.50390625 0.3125
6 0.486328125 0.14453125 0.4921875 0.158203125 0.501953125 0.1640625 0.5078125 0.171875 0.509765625 0.197265625 0.51171875 0.19921875 0.509765625 0.224609375 0.513671875 0.234375 0.513671875 0.2734375 0.505859375 0.28125 0.498046875 0.28515625 0.48046875 0.28515625 0.4765625 0.283203125 0.4765625 0.279296875 0.47265625 0.2734375 0.47265625 0.236328125 0.46875 0.23046875 0.46875 0.224609375 0.46484375 0.21484375 0.46484375 0.1796875 0.474609375 0.1640625 0.478515625 0.14453125 0.48046875 0.142578125 0.484375 0.14453125
10 0.6482421875 0.33743489453125 0.6419921875 0.322157119140625 0.6279296875 0.3096571171875 0.6068359375 0.30687933984375 0.5943359375 0.340212673828125 0.5912109375 0.376323783203125 0.5966796875 0.415212673828125 0.5912109375 0.4221571171875 0.58984375 0.43795573046875 0.58984375 0.440486798828125 0.6044921875 0.461046005859375 0.6341796875 0.47632378515625 0.6474609375 0.47632378515625 0.650390625 0.467209203125 0.650390625 0.466254341796875 0.6427734375 0.45271267578125 0.6451171875 0.44021267578125 0.6341796875 0.44437933984375 0.6310546875 0.44021267578125 0.6310546875 0.42493489453125 0.6341796875 0.4110460078125 0.6404296875 0.406879341796875 0.6474609375 0.387434896484375 0.6498046875 0.36937933984375 0.6482421875 0.33743489453125
1 0.33984375 0.609171548828125 0.3549913203125 0.608224826171875 0.371657986328125 0.598068576171875 0.408203125 0.58346254296875 0.408203125 0.542617265625 0.40776909765625 0.542599826171875 0.33984375 0.569891259765625 0.33984375 0.609171548828125
7 0.625 0.2519270859375 0.62135009765625 0.244140625 0.621098634765625 0.244140625 0.6111328125 0.25095486328125 0.5955078125 0.2467881953125 0.583984375 0.26590856640625 0.583984375 0.272482640625 0.5845703125 0.291232640625 0.60707484765625 0.310546875 0.60729594921875 0.310546875 0.6212890625 0.2842881953125 0.625 0.273732638671875 0.625 0.2519270859375
4 0.564453125 0.507018919921875 0.563845486328125 0.50698784765625 0.521484375 0.514930556640625 0.521484375 0.54974430078125 0.564453125 0.545015404296875 0.564453125 0.507018919921875
3 0.494140625 0.998046875 0.494140625 0.997287328125 0.486328125 0.9833984375 0.470703125 0.979231771484375 0.425390625 0.933398439453125 0.401953125 0.888953994140625 0.382421875 0.87506510546875 0.372265625 0.861176216796875 0.356640625 0.829231771484375 0.345703125 0.79312066015625 0.34122314453125 0.78515625 0.3395629921875 0.78515625 0.335546875 0.78617621484375 0.337890625 0.838953994140625 0.349609375 0.863953994140625 0.358984375 0.90562066015625 0.350390625 0.9153428828125 0.337890625 0.96950955078125 0.324609375 0.979231771484375 0.299609375 0.979231771484375 0.285246060546875 0.998046875 0.494140625 0.998046875
12 0.72265625 0.332598587890625 0.71328125 0.33561198046875 0.6813368046875 0.33170573046875 0.259765625 0.362871884765625 0.259765625 0.7435556171875 0.6952256953125 0.77154948046875 0.72265625 0.77323271875 0.72265625 0.71158854296875 0.7188368046875 0.70514323046875 0.72265625 0.7015625 0.72265625 0.332598587890625
8 0.432421875 0.24837239453125 0.425555419921875 0.240234375 0.42475891015625 0.240234375 0.407421875 0.2455946171875 0.402734375 0.263650173828125 0.412109375 0.328927951171875 0.419140625 0.338650173828125 0.4285400390625 0.33984375 0.430341796875 0.33984375 0.439453125 0.3330946171875 0.443359375 0.323173982421875 0.443359375 0.294552951171875 0.432421875 0.24837239453125
8 0.443359375 0.271484375 0.443359375 0.3046875 0.435546875 0.3046875 0.419921875 0.310546875 0.40234375 0.310546875 0.40234375 0.275390625 0.44140625 0.271484375