11 0.43359375 0.349609375 0.443359375 0.353515625 0.455078125 0.365234375 0.486328125 0.384765625 0.48828125 0.388671875 0.494140625 0.390625 0.494140625 0.423828125 0.486328125 0.427734375 0.474609375 0.423828125 0.462890625 0.412109375 0.4140625 0.37890625 0.4140625 0.353515625 0.41796875 0.349609375 0.431640625 0.349609375
2 0.537109375 0.291015625 0.546875 0.298828125 0.556640625 0.318359375 0.556640625 0.32421875 0.55859375 0.326171875 0.55859375 0.3671875 0.5546875 0.375 0.5546875 0.3828125 0.55078125 0.392578125 0.55078125 0.40625 0.546875 0.412109375 0.546875 0.416015625 0.53515625 0.4296875 0.529296875 0.431640625 0.513671875 0.4296875 0.50390625 0.41796875 0.498046875 0.404296875 0.498046875 0.3984375 0.49609375 0.396484375 0.49609375 0.33984375 0.498046875 0.337890625 0.498046875 0.32421875 0.5078125 0.30078125 0.521484375 0.291015625 0.53515625 0.291015625
0 0.46875 0.51171875 0.482421875 0.517578125 0.494140625 0.53125 0.498046875 0.537109375 0.498046875 0.541015625 0.501953125 0.544921875 0.509765625 0.568359375 0.509765625 0.607421875 0.505859375 0.6171875 0.505859375 0.625 0.494140625 0.646484375 0.482421875 0.65625 0.4765625 0.65625 0.474609375 0.658203125 0.453125 0.65625 0.4375 0.646484375 0.4296875 0.63671875 0.42578125 0.625 0.421875 0.62109375 0.4140625 0.59375 0.4140625 0.564453125 0.416015625 0.5625 0.416015625 0.5546875 0.421875 0.537109375 0.427734375 0.52734375 0.44140625 0.513671875 0.466796875 0.51171875
5 0.548828125 0.60546875 0.5546875 0.611328125 0.55859375 0.623046875 0.55859375 0.69140625 0.552734375 0.705078125 0.546875 0.7109375 0.53125 0.7109375 0.5234375 0.703125 0.517578125 0.69140625 0.51171875 0.69140625 0.50390625 0.6875 0.50390625 0.669921875 0.501953125 0.66796875 0.50390625 0.64453125 0.505859375 0.64453125 0.505859375 0.6640625 0.509765625 0.66796875 0.513671875 0.66796875 0.51953125 0.662109375 0.521484375 0.65625 0.5234375 0.63671875 0.52734375 0.62890625 0.52734375 0.6171875 0.53125 0.609375 0.5390625 0.603515625 0.544921875 0.603515625 0.546875 0.60546875
6 0.46484375 0.759765625 0.498046875 0.759765625 0.513671875 0.765625 0.513671875 0.806640625 0.5 0.802734375 0.474609375 0.8046875 0.47265625 0.802734375 0.46484375 0.802734375 0.46484375 0.76171875
10 0.6462890625 0.55687933984375 0.6337890625 0.523546005859375 0.6126953125 0.52632378515625 0.5986328125 0.53882378515625 0.5923828125 0.554101560546875 0.5908203125 0.586046005859375 0.5931640625 0.6041015625 0.6001953125 0.6235460078125 0.6064453125 0.627712673828125 0.6095703125 0.6416015625 0.6095703125 0.656879341796875 0.6064453125 0.6610460078125 0.5955078125 0.656879341796875 0.5978515625 0.669379341796875 0.5900390625 0.68326823046875 0.5931640625 0.692990451171875 0.6064453125 0.692990451171875 0.6361328125 0.677712673828125 0.650390625 0.6577017109375 0.650390625 0.6501085078125 0.6494140625 0.638823783203125 0.6439453125 0.63187933984375 0.6494140625 0.59299044921875 0.6462890625 0.55687933984375
1 0.376779513671875 0.445290798828125 0.3934461796875 0.455447048828125 0.408203125 0.456369357421875 0.408203125 0.41695653515625 0.34066840234375 0.389822048828125 0.33984375 0.389855181640625 0.33984375 0.430528642578125 0.376779513671875 0.445290798828125
7 0.60729594921875 0.689453125 0.60707484765625 0.689453125 0.5845703125 0.708767359375 0.583984375 0.727517359375 0.583984375 0.73409143359375 0.5955078125 0.7532118046875 0.6111328125 0.74904513671875 0.621098634765625 0.755859375 0.62135009765625 0.755859375 0.625 0.7480729140625 0.625 0.726267361328125 0.6212890625 0.7157118046875 0.60729594921875 0.689453125
4 0.564453125 0.492981080078125 0.564453125 0.454984595703125 0.521484375 0.45025569921875 0.521484375 0.485069443359375 0.563845486328125 0.49301215234375 0.564453125 0.492981080078125
3 0.41391058984375 0.06848958203125 0.4041883671875 0.07708333203125 0.362521701171875 0.06770833203125 0.337521701171875 0.05598958203125 0.284743923828125 0.05364583203125 0.28335503515625 0.05911458203125 0.2916883671875 0.06380208203125 0.327799478515625 0.07473958203125 0.359743923828125 0.09036458203125 0.3736328125 0.10052083203125 0.387521701171875 0.12005208203125 0.431966146484375 0.14348958203125 0.477799478515625 0.18880208203125 0.481966146484375 0.20442708203125 0.494140625 0.2112752265625 0.494140625 0.0052336171875 0.477799478515625 0.01770833203125 0.477799478515625 0.04270833203125 0.4680772578125 0.05598958203125 0.41391058984375 0.06848958203125
12 0.259765625 0.22415364453125 0.259765625 0.589933267578125 0.2671006953125 0.59680989453125 0.261545138671875 0.60618489453125 0.259765625 0.605974162109375 0.259765625 0.665115115234375 0.2907118046875 0.66321614453125 0.72265625 0.635448287109375 0.72265625 0.25427864453125 0.3046006953125 0.223372396484375 0.27265625 0.227278646484375 0.26293402734375 0.22415364453125 0.259765625 0.22415364453125
8 0.40234375 0.6875 0.421875 0.6875 0.43359375 0.69140625 0.443359375 0.69140625 0.443359375 0.728515625 0.41796875 0.728515625 0.408203125 0.724609375 0.40234375 0.71875 0.40234375 0.689453125