12 0.724609375 0.362395833984375 0.72183159765625 0.36217448046875 0.26171875 0.33293001953125 0.26171875 0.773074978515625 0.724609375 0.74459635546875 0.724609375 0.362395833984375
10 0.430819630859375 0.326171875 0.436669921875 0.326171875 0.4388671875 0.325390625 0.44140625 0.309592013671875 0.44140625 0.2762586796875 0.4404296875 0.226779513671875 0.4201171875 0.11566840234375 0.4115234375 0.09761284765625 0.3958984375 0.099001736328125 0.388671875 0.1298350703125 0.388671875 0.1417100703125 0.3896484375 0.1573350703125 0.4076171875 0.224001736328125 0.4240234375 0.2684461796875 0.430819630859375 0.326171875
5 0.564453125 0.3133131640625 0.564453125 0.30512826171875 0.539453125 0.30609808984375 0.5213975703125 0.31781683984375 0.50390625 0.3227362734375 0.50390625 0.362742783203125 0.50473090234375 0.36312933984375 0.522786458984375 0.36391058984375 0.564453125 0.354014755859375 0.564453125 0.3172194140625 0.5575086796875 0.31469183984375 0.564453125 0.3133131640625
0 0.525390625 0.581050689453125 0.525390625 0.499127537109375 0.5164930546875 0.494748263671875 0.481770833984375 0.487717013671875 0.456770833984375 0.489279513671875 0.423828125 0.497119244140625 0.423828125 0.57755008203125 0.4303819453125 0.581467013671875 0.459548611328125 0.588498263671875 0.4914930546875 0.589279513671875 0.522048611328125 0.583029513671875 0.525390625 0.581050689453125
2 0.411653646484375 0.55327691015625 0.3852647578125 0.55405816015625 0.341796875 0.567811669921875 0.341796875 0.62492859375 0.3477647578125 0.62749566015625 0.374153646484375 0.62905816015625 0.394986978515625 0.62515191015625 0.41796875 0.61330193359375 0.41796875 0.554934625 0.411653646484375 0.55327691015625
4 0.5216796875 0.514583333984375 0.5333984375 0.5756944453125 0.536962890625 0.58203125 0.55089111328125 0.58203125 0.5583984375 0.57847222265625 0.5646484375 0.56875 0.5662109375 0.556250001953125 0.5615234375 0.535416666015625 0.5599609375 0.507638890625 0.5537109375 0.486805556640625 0.5466796875 0.47847222265625 0.5279296875 0.48541666796875 0.5216796875 0.5006944453125 0.5216796875 0.514583333984375
6 0.6328125 0.53329441015625 0.595703125 0.532900560546875 0.595703125 0.56833665625 0.62016058984375 0.570247396484375 0.6328125 0.569720234375 0.6328125 0.53329441015625
1 0.5955078125 0.4629774296875 0.607820638671875 0.470703125 0.60927734375 0.470703125 0.6166015625 0.461588541015625 0.6181640625 0.4504774296875 0.6158203125 0.383810763671875 0.6189453125 0.35325520703125 0.6126953125 0.326866318359375 0.6048828125 0.317144095703125 0.5986328125 0.31575520703125 0.5869140625 0.331032984375 0.5869140625 0.436588541015625 0.5955078125 0.4629774296875
9 0.431640625 0.385319009765625 0.431640625 0.41318359375 0.4542100703125 0.415299478515625 0.46484375 0.41250813671875 0.46484375 0.382445125 0.46254340234375 0.381705728515625 0.44448784765625 0.381705728515625 0.431640625 0.385319009765625
7 0.41391058984375 0.359678818359375 0.3791883671875 0.3651475703125 0.37109375 0.369473130859375 0.37109375 0.39844428125 0.37641058984375 0.403428818359375 0.38891058984375 0.401866318359375 0.4041883671875 0.394053818359375 0.4140625 0.39127671875 0.4140625 0.35982342578125 0.41391058984375 0.359678818359375
11 0.346462673828125 0.474934896484375 0.380859375 0.46360915234375 0.380859375 0.42776625 0.371462673828125 0.428059896484375 0.33203125 0.44390287890625 0.33203125 0.4757466640625 0.346462673828125 0.474934896484375
8 0.6015625 0.16411072265625 0.59609375 0.155468748046875 0.5828125 0.15269097265625 0.56953125 0.16796875 0.56796875 0.188802083984375 0.57421875 0.25269097265625 0.58085123828125 0.259765625 0.584863279296875 0.259765625 0.59765625 0.254079859375 0.6015625 0.243167162109375 0.6015625 0.16411072265625
3 0.402799478515625 0.68430989453125 0.38335503515625 0.71165364453125 0.372243923828125 0.72259114453125 0.37109375 0.723039048828125 0.37109375 0.794971328125 0.3805772578125 0.80071614453125 0.4430772578125 0.78430989453125 0.4680772578125 0.76790364453125 0.48891058984375 0.76009114453125 0.505859375 0.75614616796875 0.505859375 0.740737767578125 0.45835503515625 0.74837239453125 0.427799478515625 0.73118489453125 0.409743923828125 0.72571614453125 0.409743923828125 0.71009114453125 0.422243923828125 0.69602864453125 0.422243923828125 0.68665364453125 0.415299478515625 0.66868489453125 0.40835503515625 0.66555989453125 0.402799478515625 0.67180989453125 0.402799478515625 0.68430989453125