10 0.387109375 0.154275173828125 0.411328125 0.2431640625 0.416796875 0.25149739453125 0.426953125 0.320941841796875 0.42989501953125 0.326171875 0.435760498046875 0.326171875 0.439453125 0.320545015625 0.439453125 0.260293693359375 0.438671875 0.23483073046875 0.433984375 0.198719619140625 0.416015625 0.107052953125 0.408203125 0.09594183984375 0.396484375 0.09594183984375 0.391015625 0.101497396484375 0.387890625 0.113997396484375 0.387109375 0.154275173828125
5 0.564453125 0.321302416015625 0.560286458984375 0.32094183984375 0.5575086796875 0.31469183984375 0.564453125 0.3133131640625 0.564453125 0.30512826171875 0.539453125 0.30609808984375 0.5213975703125 0.31781683984375 0.50390625 0.3227362734375 0.50390625 0.362742783203125 0.50473090234375 0.36312933984375 0.52417534765625 0.36391058984375 0.564453125 0.354127208984375 0.564453125 0.321302416015625
0 0.4251953125 0.534895833984375 0.4353515625 0.593229166015625 0.4509765625 0.615451388671875 0.461027017578125 0.62109375 0.486147837890625 0.62109375 0.5064453125 0.60434027734375 0.5197265625 0.580729166015625 0.5234375 0.564236111328125 0.5234375 0.504489087890625 0.5205078125 0.49184027734375 0.5056640625 0.46684027734375 0.4970703125 0.46684027734375 0.4876953125 0.45434027734375 0.4619140625 0.458506943359375 0.4423828125 0.4765625 0.4322265625 0.497395833984375 0.4251953125 0.534895833984375
2 0.3595703125 0.6348524296875 0.3712890625 0.655685765625 0.3778271484375 0.66015625 0.39257812109375 0.66015625 0.4001953125 0.658463541015625 0.4080078125 0.650130208984375 0.41796875 0.626973158203125 0.41796875 0.591796875 0.4150390625 0.57790798828125 0.3900390625 0.529296875 0.3767578125 0.52096354296875 0.3673828125 0.522352431640625 0.3486328125 0.543185763671875 0.3439453125 0.56401909765625 0.3455078125 0.591796875 0.3595703125 0.6348524296875
6 0.595703125 0.5715333046875 0.6328125 0.571927154296875 0.6328125 0.53886990234375 0.61011284765625 0.53461371484375 0.595703125 0.5358056953125 0.595703125 0.5715333046875
11 0.3623046875 0.406879341796875 0.3349609375 0.4110460078125 0.3333984375 0.4360460078125 0.357195767578125 0.49609375 0.372692873046875 0.49609375 0.380859375 0.49125433984375 0.380859375 0.46323061328125 0.3623046875 0.406879341796875
1 0.6134765625 0.46341145703125 0.6171875 0.4558717734375 0.6171875 0.418967013671875 0.6166015625 0.40785590234375 0.6171875 0.38598090234375 0.6171875 0.346523830078125 0.6095703125 0.3231336796875 0.5962890625 0.314800345703125 0.5884765625 0.324522568359375 0.5869140625 0.3356336796875 0.5861328125 0.434244791015625 0.5931640625 0.462022568359375 0.6017578125 0.47035590234375 0.6134765625 0.46341145703125
8 0.59296875 0.258246529296875 0.6015625 0.245515048828125 0.6015625 0.166171365234375 0.58984375 0.15269097265625 0.578125 0.155468748046875 0.57109375 0.163802083984375 0.56796875 0.188802083984375 0.571875 0.247135416015625 0.5818212890625 0.259765625 0.58741455078125 0.259765625 0.59296875 0.258246529296875
9 0.431640625 0.3838667109375 0.431640625 0.412390328125 0.4583984375 0.413823783203125 0.46484375 0.411846244140625 0.46484375 0.381776935546875 0.4403428828125 0.381011283203125 0.431640625 0.3838667109375
7 0.3982421875 0.360460068359375 0.37109375 0.368789705078125 0.37109375 0.39927232421875 0.37601996484375 0.403428818359375 0.381575521484375 0.403428818359375 0.4140625 0.392986576171875 0.4140625 0.36109570703125 0.3982421875 0.360460068359375
4 0.551640625 0.58203125 0.560546875 0.577083333984375 0.564453125 0.570138888671875 0.564453125 0.5475694453125 0.557421875 0.492361109375 0.548046875 0.47847222265625 0.529296875 0.48541666796875 0.523046875 0.5006944453125 0.523046875 0.5131944453125 0.535546875 0.57847222265625 0.5435546875 0.58203125 0.551640625 0.58203125
12 0.447829861328125 0.76315104296875 0.46449652734375 0.75924479296875 0.528385416015625 0.75846354296875 0.5547743046875 0.75377604296875 0.64921875 0.748307291015625 0.663107638671875 0.744401041015625 0.6936631953125 0.74518229296875 0.71171875 0.73971354296875 0.7265625 0.741502744140625 0.7265625 0.3663320234375 0.3297743046875 0.33815104296875 0.26171875 0.33396730078125 0.26171875 0.77401354296875 0.2811631953125 0.77252604296875 0.29644097265625 0.77330729296875 0.310329861328125 0.77877604296875 0.33394097265625 0.76940104296875 0.447829861328125 0.76315104296875
3 0.4033203125 0.491514755859375 0.3900390625 0.48179253515625 0.3791015625 0.458181423828125 0.3541015625 0.448459201171875 0.3517578125 0.460959201171875 0.3548828125 0.46929253515625 0.3658203125 0.48179253515625 0.3814453125 0.510959201171875 0.3869140625 0.548459201171875 0.406434009765625 0.5859375 0.410804966796875 0.5859375 0.4166015625 0.56790364453125 0.4291015625 0.554014755859375 0.4447265625 0.5526258671875 0.4634765625 0.5651258671875 0.4666015625 0.53734808984375 0.4658203125 0.46929253515625 0.474609375 0.440646701171875 0.474609375 0.424153646484375 0.4744140625 0.41929253515625 0.4705078125 0.41790364453125 0.4564453125 0.43179253515625 0.4509765625 0.44429253515625 0.4501953125 0.45540364453125 0.4361328125 0.4776258671875 0.4150390625 0.48040364453125 0.4033203125 0.491514755859375