10 0.387109375 0.154275173828125 0.411328125 0.2431640625 0.416796875 0.25149739453125 0.426953125 0.320941841796875 0.42989501953125 0.326171875 0.435760498046875 0.326171875 0.439453125 0.320545015625 0.439453125 0.260293693359375 0.438671875 0.23483073046875 0.433984375 0.198719619140625 0.416015625 0.107052953125 0.408203125 0.09594183984375 0.396484375 0.09594183984375 0.391015625 0.101497396484375 0.387890625 0.113997396484375 0.387109375 0.154275173828125
5 0.564453125 0.321302416015625 0.560286458984375 0.32094183984375 0.5575086796875 0.31469183984375 0.564453125 0.3133131640625 0.564453125 0.30512826171875 0.539453125 0.30609808984375 0.5213975703125 0.31781683984375 0.50390625 0.3227362734375 0.50390625 0.362742783203125 0.50473090234375 0.36312933984375 0.52417534765625 0.36391058984375 0.564453125 0.354127208984375 0.564453125 0.321302416015625
0 0.4713975703125 0.589084201171875 0.5234375 0.580023677734375 0.5234375 0.498044162109375 0.51723090234375 0.494552951171875 0.489453125 0.488302951171875 0.451953125 0.488302951171875 0.428342013671875 0.493771701171875 0.423828125 0.496451822265625 0.423828125 0.57714409765625 0.4338975703125 0.582052951171875 0.4713975703125 0.589084201171875
2 0.41796875 0.613457962890625 0.41796875 0.555924478515625 0.4092881953125 0.553971353515625 0.381510416015625 0.55553385546875 0.341796875 0.56850480859375 0.341796875 0.6260431015625 0.3467881953125 0.628190103515625 0.373177083984375 0.62975260546875 0.3953993046875 0.62506510546875 0.41796875 0.613457962890625
6 0.6302734375 0.612456599609375 0.6328125 0.598914931640625 0.6328125 0.5065538203125 0.6310546875 0.4971788203125 0.6218994140625 0.486328125 0.6194824296875 0.486328125 0.6099609375 0.487456599609375 0.6021484375 0.502734375 0.6021484375 0.5332899296875 0.5974609375 0.558289931640625 0.6013671875 0.60551215234375 0.609033203125 0.619140625 0.6242578125 0.619140625 0.6302734375 0.612456599609375
11 0.33203125 0.44171509765625 0.33203125 0.476254611328125 0.342165798828125 0.476888021484375 0.380859375 0.461553494140625 0.380859375 0.42858544140625 0.369943576171875 0.429231771484375 0.33203125 0.44171509765625
1 0.607430013671875 0.470703125 0.60888671875 0.470703125 0.6162109375 0.461588541015625 0.6171875 0.454644095703125 0.6171875 0.346465083984375 0.6115234375 0.324088541015625 0.6029296875 0.31575520703125 0.5912109375 0.32269965234375 0.5857421875 0.333810763671875 0.5880859375 0.37825520703125 0.5865234375 0.436588541015625 0.5951171875 0.4629774296875 0.607430013671875 0.470703125
8 0.56640625 0.245920140625 0.578442380859375 0.259765625 0.585729986328125 0.259765625 0.59140625 0.258420140625 0.5984375 0.2500868046875 0.6015625 0.225086806640625 0.59765625 0.16675347265625 0.58671875 0.152864583984375 0.5765625 0.155642359375 0.5671875 0.169531248046875 0.56640625 0.245920140625
9 0.454927060546875 0.42578125 0.4634765625 0.41642794921875 0.46484375 0.3909071171875 0.46484375 0.386624708984375 0.4603515625 0.371983505859375 0.4541015625 0.36642794921875 0.4431640625 0.36642794921875 0.4330078125 0.380316837890625 0.4322265625 0.405316837890625 0.4376953125 0.421983505859375 0.44837646875 0.42578125 0.454927060546875 0.42578125
7 0.40913628515625 0.360460068359375 0.403580728515625 0.360460068359375 0.37109375 0.370902310546875 0.37109375 0.402793181640625 0.3869140625 0.403428818359375 0.4140625 0.39509918359375 0.4140625 0.3646165625 0.40913628515625 0.360460068359375
4 0.559765625 0.5756944453125 0.564453125 0.56423611328125 0.564453125 0.5397569453125 0.553515625 0.482638890625 0.541015625 0.477083333984375 0.528515625 0.484027779296875 0.522265625 0.495138890625 0.531640625 0.568750001953125 0.540605466796875 0.58203125 0.54265625390625 0.58203125 0.559765625 0.5756944453125
12 0.724609375 0.11440972265625 0.317578125 0.113020833984375 0.262109375 0.118576388671875 0.262890625 0.1671875 0.276171875 0.34079861328125 0.275390625 0.356076390625 0.269921875 0.369965279296875 0.279296875 0.393576390625 0.285546875 0.507465279296875 0.289453125 0.5241319453125 0.290234375 0.58802083203125 0.294921875 0.61440972265625 0.300390625 0.70885416796875 0.304296875 0.7227430546875 0.303515625 0.75329861328125 0.308984375 0.77135416796875 0.306640625 0.79079861328125 0.309765625 0.872743056640625 0.312890625 0.881076390625 0.311328125 0.9102430546875 0.317578125 0.9921875 0.3186767578125 0.994140625 0.344375884765625 0.994140625 0.396484375 0.981076388671875 0.423828125 0.98246527734375 0.638671875 0.954687501953125 0.654296875 0.95190972265625 0.671484375 0.93940972265625 0.710546875 0.38940972265625 0.726171875 0.135243056640625 0.724609375 0.11440972265625
3 0.4952256953125 0.298676216796875 0.4938368046875 0.292426216796875 0.47855902734375 0.292426216796875 0.43828125 0.31742621484375 0.404947916015625 0.32133246484375 0.388671875 0.328961859375 0.388671875 0.346552193359375 0.3938368046875 0.349457466796875 0.399392361328125 0.36039496484375 0.3952256953125 0.37914496484375 0.388671875 0.38344591015625 0.388671875 0.38661566796875 0.389670138671875 0.38773871484375 0.41605902734375 0.39164496484375 0.44800347265625 0.389301216796875 0.4813368046875 0.396332466796875 0.48828125 0.401019966796875 0.49609375 0.40068192578125 0.49609375 0.384393986328125 0.4952256953125 0.38305121484375 0.474392361328125 0.376801216796875 0.46050347265625 0.365082466796875 0.46050347265625 0.34476996484375 0.454947916015625 0.338519966796875 0.461892361328125 0.322894966796875 0.48550347265625 0.315082466796875 0.4952256953125 0.298676216796875