10 0.388671875 0.1887803828125 0.393359375 0.224891494140625 0.411328125 0.316558158203125 0.418087767578125 0.326171875 0.432333375 0.326171875 0.436328125 0.322113716796875 0.439453125 0.30961371484375 0.439453125 0.266468556640625 0.416015625 0.180447048828125 0.410546875 0.172113716796875 0.400390625 0.102669271484375 0.396484375 0.095724828125 0.391796875 0.097113716796875 0.386328125 0.105447048828125 0.386328125 0.112391494140625 0.388671875 0.1887803828125
5 0.5197265625 0.34856770703125 0.5291015625 0.381901041015625 0.53748046875 0.388671875 0.54884765625 0.388671875 0.5572265625 0.381901041015625 0.564453125 0.366484375 0.564453125 0.340161275390625 0.5509765625 0.284678818359375 0.5441650390625 0.279296875 0.542480466796875 0.279296875 0.5322265625 0.28051215234375 0.5244140625 0.291623263671875 0.5228515625 0.309678818359375 0.5166015625 0.31245659765625 0.5119140625 0.288845486328125 0.5064453125 0.290234375 0.5080078125 0.33051215234375 0.5197265625 0.34856770703125
0 0.4248046875 0.562326388671875 0.4302734375 0.5859375 0.4451171875 0.6109375 0.4537109375 0.6109375 0.461328125 0.62109375 0.477587892578125 0.62109375 0.4888671875 0.619270833984375 0.5083984375 0.60121527734375 0.5185546875 0.580381943359375 0.5234375 0.55434027734375 0.5234375 0.53054219921875 0.5154296875 0.484548611328125 0.4998046875 0.462326388671875 0.4849609375 0.4539930546875 0.4662109375 0.455381943359375 0.4443359375 0.4734375 0.4310546875 0.497048611328125 0.4248046875 0.524826388671875 0.4248046875 0.562326388671875
2 0.3435546875 0.583203126953125 0.3482421875 0.60542534765625 0.3732421875 0.654036458984375 0.38299560546875 0.66015625 0.396640625 0.66015625 0.4146484375 0.6401475703125 0.41796875 0.625390625 0.41796875 0.595008681640625 0.4177734375 0.591536458984375 0.4037109375 0.548480904296875 0.3919921875 0.527647568359375 0.3818359375 0.520703126953125 0.3630859375 0.52486979296875 0.3552734375 0.533203125 0.3451171875 0.556814236328125 0.3435546875 0.583203126953125
6 0.595703125 0.5715333046875 0.6328125 0.571927154296875 0.6328125 0.53886990234375 0.61011284765625 0.53461371484375 0.595703125 0.5358056953125 0.595703125 0.5715333046875
11 0.33203125 0.44400644140625 0.33203125 0.475789388671875 0.346462673828125 0.474934896484375 0.380859375 0.46360915234375 0.380859375 0.427692330078125 0.374240451171875 0.427278646484375 0.33203125 0.44400644140625
1 0.58754340234375 0.4073133671875 0.6171875 0.40810740625 0.6171875 0.377288541015625 0.583984375 0.37702548828125 0.583984375 0.40750105078125 0.58754340234375 0.4073133671875
8 0.59296875 0.258246529296875 0.6015625 0.245515048828125 0.6015625 0.166171365234375 0.58984375 0.15269097265625 0.578125 0.155468748046875 0.57109375 0.163802083984375 0.56796875 0.188802083984375 0.571875 0.247135416015625 0.5818212890625 0.259765625 0.58741455078125 0.259765625 0.59296875 0.258246529296875
9 0.440258791015625 0.42578125 0.455345458984375 0.42578125 0.4638671875 0.414127603515625 0.4646484375 0.389127603515625 0.4591796875 0.372460935546875 0.4435546875 0.366905380859375 0.4333984375 0.3780164921875 0.4318359375 0.407183158203125 0.4365234375 0.422460935546875 0.440258791015625 0.42578125
7 0.4140625 0.398502603515625 0.4140625 0.392947046875 0.3984375 0.344335935546875 0.39296875 0.34016926953125 0.371875 0.356835935546875 0.37109375 0.376280380859375 0.38046875 0.406835935546875 0.390625 0.42350260546875 0.4 0.41516926953125 0.4140625 0.398502603515625
4 0.527170138671875 0.552039931640625 0.564453125 0.54490063671875 0.564453125 0.51026332421875 0.521484375 0.5157357578125 0.521484375 0.552039931640625 0.527170138671875 0.552039931640625
12 0.4342881953125 0.35455729296875 0.33984375 0.36002604296875 0.325954861328125 0.36393229296875 0.2953993046875 0.36315104296875 0.27734375 0.36861979296875 0.26171875 0.366736421875 0.26171875 0.741945826171875 0.6592881953125 0.77018229296875 0.7265625 0.7743180078125 0.7265625 0.33437955859375 0.7078993046875 0.33580729296875 0.69262152734375 0.33502604296875 0.678732638671875 0.32955729296875 0.65512152734375 0.33893229296875 0.541232638671875 0.34518229296875 0.52456597265625 0.34908854296875 0.460677083984375 0.349869791015625 0.4342881953125 0.35455729296875
3 0.5546875 0.73226996484375 0.5515625 0.714214408203125 0.540625 0.711436630859375 0.5078125 0.6850477421875 0.49609375 0.655881076171875 0.46484375 0.6294921875 0.46328125 0.6475477421875 0.45 0.683658853515625 0.4390625 0.693381076171875 0.4234375 0.6919921875 0.421875 0.70032551953125 0.43046875 0.74476996484375 0.44609375 0.7850477421875 0.44375 0.811436630859375 0.44736046484375 0.828125 0.451422119140625 0.828125 0.4625 0.8044921875 0.46171875 0.7794921875 0.46640625 0.755881076171875 0.48515625 0.7419921875 0.490625 0.7294921875 0.51015625 0.723936630859375 0.52578125 0.739214408203125 0.5546875 0.73226996484375