0 0.4228515625 0.37309027734375 0.4126953125 0.406423609375 0.4134765625 0.434201390625 0.4189453125 0.456423609375 0.4322265625 0.480034720703125 0.4440266953125 0.486328125 0.468230326171875 0.486328125 0.4861328125 0.47864583203125 0.5048828125 0.446701388671875 0.509765625 0.42686012109375 0.509765625 0.393807869140625 0.5064453125 0.380034720703125 0.4806640625 0.368923611328125 0.4759765625 0.357812498046875 0.4759765625 0.345312498046875 0.4720703125 0.3397569453125 0.4595703125 0.3397569453125 0.4376953125 0.3508680546875 0.4228515625 0.37309027734375
7 0.4283203125 0.763368056640625 0.443359375 0.757325576171875 0.443359375 0.724898818359375 0.436653646484375 0.719618056640625 0.4213758671875 0.721961806640625 0.3977647578125 0.732899306640625 0.396484375 0.733187392578125 0.396484375 0.7586401796875 0.40609808984375 0.765711806640625 0.4102647578125 0.767274306640625 0.4283203125 0.763368056640625
8 0.3642578125 0.355403646484375 0.39453125 0.34554486328125 0.39453125 0.310920373046875 0.349609375 0.318559703125 0.349609375 0.355403646484375 0.3642578125 0.355403646484375
11 0.37406683984375 0.4243055546875 0.342122396484375 0.4336805546875 0.32421875 0.4434040859375 0.32421875 0.468774927734375 0.3643446171875 0.4524305546875 0.375 0.446658888671875 0.375 0.423675671875 0.37406683984375 0.4243055546875
2 0.5701171875 0.296809896484375 0.5716796875 0.334309896484375 0.5771484375 0.346809896484375 0.5857421875 0.3565321171875 0.6044921875 0.359309896484375 0.6154296875 0.3509765625 0.625 0.3315321171875 0.625 0.22882378515625 0.6232421875 0.22319878515625 0.6146484375 0.209309896484375 0.6083984375 0.2065321171875 0.5982421875 0.205143228515625 0.5841796875 0.212087673828125 0.5779296875 0.22319878515625 0.5724609375 0.242643228515625 0.5701171875 0.296809896484375
6 0.511328125 0.303927951171875 0.51953125 0.28536734375 0.51953125 0.262955728515625 0.519140625 0.241427951171875 0.506640625 0.163650173828125 0.4976904296875 0.150390625 0.49537760546875 0.150390625 0.484765625 0.153927951171875 0.48046875 0.16538628515625 0.48046875 0.184483505859375 0.488671875 0.271983505859375 0.499609375 0.296983505859375 0.506109619140625 0.3046875 0.508764646484375 0.3046875 0.511328125 0.303927951171875
4 0.550634765625 0.58203125 0.563671875 0.574305556640625 0.564453125 0.571875 0.564453125 0.533017677734375 0.557421875 0.49097222265625 0.548046875 0.47847222265625 0.528515625 0.486805556640625 0.523828125 0.49791666796875 0.523046875 0.5131944453125 0.534765625 0.5756944453125 0.538330078125 0.58203125 0.550634765625 0.58203125
10 0.38125 0.47172308984375 0.39140625 0.480056421875 0.39375 0.48977864453125 0.4 0.48422308984375 0.4109375 0.48977864453125 0.40703125 0.535611978515625 0.4171875 0.567556421875 0.4328125 0.567556421875 0.45057705859375 0.58203125 0.4569023984375 0.58203125 0.46640625 0.570334201171875 0.465625 0.52727864453125 0.446875 0.478667533203125 0.44375 0.460611978515625 0.415625 0.45227864453125 0.390625 0.455056421875 0.38203125 0.4620008671875 0.38125 0.47172308984375
1 0.4146484375 0.60123698046875 0.4154296875 0.580403646484375 0.4037109375 0.560959201171875 0.3919921875 0.5165147578125 0.3810546875 0.49984808984375 0.371903482421875 0.49609375 0.370846896484375 0.49609375 0.3662109375 0.533181423828125 0.3560546875 0.54984808984375 0.3693359375 0.577625869140625 0.3740234375 0.598459201171875 0.398611111328125 0.623046875 0.400067138671875 0.623046875 0.4060546875 0.620681423828125 0.4146484375 0.60123698046875
5 0.40390625 0.626280380859375 0.4265625 0.66516926953125 0.43084717578125 0.666015625 0.44225463671875 0.666015625 0.45234375 0.654058158203125 0.453125 0.64572482421875 0.453125 0.623502603515625 0.44921875 0.60961371484375 0.4484375 0.592947046875 0.44140625 0.576280380859375 0.4328125 0.567947046875 0.4203125 0.5693359375 0.4109375 0.579058158203125 0.4046875 0.5943359375 0.40390625 0.626280380859375
9 0.53515625 0.747417744140625 0.53515625 0.715519205078125 0.5294053828125 0.7125 0.498849826171875 0.71328125 0.49609375 0.715296630859375 0.49609375 0.746241251953125 0.498849826171875 0.7484375 0.51273871484375 0.75078125 0.53218316015625 0.74921875 0.53515625 0.747417744140625
3 0.3354383671875 0.90026041796875 0.371549478515625 0.89244791796875 0.38266058984375 0.90026041796875 0.4173828125 0.90885416796875 0.42710503515625 0.90572916796875 0.431640625 0.908644904296875 0.431640625 0.8239268828125 0.41460503515625 0.81822916796875 0.3604383671875 0.84635416796875 0.331271701171875 0.87682291796875 0.2979383671875 0.89401041796875 0.283203125 0.89847349609375 0.283203125 0.914224619140625 0.306271701171875 0.91354166796875 0.3354383671875 0.90026041796875
12 0.417643228515625 0.3432508671875 0.26171875 0.333943130859375 0.26171875 0.776838982421875 0.3065321171875 0.7760633671875 0.542643228515625 0.7565321171875 0.728515625 0.74550650390625 0.728515625 0.364575955078125 0.417643228515625 0.3432508671875