11 0.4140625 0.353515625 0.423828125 0.349609375 0.435546875 0.353515625 0.447265625 0.365234375 0.494140625 0.396484375 0.494140625 0.42578125 0.4921875 0.427734375 0.4765625 0.427734375 0.466796875 0.423828125 0.455078125 0.412109375 0.443359375 0.40625 0.4375 0.400390625 0.423828125 0.392578125 0.421875 0.388671875 0.41796875 0.388671875 0.4140625 0.384765625 0.4140625 0.35546875
2 0.494140625 0.330078125 0.548828125 0.330078125 0.55078125 0.33203125 0.55859375 0.33203125 0.55859375 0.392578125 0.521484375 0.392578125 0.513671875 0.388671875 0.505859375 0.388671875 0.494140625 0.384765625 0.494140625 0.33203125
0 0.4765625 0.513671875 0.484375 0.517578125 0.49609375 0.53125 0.5078125 0.556640625 0.5078125 0.564453125 0.509765625 0.56640625 0.509765625 0.61328125 0.5078125 0.615234375 0.5078125 0.62109375 0.498046875 0.640625 0.484375 0.654296875 0.478515625 0.654296875 0.4765625 0.65625 0.45703125 0.65625 0.443359375 0.650390625 0.427734375 0.630859375 0.416015625 0.599609375 0.416015625 0.560546875 0.419921875 0.55078125 0.419921875 0.54296875 0.431640625 0.521484375 0.443359375 0.51171875 0.47265625 0.51171875 0.474609375 0.513671875
5 0.548828125 0.60546875 0.5546875 0.611328125 0.55859375 0.623046875 0.55859375 0.69140625 0.552734375 0.705078125 0.546875 0.7109375 0.53125 0.7109375 0.5234375 0.703125 0.517578125 0.69140625 0.51171875 0.69140625 0.50390625 0.6875 0.50390625 0.669921875 0.501953125 0.66796875 0.50390625 0.64453125 0.505859375 0.64453125 0.505859375 0.6640625 0.509765625 0.66796875 0.513671875 0.66796875 0.51953125 0.662109375 0.521484375 0.65625 0.5234375 0.63671875 0.52734375 0.62890625 0.52734375 0.6171875 0.53125 0.609375 0.5390625 0.603515625 0.544921875 0.603515625 0.546875 0.60546875
6 0.46484375 0.759765625 0.470703125 0.759765625 0.48046875 0.763671875 0.4921875 0.763671875 0.494140625 0.76171875 0.513671875 0.763671875 0.513671875 0.80859375 0.490234375 0.80859375 0.46484375 0.80078125 0.46484375 0.76171875
10 0.6462890625 0.55687933984375 0.6337890625 0.523546005859375 0.6126953125 0.52632378515625 0.5986328125 0.53882378515625 0.5923828125 0.554101560546875 0.5908203125 0.586046005859375 0.5931640625 0.6041015625 0.6001953125 0.6235460078125 0.6064453125 0.627712673828125 0.6095703125 0.6416015625 0.6095703125 0.656879341796875 0.6064453125 0.6610460078125 0.5955078125 0.656879341796875 0.5978515625 0.669379341796875 0.5900390625 0.68326823046875 0.5931640625 0.692990451171875 0.6064453125 0.692990451171875 0.6361328125 0.677712673828125 0.650390625 0.6577017109375 0.650390625 0.6501085078125 0.6494140625 0.638823783203125 0.6439453125 0.63187933984375 0.6494140625 0.59299044921875 0.6462890625 0.55687933984375
1 0.376779513671875 0.445290798828125 0.3934461796875 0.455447048828125 0.408203125 0.456369357421875 0.408203125 0.41695653515625 0.34066840234375 0.389822048828125 0.33984375 0.389855181640625 0.33984375 0.430528642578125 0.376779513671875 0.445290798828125
7 0.583984375 0.73382936328125 0.591623263671875 0.742730033203125 0.616623263671875 0.743511283203125 0.625 0.7384628046875 0.625 0.702105033203125 0.6096788203125 0.702105033203125 0.598567708984375 0.706011283203125 0.583984375 0.713782666015625 0.583984375 0.73382936328125
4 0.564453125 0.492455935546875 0.564453125 0.457400173828125 0.525217013671875 0.45004340234375 0.521484375 0.450234275390625 0.521484375 0.4877270390625 0.564453125 0.492455935546875
3 0.430078125 0.132009546875 0.421484375 0.12228732421875 0.430859375 0.080620658203125 0.442578125 0.05562066015625 0.444921875 0.002842880859375 0.4414184609375 0.001953125 0.43917236328125 0.001953125 0.434765625 0.00978732421875 0.423828125 0.0458984375 0.408203125 0.077842880859375 0.398046875 0.09173176953125 0.378515625 0.105620658203125 0.355078125 0.150065103515625 0.309765625 0.195898435546875 0.294140625 0.200065103515625 0.28582763671875 0.21484375 0.494140625 0.21484375 0.494140625 0.21329609765625 0.480859375 0.195898435546875 0.455859375 0.195898435546875 0.442578125 0.18617621484375 0.430078125 0.132009546875
12 0.4935546875 0.01857638671875 0.4787109375 0.02690972265625 0.4654296875 0.02690972265625 0.4490234375 0.050520833984375 0.4380859375 0.0546875 0.4029296875 0.121354166015625 0.3865234375 0.129687498046875 0.3724609375 0.1477430546875 0.3583984375 0.178298609375 0.3498046875 0.211631943359375 0.3419921875 0.21996527734375 0.3326171875 0.21440972265625 0.3357421875 0.18802083203125 0.3341796875 0.15746527734375 0.3458984375 0.1352430546875 0.3451171875 0.11996527734375 0.3537109375 0.096354166015625 0.3466796875 0.086631943359375 0.3458984375 0.0741319453125 0.3388671875 0.065798609375 0.3396484375 0.03802083203125 0.3216796875 0.02552083203125 0.3091796875 0.03246527734375 0.2935546875 0.024131943359375 0.2833984375 0.007465279296875 0.2646484375 0.00607638671875 0.2615234375 0.014409720703125 0.2755859375 0.24357638671875 0.3037109375 0.68107638671875 0.3169921875 0.840798609375 0.6693359375 0.88802083203125 0.6724609375 0.87552083203125 0.6794921875 0.74357638671875 0.7154296875 0.257465279296875 0.7115234375 0.22552083203125 0.7146484375 0.215798609375 0.7146484375 0.16857638671875 0.7177734375 0.149131943359375 0.7154296875 0.12552083203125 0.7193359375 0.124131943359375 0.72265625 0.078877314453125 0.72265625 0.010101009765625 0.7060546875 0.00607638671875 0.674072580078125 0.005859375 0.500708005859375 0.005859375 0.4935546875 0.01857638671875
8 0.40234375 0.6875 0.421875 0.6875 0.43359375 0.69140625 0.443359375 0.69140625 0.443359375 0.728515625 0.41796875 0.728515625 0.408203125 0.724609375 0.40234375 0.71875 0.40234375 0.689453125