0 0.4921875 0.537109375 0.509765625 0.54296875 0.509765625 0.619140625 0.498046875 0.623046875 0.494140625 0.626953125 0.48828125 0.626953125 0.478515625 0.630859375 0.439453125 0.630859375 0.4140625 0.623046875 0.4140625 0.548828125 0.4453125 0.537109375 0.490234375 0.537109375
5 0.548828125 0.60546875 0.5546875 0.611328125 0.55859375 0.623046875 0.55859375 0.662109375 0.556640625 0.6640625 0.55859375 0.666015625 0.55859375 0.69140625 0.552734375 0.705078125 0.546875 0.7109375 0.53125 0.7109375 0.5234375 0.703125 0.517578125 0.69140625 0.51171875 0.69140625 0.50390625 0.6875 0.50390625 0.669921875 0.501953125 0.66796875 0.50390625 0.662109375 0.50390625 0.64453125 0.505859375 0.64453125 0.505859375 0.6640625 0.509765625 0.66796875 0.517578125 0.6640625 0.5234375 0.6484375 0.5234375 0.63671875 0.52734375 0.626953125 0.52734375 0.6171875 0.53515625 0.60546875 0.5390625 0.603515625 0.544921875 0.603515625 0.546875 0.60546875
6 0.462890625 0.759765625 0.470703125 0.759765625 0.478515625 0.763671875 0.4921875 0.763671875 0.494140625 0.76171875 0.515625 0.763671875 0.515625 0.80859375 0.48828125 0.80859375 0.48046875 0.8046875 0.474609375 0.8046875 0.46875 0.80078125 0.462890625 0.80078125 0.462890625 0.76171875
1 0.41015625 0.418337673828125 0.342838541015625 0.390798611328125 0.33984375 0.390237087890625 0.33984375 0.431950955078125 0.3942274296875 0.456423611328125 0.41015625 0.457419162109375 0.41015625 0.418337673828125
10 0.590212673828125 0.637434896484375 0.595768228515625 0.631184896484375 0.6360460078125 0.637434896484375 0.650390625 0.636282203125 0.650390625 0.580342611328125 0.624934896484375 0.581184896484375 0.60687933984375 0.586653646484375 0.60132378515625 0.595247396484375 0.58984375 0.597526521484375 0.58984375 0.637469482421875 0.590212673828125 0.637434896484375
7 0.611979166015625 0.739409720703125 0.626953125 0.731430177734375 0.626953125 0.71151759375 0.6203125 0.703472220703125 0.599479166015625 0.701128470703125 0.583984375 0.708391654296875 0.583984375 0.743315970703125 0.6008680546875 0.743315970703125 0.611979166015625 0.739409720703125
12 0.30542534765625 0.221440970703125 0.281814236328125 0.22769097265625 0.262369791015625 0.22456597265625 0.26171875 0.224551611328125 0.26171875 0.66569324609375 0.4262586796875 0.65581597265625 0.72265625 0.6345966015625 0.72265625 0.255211861328125 0.6762586796875 0.252690970703125 0.597092013671875 0.244878470703125 0.39848090234375 0.23550347265625 0.374869791015625 0.230815970703125 0.36098090234375 0.23237847265625 0.30542534765625 0.221440970703125
4 0.521484375 0.450366091796875 0.521484375 0.485069443359375 0.563845486328125 0.49301215234375 0.564453125 0.492981080078125 0.564453125 0.455620423828125 0.521484375 0.450366091796875
3 0.35 0.084375 0.35859375 0.09409722265625 0.34921875 0.135763888671875 0.3375 0.157986111328125 0.33515625 0.213541666015625 0.3390625 0.216319443359375 0.3453125 0.20659722265625 0.35859375 0.1649305546875 0.38046875 0.1274305546875 0.39765625 0.116319443359375 0.4234375 0.070486111328125 0.47578125 0.020486111328125 0.48671875 0.016319443359375 0.494065162109375 0.001953125 0.4265990625 0.001953125 0.2875 0.003819443359375 0.2984375 0.020486111328125 0.325 0.020486111328125 0.34140625 0.03159722265625 0.34375 0.06215277734375 0.35 0.084375
2 0.537109375 0.291015625 0.55078125 0.3046875 0.55859375 0.32421875 0.55859375 0.3671875 0.55078125 0.392578125 0.55078125 0.40625 0.546875 0.412109375 0.546875 0.416015625 0.53515625 0.4296875 0.529296875 0.431640625 0.513671875 0.4296875 0.501953125 0.416015625 0.501953125 0.412109375 0.498046875 0.40625 0.498046875 0.3984375 0.49609375 0.396484375 0.49609375 0.337890625 0.505859375 0.302734375 0.513671875 0.294921875 0.521484375 0.291015625 0.53515625 0.291015625
8 0.40234375 0.6875 0.419921875 0.6875 0.421875 0.689453125 0.443359375 0.693359375 0.443359375 0.7265625 0.4296875 0.7265625 0.427734375 0.724609375 0.404296875 0.72265625 0.40234375 0.720703125 0.40234375 0.689453125
11 0.4375 0.353515625 0.44921875 0.365234375 0.494140625 0.396484375 0.494140625 0.4296875 0.478515625 0.4296875 0.47265625 0.427734375 0.453125 0.412109375 0.42578125 0.39453125 0.423828125 0.390625 0.419921875 0.390625 0.416015625 0.38671875 0.416015625 0.35546875 0.419921875 0.3515625 0.43359375 0.3515625 0.435546875 0.353515625