11 0.48046875 0.32421875 0.490234375 0.34375 0.490234375 0.34765625 0.494140625 0.3515625 0.494140625 0.3671875 0.4921875 0.373046875 0.482421875 0.38671875 0.478515625 0.388671875 0.47265625 0.400390625 0.466796875 0.40625 0.458984375 0.419921875 0.455078125 0.421875 0.455078125 0.42578125 0.435546875 0.453125 0.431640625 0.453125 0.4296875 0.4453125 0.41796875 0.42578125 0.416015625 0.419921875 0.41796875 0.412109375 0.427734375 0.3984375 0.431640625 0.396484375 0.462890625 0.3515625 0.46484375 0.345703125 0.4765625 0.333984375 0.478515625 0.326171875
2 0.52734375 0.3623046875 0.06640625 0.14208984375
0 0.4921875 0.537109375 0.509765625 0.54296875 0.509765625 0.619140625 0.478515625 0.630859375 0.439453125 0.630859375 0.4296875 0.626953125 0.421875 0.626953125 0.4140625 0.623046875 0.4140625 0.548828125 0.421875 0.546875 0.42578125 0.54296875 0.4296875 0.54296875 0.435546875 0.5390625 0.443359375 0.5390625 0.4453125 0.537109375 0.490234375 0.537109375
5 0.501953125 0.62890625 0.55859375 0.62890625 0.55859375 0.68359375 0.544921875 0.68359375 0.54296875 0.685546875 0.51953125 0.68359375 0.51953125 0.681640625 0.5390625 0.681640625 0.54296875 0.677734375 0.54296875 0.673828125 0.537109375 0.66796875 0.5234375 0.6640625 0.51171875 0.6640625 0.501953125 0.66015625 0.501953125 0.630859375
6 0.494140625 0.712890625 0.501953125 0.712890625 0.505859375 0.732421875 0.513671875 0.744140625 0.513671875 0.791015625 0.5078125 0.8046875 0.5078125 0.841796875 0.50390625 0.84765625 0.50390625 0.8515625 0.5 0.853515625 0.482421875 0.853515625 0.474609375 0.849609375 0.466796875 0.841796875 0.466796875 0.802734375 0.470703125 0.79296875 0.470703125 0.78125 0.46875 0.779296875 0.470703125 0.748046875 0.474609375 0.736328125 0.48828125 0.7265625 0.490234375 0.71875 0.494140625 0.71484375
10 0.616080728515625 0.63548176953125 0.635525173828125 0.628450521484375 0.63969183984375 0.622200521484375 0.650390625 0.619793294921875 0.650390625 0.579556478515625 0.6438585078125 0.58470051953125 0.6049696171875 0.579231771484375 0.58984375 0.580540740234375 0.58984375 0.63742534375 0.598025173828125 0.637825521484375 0.616080728515625 0.63548176953125
1 0.3736328125 0.37339409765625 0.3525390625 0.426171875 0.3423828125 0.442838541015625 0.3408203125 0.467838541015625 0.3470703125 0.481727431640625 0.356750486328125 0.484375 0.357379150390625 0.484375 0.3767578125 0.467838541015625 0.4080078125 0.390060763671875 0.4072265625 0.3706163203125 0.40103759765625 0.36328125 0.38785400390625 0.36328125 0.3736328125 0.37339409765625
7 0.616623263671875 0.743511283203125 0.625 0.7384628046875 0.625 0.702105033203125 0.6096788203125 0.702105033203125 0.598567708984375 0.706011283203125 0.583984375 0.713782666015625 0.583984375 0.73382936328125 0.591623263671875 0.742730033203125 0.616623263671875 0.743511283203125
4 0.523828125 0.506119791015625 0.529296875 0.518619791015625 0.539453125 0.5213975703125 0.559765625 0.503342013671875 0.564453125 0.460749421875 0.564453125 0.43216145703125 0.563671875 0.42973090234375 0.551046318359375 0.421875 0.5384033203125 0.421875 0.534765625 0.428342013671875 0.523046875 0.490842013671875 0.523828125 0.506119791015625
3 0.348502603515625 0.07317708203125 0.302669271484375 0.02786458203125 0.298502603515625 0.01223958203125 0.283224826171875 0.00364583203125 0.283224826171875 0.21380208203125 0.302669271484375 0.19895833203125 0.302669271484375 0.17395833203125 0.3123914921875 0.16067708203125 0.36655816015625 0.14817708203125 0.3762803828125 0.13958333203125 0.417947048828125 0.14895833203125 0.442947048828125 0.16067708203125 0.494140625 0.16295048046875 0.494140625 0.15587971875 0.4887803828125 0.15286458203125 0.452669271484375 0.14192708203125 0.420724826171875 0.12630208203125 0.4068359375 0.11614583203125 0.392947048828125 0.09661458203125 0.348502603515625 0.07317708203125
12 0.2671006953125 0.59680989453125 0.261545138671875 0.60618489453125 0.259765625 0.605974162109375 0.259765625 0.665115115234375 0.2907118046875 0.66321614453125 0.72265625 0.635448287109375 0.72265625 0.25427864453125 0.3046006953125 0.223372396484375 0.27265625 0.227278646484375 0.26293402734375 0.22415364453125 0.259765625 0.22415364453125 0.259765625 0.589933267578125 0.2671006953125 0.59680989453125
8 0.4375 0.66015625 0.443359375 0.669921875 0.443359375 0.71875 0.435546875 0.728515625 0.43359375 0.744140625 0.4296875 0.75 0.4296875 0.75390625 0.419921875 0.7578125 0.412109375 0.755859375 0.404296875 0.74609375 0.404296875 0.708984375 0.408203125 0.697265625 0.408203125 0.68359375 0.412109375 0.673828125 0.412109375 0.666015625 0.419921875 0.65625 0.43359375 0.65625 0.435546875 0.66015625