0 0.421614583984375 0.452061630859375 0.454947916015625 0.4622178828125 0.4827256953125 0.461436630859375 0.504947916015625 0.455967880859375 0.509765625 0.453257919921875 0.509765625 0.378564689453125 0.4952256953125 0.3700303828125 0.47300347265625 0.364561630859375 0.44800347265625 0.363780380859375 0.42855902734375 0.368467880859375 0.417447916015625 0.3942491328125 0.41015625 0.397325302734375 0.41015625 0.444407822265625 0.421614583984375 0.452061630859375
7 0.4283203125 0.763368056640625 0.443359375 0.757325576171875 0.443359375 0.724898818359375 0.436653646484375 0.719618056640625 0.4213758671875 0.721961806640625 0.3977647578125 0.732899306640625 0.396484375 0.733187392578125 0.396484375 0.7586401796875 0.40609808984375 0.765711806640625 0.4102647578125 0.767274306640625 0.4283203125 0.763368056640625
8 0.3642578125 0.355403646484375 0.39453125 0.34554486328125 0.39453125 0.310920373046875 0.349609375 0.318559703125 0.349609375 0.355403646484375 0.3642578125 0.355403646484375
11 0.375 0.4791883671875 0.375 0.4653656171875 0.360546875 0.4298828125 0.340340169921875 0.392578125 0.328460693359375 0.392578125 0.326171875 0.40071614453125 0.327734375 0.41321614453125 0.332421875 0.42016058984375 0.341796875 0.452105033203125 0.36356580078125 0.4921875 0.364056396484375 0.4921875 0.369140625 0.489605033203125 0.375 0.4791883671875
2 0.5701171875 0.296809896484375 0.5716796875 0.334309896484375 0.5771484375 0.346809896484375 0.5857421875 0.3565321171875 0.6044921875 0.359309896484375 0.6154296875 0.3509765625 0.625 0.3315321171875 0.625 0.22882378515625 0.6232421875 0.22319878515625 0.6146484375 0.209309896484375 0.6083984375 0.2065321171875 0.5982421875 0.205143228515625 0.5841796875 0.212087673828125 0.5779296875 0.22319878515625 0.5724609375 0.242643228515625 0.5701171875 0.296809896484375
6 0.51953125 0.292252603515625 0.51953125 0.26273871484375 0.512109375 0.183572048828125 0.501171875 0.158572048828125 0.494268798828125 0.150390625 0.493627927734375 0.150390625 0.489453125 0.151627603515625 0.480859375 0.171072048828125 0.481640625 0.214127603515625 0.494140625 0.291905380859375 0.5027685546875 0.3046875 0.50683593359375 0.3046875 0.516015625 0.301627603515625 0.51953125 0.292252603515625
4 0.550634765625 0.58203125 0.563671875 0.574305556640625 0.564453125 0.571875 0.564453125 0.533017677734375 0.557421875 0.49097222265625 0.548046875 0.47847222265625 0.528515625 0.486805556640625 0.523828125 0.49791666796875 0.523046875 0.5131944453125 0.534765625 0.5756944453125 0.538330078125 0.58203125 0.550634765625 0.58203125
10 0.440625 0.5004991328125 0.43046875 0.4685546875 0.41484375 0.4685546875 0.39609375 0.453276908203125 0.39140625 0.453276908203125 0.38125 0.46577691015625 0.38203125 0.50883246484375 0.40078125 0.557443576171875 0.40390625 0.575499130859375 0.425952150390625 0.58203125 0.448242185546875 0.58203125 0.45703125 0.5810546875 0.465625 0.5741102421875 0.46640625 0.56438801953125 0.45625 0.5560546875 0.45390625 0.54633246484375 0.44765625 0.55188801953125 0.43671875 0.54633246484375 0.440625 0.5004991328125
1 0.4146484375 0.60123698046875 0.4154296875 0.580403646484375 0.4037109375 0.560959201171875 0.3919921875 0.5165147578125 0.3810546875 0.49984808984375 0.371903482421875 0.49609375 0.370846896484375 0.49609375 0.3662109375 0.533181423828125 0.3560546875 0.54984808984375 0.3693359375 0.577625869140625 0.3740234375 0.598459201171875 0.398611111328125 0.623046875 0.400067138671875 0.623046875 0.4060546875 0.620681423828125 0.4146484375 0.60123698046875
5 0.40390625 0.626280380859375 0.4265625 0.66516926953125 0.43084717578125 0.666015625 0.44225463671875 0.666015625 0.45234375 0.654058158203125 0.453125 0.64572482421875 0.453125 0.623502603515625 0.44921875 0.60961371484375 0.4484375 0.592947046875 0.44140625 0.576280380859375 0.4328125 0.567947046875 0.4203125 0.5693359375 0.4109375 0.579058158203125 0.4046875 0.5943359375 0.40390625 0.626280380859375
9 0.521045939453125 0.763671875 0.533203125 0.748415798828125 0.53515625 0.736841724609375 0.53515625 0.729665798828125 0.533984375 0.71508246484375 0.523046875 0.69702691015625 0.508203125 0.69702691015625 0.497265625 0.7178602421875 0.498046875 0.748415798828125 0.508203125 0.7623046875 0.513970947265625 0.763671875 0.521045939453125 0.763671875
3 0.37941894921875 0.998046875 0.382421875 0.997157119140625 0.380859375 0.94437933984375 0.367578125 0.91521267578125 0.359765625 0.879101564453125 0.367578125 0.867990453125 0.376171875 0.83326823046875 0.373046875 0.8235460078125 0.379296875 0.81382378515625 0.392578125 0.804101564453125 0.418359375 0.804101564453125 0.431640625 0.78670390234375 0.431640625 0.78515625 0.302567435546875 0.78515625 0.285546875 0.8360460078125 0.313671875 0.89021267578125 0.344140625 0.919379341796875 0.361328125 0.95271267578125 0.372265625 0.98882378515625 0.37745361328125 0.998046875 0.37941894921875 0.998046875
12 0.6840928828125 0.3350477421875 0.447981771484375 0.3545789921875 0.26171875 0.365627775390625 0.26171875 0.746508357421875 0.572981771484375 0.7678602421875 0.728515625 0.77714466015625 0.728515625 0.33427888671875 0.6840928828125 0.3350477421875