0 0.48046875 0.3671875 0.5 0.373046875 0.509765625 0.37890625 0.509765625 0.453125 0.486328125 0.4609375 0.447265625 0.4609375 0.4453125 0.458984375 0.431640625 0.45703125 0.427734375 0.453125 0.423828125 0.453125 0.4140625 0.447265625 0.4140625 0.375 0.42578125 0.369140625 0.44140625 0.3671875 0.443359375 0.365234375 0.47265625 0.365234375 0.478515625 0.3671875
5 0.54296875 0.3125 0.544921875 0.314453125 0.55859375 0.314453125 0.55859375 0.369140625 0.541015625 0.369140625 0.5390625 0.3671875 0.537109375 0.369140625 0.501953125 0.369140625 0.501953125 0.337890625 0.51171875 0.333984375 0.5234375 0.333984375 0.537109375 0.330078125 0.54296875 0.322265625 0.5390625 0.31640625 0.51953125 0.31640625 0.51953125 0.314453125 0.537109375 0.314453125 0.541015625 0.3125
6 0.515625 0.189453125 0.515625 0.234375 0.509765625 0.234375 0.5078125 0.236328125 0.478515625 0.234375 0.470703125 0.23828125 0.462890625 0.23828125 0.462890625 0.197265625 0.46875 0.197265625 0.474609375 0.193359375 0.48046875 0.193359375 0.48828125 0.189453125 0.513671875 0.189453125
1 0.342838541015625 0.609201388671875 0.41015625 0.581662326171875 0.41015625 0.542580837890625 0.3942274296875 0.543576388671875 0.33984375 0.568049044921875 0.33984375 0.609762912109375 0.342838541015625 0.609201388671875
10 0.64008246484375 0.378580728515625 0.63452691015625 0.369986978515625 0.616471353515625 0.364518228515625 0.58984375 0.36363716796875 0.58984375 0.4195213671875 0.6053602421875 0.420768228515625 0.645638021484375 0.414518228515625 0.650390625 0.419864908203125 0.650390625 0.380627201171875 0.64008246484375 0.378580728515625
7 0.590625 0.25902777734375 0.583984375 0.267073150390625 0.583984375 0.286985734375 0.598958333984375 0.294965279296875 0.6100694453125 0.298871529296875 0.626953125 0.298871529296875 0.626953125 0.263947212890625 0.611458333984375 0.256684029296875 0.590625 0.25902777734375
12 0.2765625 0.4346788203125 0.28125 0.458289931640625 0.290625 0.656901041015625 0.2984375 0.736067708984375 0.31171875 0.98051215234375 0.316318359375 0.994140625 0.31814778125 0.994140625 0.48359375 0.969401041015625 0.4921875 0.9582899296875 0.51015625 0.959678818359375 0.515625 0.965234375 0.66875 0.94440104296875 0.7015625 0.486067708984375 0.72265625 0.1346788203125 0.72265625 0.118012154296875 0.718896484375 0.111328125 0.71567383984375 0.111328125 0.70234375 0.112456599609375 0.69140625 0.129123263671875 0.671875 0.1346788203125 0.659375 0.13190104296875 0.65859375 0.13745659765625 0.6453125 0.14301215234375 0.6453125 0.1707899296875 0.63828125 0.191623263671875 0.63125 0.19995659765625 0.63828125 0.2221788203125 0.6390625 0.240234375 0.61875 0.265234376953125 0.60078125 0.236067708984375 0.5796875 0.2221788203125 0.54765625 0.1596788203125 0.53515625 0.154123265625 0.51953125 0.13190104296875 0.49609375 0.127734375 0.48455810546875 0.111328125 0.28461914453125 0.111328125 0.271875 0.113845486328125 0.26875 0.119401041015625 0.26171875 0.116623263671875 0.2625 0.20551215234375 0.26875 0.25134548828125 0.2703125 0.3221788203125 0.2734375 0.341623265625 0.2671875 0.365234375 0.278125 0.4207899296875 0.2765625 0.4346788203125
4 0.564453125 0.56783854296875 0.564453125 0.541380208984375 0.558984375 0.496657986328125 0.539453125 0.4786024296875 0.529296875 0.481380208984375 0.523828125 0.493880208984375 0.523046875 0.509157986328125 0.534765625 0.571657986328125 0.539615884765625 0.578125 0.550415041015625 0.578125 0.563671875 0.57026909765625 0.564453125 0.56783854296875
3 0.287282986328125 0.94761284765625 0.342838541015625 0.94526909765625 0.365060763671875 0.93355034765625 0.4067274296875 0.92417534765625 0.41644965234375 0.93276909765625 0.438671875 0.93901909765625 0.4692274296875 0.94136284765625 0.480338541015625 0.95776909765625 0.480338541015625 0.98433159765625 0.494140625 0.99338921484375 0.494140625 0.791123146484375 0.484505208984375 0.79605034765625 0.480338541015625 0.80698784765625 0.430338541015625 0.85933159765625 0.384505208984375 0.88511284765625 0.37339409765625 0.90230034765625 0.33589409765625 0.92417534765625 0.2942274296875 0.93745659765625 0.287109375 0.942032490234375 0.287109375 0.94736870703125 0.287282986328125 0.94761284765625
2 0.494140625 0.607421875 0.50390625 0.607421875 0.505859375 0.60546875 0.55859375 0.60546875 0.55859375 0.662109375 0.552734375 0.662109375 0.53515625 0.66796875 0.494140625 0.66796875 0.494140625 0.609375
8 0.4296875 0.244140625 0.443359375 0.296875 0.443359375 0.328125 0.44140625 0.333984375 0.431640625 0.341796875 0.419921875 0.341796875 0.416015625 0.337890625 0.41015625 0.322265625 0.408203125 0.30078125 0.404296875 0.287109375 0.404296875 0.25390625 0.408203125 0.25 0.408203125 0.24609375 0.41796875 0.240234375 0.427734375 0.244140625
11 0.4375 0.544921875 0.45703125 0.572265625 0.45703125 0.576171875 0.4609375 0.578125 0.478515625 0.60546875 0.494140625 0.625 0.494140625 0.6484375 0.482421875 0.673828125 0.478515625 0.671875 0.4765625 0.666015625 0.455078125 0.634765625 0.439453125 0.615234375 0.431640625 0.6015625 0.427734375 0.599609375 0.41796875 0.5859375 0.41796875 0.572265625 0.421875 0.568359375 0.421875 0.564453125 0.42578125 0.560546875 0.4296875 0.548828125 0.435546875 0.544921875