10 0.411328125 0.683441841796875 0.393359375 0.775108505859375 0.388671875 0.8112196171875 0.386328125 0.887608505859375 0.386328125 0.894552951171875 0.391796875 0.902886283203125 0.396484375 0.904275171875 0.400390625 0.897330728515625 0.410546875 0.827886283203125 0.416015625 0.819552951171875 0.439453125 0.733531443359375 0.439453125 0.69038628515625 0.436328125 0.677886283203125 0.432333375 0.673828125 0.418087767578125 0.673828125 0.411328125 0.683441841796875
5 0.564453125 0.647352431640625 0.564453125 0.6219308046875 0.5599609375 0.620789931640625 0.5552734375 0.64440104296875 0.5490234375 0.641623263671875 0.5474609375 0.623567708984375 0.5396484375 0.61245659765625 0.530126947265625 0.611328125 0.52760009765625 0.611328125 0.5208984375 0.616623263671875 0.5060546875 0.677734375 0.5068359375 0.6971788203125 0.5146484375 0.713845486328125 0.523134763671875 0.720703125 0.534287111328125 0.720703125 0.5427734375 0.713845486328125 0.5521484375 0.68051215234375 0.5638671875 0.66245659765625 0.564453125 0.647352431640625
0 0.477587892578125 0.37890625 0.461328125 0.37890625 0.4537109375 0.3890625 0.4451171875 0.3890625 0.4302734375 0.4140625 0.4248046875 0.437673611328125 0.4248046875 0.475173611328125 0.4310546875 0.502951388671875 0.4443359375 0.5265625 0.4662109375 0.544618056640625 0.4849609375 0.5460069453125 0.4998046875 0.537673611328125 0.5154296875 0.515451388671875 0.5234375 0.46945780078125 0.5234375 0.44565972265625 0.5185546875 0.419618056640625 0.5083984375 0.39878472265625 0.4888671875 0.380729166015625 0.477587892578125 0.37890625
2 0.3778271484375 0.33984375 0.3712890625 0.344314234375 0.3595703125 0.3651475703125 0.3455078125 0.408203125 0.3439453125 0.43598090234375 0.3486328125 0.456814236328125 0.3673828125 0.477647568359375 0.3767578125 0.47903645703125 0.3900390625 0.470703125 0.4150390625 0.42209201171875 0.41796875 0.408203125 0.41796875 0.373026841796875 0.4080078125 0.349869791015625 0.4001953125 0.341536458984375 0.39257812109375 0.33984375 0.3778271484375 0.33984375
6 0.6328125 0.46113009765625 0.6328125 0.428072845703125 0.595703125 0.4284666953125 0.595703125 0.4641943046875 0.61011284765625 0.46538628515625 0.6328125 0.46113009765625
11 0.374240451171875 0.572721353515625 0.380859375 0.572307669921875 0.380859375 0.53639084765625 0.346462673828125 0.525065103515625 0.33203125 0.524210611328125 0.33203125 0.55599355859375 0.374240451171875 0.572721353515625
1 0.6171875 0.621204546875 0.6171875 0.59094223046875 0.583984375 0.591205283203125 0.583984375 0.62209046484375 0.61714409765625 0.6212022578125 0.6171875 0.621204546875
8 0.58671875 0.847135416015625 0.59765625 0.83324652734375 0.6015625 0.774913193359375 0.5984375 0.7499131953125 0.59140625 0.741579859375 0.585729986328125 0.740234375 0.578442380859375 0.740234375 0.56640625 0.754079859375 0.5671875 0.830468751953125 0.5765625 0.844357640625 0.58671875 0.847135416015625
9 0.4435546875 0.633094619140625 0.4591796875 0.627539064453125 0.4646484375 0.610872396484375 0.4638671875 0.585872396484375 0.455345458984375 0.57421875 0.440258791015625 0.57421875 0.4365234375 0.577539064453125 0.4318359375 0.592816841796875 0.4333984375 0.6219835078125 0.4435546875 0.633094619140625
7 0.4140625 0.6123914921875 0.41328125 0.592947046875 0.3921875 0.576280380859375 0.38671875 0.580447046875 0.37109375 0.629058158203125 0.37109375 0.634613716796875 0.38515625 0.6512803828125 0.39453125 0.659613716796875 0.4046875 0.642947046875 0.4140625 0.6123914921875
4 0.564453125 0.48973667578125 0.564453125 0.45509936328125 0.527170138671875 0.447960068359375 0.521484375 0.447960068359375 0.521484375 0.4842642421875 0.564453125 0.48973667578125
12 0.262890625 0.02690972265625 0.278515625 0.281076388671875 0.317578125 0.83107638671875 0.334765625 0.84357638671875 0.350390625 0.846354166015625 0.565234375 0.874131943359375 0.592578125 0.8727430546875 0.653515625 0.88802083203125 0.669140625 0.88802083203125 0.671484375 0.883854166015625 0.677734375 0.801909720703125 0.676171875 0.7727430546875 0.679296875 0.764409720703125 0.682421875 0.68246527734375 0.680078125 0.66302083203125 0.685546875 0.64496527734375 0.684765625 0.614409720703125 0.688671875 0.60052083203125 0.694140625 0.50607638671875 0.698828125 0.479687498046875 0.699609375 0.415798611328125 0.703515625 0.399131943359375 0.709765625 0.2852430546875 0.719140625 0.2616319453125 0.713671875 0.247743056640625 0.712890625 0.23246527734375 0.726171875 0.058854166015625 0.7265625 0.034548609375 0.7265625 0.010203931640625 0.68318483203125 0.005859375 0.328051130859375 0.005859375 0.264453125 0.00607638671875 0.262890625 0.02690972265625
3 0.361328125 0.499205337890625 0.370196658203125 0.50485902734375 0.379918880859375 0.51814027734375 0.38686332421875 0.54704652734375 0.397974435546875 0.55407777734375 0.404918880859375 0.55329652734375 0.4146411015625 0.52985902734375 0.4035299921875 0.51110902734375 0.40630776953125 0.49548402734375 0.425752212890625 0.49157777734375 0.460474435546875 0.47439027734375 0.4785299921875 0.47204652734375 0.486328125 0.473143140625 0.486328125 0.458783470703125 0.48130776953125 0.45798402734375 0.438252212890625 0.43610902734375 0.361328125 0.428868458984375 0.361328125 0.499205337890625