12 0.6828125 0.2805555546875 0.67265625 0.133333333984375 0.66875 0.111111111328125 0.41796875 0.145833333984375 0.4109375 0.148611111328125 0.40349296875 0.147286111328125 0.38736328125 0.150588888671875 0.3828125 0.151388888671875 0.31640625 0.161111111328125 0.303125 0.32777777734375 0.271875 0.8194444453125 0.26328125 0.995833333984375 0.634375 0.99722222265625 0.7265625 0.991666666015625 0.6828125 0.2805555546875
10 0.434375 0.326388888671875 0.4421875 0.2930555546875 0.440625 0.2680555546875 0.42265625 0.201388888671875 0.40625 0.1569444453125 0.39921875 0.09722222265625 0.39140625 0.1 0.38828125 0.1194444453125 0.38984375 0.198611111328125 0.41015625 0.30972222265625 0.41875 0.32777777734375 0.434375 0.326388888671875
5 0.53984375 0.3875 0.546875 0.379166666015625 0.55546875 0.3555555546875 0.56015625 0.379166666015625 0.565625 0.37777777734375 0.5640625 0.3375 0.55234375 0.3194444453125 0.54296875 0.286111111328125 0.534375 0.279166666015625 0.5234375 0.279166666015625 0.51484375 0.286111111328125 0.50703125 0.30277777734375 0.50625 0.320833333984375 0.52109375 0.383333333984375 0.52890625 0.388888888671875 0.53984375 0.3875
0 0.45390625 0.611111111328125 0.46328125 0.623611111328125 0.48671875 0.620833333984375 0.5078125 0.60277777734375 0.51875 0.5805555546875 0.52578125 0.545833333984375 0.52421875 0.520833333984375 0.515625 0.48472222265625 0.5015625 0.463888888671875 0.48671875 0.454166666015625 0.46640625 0.4555555546875 0.4453125 0.47222222265625 0.43203125 0.4944444453125 0.425 0.523611111328125 0.42421875 0.5555555546875 0.43046875 0.586111111328125 0.44609375 0.6125 0.45390625 0.611111111328125
2 0.38203125 0.661111111328125 0.39609375 0.661111111328125 0.4140625 0.641666666015625 0.41953125 0.620833333984375 0.41875 0.5944444453125 0.4046875 0.55 0.3921875 0.52777777734375 0.38203125 0.520833333984375 0.36328125 0.525 0.35546875 0.533333333984375 0.3453125 0.5569444453125 0.34375 0.583333333984375 0.34765625 0.604166666015625 0.3734375 0.654166666015625 0.38203125 0.661111111328125
4 0.534375 0.575 0.54140625 0.583333333984375 0.56015625 0.576388888671875 0.56640625 0.561111111328125 0.56640625 0.54722222265625 0.5546875 0.486111111328125 0.55078125 0.479166666015625 0.54140625 0.47777777734375 0.5296875 0.483333333984375 0.5234375 0.4930555546875 0.521875 0.5055555546875 0.5265625 0.526388888671875 0.528125 0.554166666015625 0.534375 0.575
6 0.621875 0.6180555546875 0.63046875 0.59722222265625 0.634375 0.54722222265625 0.6328125 0.50972222265625 0.62578125 0.488888888671875 0.6140625 0.48472222265625 0.60390625 0.488888888671875 0.59765625 0.5125 0.596875 0.586111111328125 0.60078125 0.608333333984375 0.61015625 0.6194444453125 0.621875 0.6180555546875
1 0.61640625 0.461111111328125 0.61796875 0.45 0.615625 0.383333333984375 0.61875 0.35277777734375 0.6125 0.326388888671875 0.6046875 0.316666666015625 0.5984375 0.31527777734375 0.58671875 0.3305555546875 0.58671875 0.436111111328125 0.5953125 0.4625 0.60859375 0.470833333984375 0.61640625 0.461111111328125
9 0.45078125 0.429166666015625 0.46328125 0.4180555546875 0.465625 0.3930555546875 0.46015625 0.37222222265625 0.45390625 0.366666666015625 0.4421875 0.366666666015625 0.43515625 0.375 0.43203125 0.38472222265625 0.43203125 0.40277777734375 0.4375 0.42222222265625 0.45078125 0.429166666015625
7 0.39765625 0.420833333984375 0.41484375 0.40277777734375 0.409375 0.3680555546875 0.39453125 0.34027777734375 0.37109375 0.36527777734375 0.37265625 0.37777777734375 0.38046875 0.3930555546875 0.3890625 0.423611111328125 0.39765625 0.420833333984375
11 0.38125 0.463888888671875 0.3625 0.4069444453125 0.34140625 0.408333333984375 0.33359375 0.413888888671875 0.334375 0.438888888671875 0.3578125 0.49722222265625 0.3828125 0.491666666015625 0.38125 0.463888888671875
8 0.596875 0.254166666015625 0.60234375 0.238888888671875 0.60234375 0.166666666015625 0.5953125 0.1555555546875 0.58203125 0.15277777734375 0.56875 0.1680555546875 0.5671875 0.188888888671875 0.5734375 0.25277777734375 0.58125 0.261111111328125 0.596875 0.254166666015625
3 0.4328125 0.763888888671875 0.4171875 0.763888888671875 0.403125 0.751388888671875 0.39375 0.751388888671875 0.37578125 0.758333333984375 0.37265625 0.76527777734375 0.37890625 0.770833333984375 0.39140625 0.770833333984375 0.41875 0.79027777734375 0.4296875 0.801388888671875 0.43671875 0.8194444453125 0.478125 0.85 0.4859375 0.829166666015625 0.5078125 0.7930555546875 0.49140625 0.7305555546875 0.475 0.7055555546875 0.4671875 0.68472222265625 0.4578125 0.6444444453125 0.45703125 0.62222222265625 0.45234375 0.616666666015625 0.44609375 0.6569444453125 0.45546875 0.71527777734375 0.43828125 0.745833333984375 0.4328125 0.763888888671875