10 0.436697048828125 0.8131944453125 0.439453125 0.813279005859375 0.439453125 0.784331111328125 0.384765625 0.76943090234375 0.384765625 0.8054058046875 0.4005859375 0.8085069453125 0.436697048828125 0.8131944453125
5 0.564453125 0.647352431640625 0.564453125 0.6219308046875 0.5599609375 0.620789931640625 0.5552734375 0.64440104296875 0.5490234375 0.641623263671875 0.5474609375 0.623567708984375 0.5396484375 0.61245659765625 0.530126947265625 0.611328125 0.52760009765625 0.611328125 0.5208984375 0.616623263671875 0.5060546875 0.677734375 0.5068359375 0.6971788203125 0.5146484375 0.713845486328125 0.523134763671875 0.720703125 0.534287111328125 0.720703125 0.5427734375 0.713845486328125 0.5521484375 0.68051215234375 0.5638671875 0.66245659765625 0.564453125 0.647352431640625
0 0.43355034765625 0.416775173828125 0.423828125 0.422243923828125 0.423828125 0.5016338046875 0.4793836796875 0.511306423828125 0.5168836796875 0.504275173828125 0.5234375 0.5010801875 0.5234375 0.416586642578125 0.522439236328125 0.415993923828125 0.498828125 0.410525173828125 0.461328125 0.410525173828125 0.43355034765625 0.416775173828125
2 0.3778271484375 0.33984375 0.3712890625 0.344314234375 0.3595703125 0.3651475703125 0.3455078125 0.408203125 0.3439453125 0.43598090234375 0.3486328125 0.456814236328125 0.3673828125 0.477647568359375 0.3767578125 0.47903645703125 0.3900390625 0.470703125 0.4150390625 0.42209201171875 0.41796875 0.408203125 0.41796875 0.373026841796875 0.4080078125 0.349869791015625 0.4001953125 0.341536458984375 0.39257812109375 0.33984375 0.3778271484375 0.33984375
6 0.6302734375 0.387543400390625 0.6242578125 0.380859375 0.609033203125 0.380859375 0.6013671875 0.39448784765625 0.5974609375 0.441710068359375 0.6021484375 0.4667100703125 0.6021484375 0.497265625 0.6099609375 0.512543400390625 0.6194824296875 0.513671875 0.6218994140625 0.513671875 0.6310546875 0.5028211796875 0.6328125 0.4934461796875 0.6328125 0.401085068359375 0.6302734375 0.387543400390625
11 0.3337890625 0.586046005859375 0.3455078125 0.592990451171875 0.3587890625 0.592990451171875 0.380859375 0.537300486328125 0.380859375 0.5067900546875 0.361934408203125 0.50390625 0.353708556640625 0.50390625 0.3353515625 0.5596571171875 0.3337890625 0.586046005859375
1 0.6171875 0.621204546875 0.6171875 0.59094223046875 0.583984375 0.591205283203125 0.583984375 0.62209046484375 0.61714409765625 0.6212022578125 0.6171875 0.621204546875
8 0.571875 0.752864583984375 0.56796875 0.811197916015625 0.57109375 0.836197916015625 0.578125 0.844531251953125 0.58984375 0.84730902734375 0.6015625 0.833828634765625 0.6015625 0.754484951171875 0.59296875 0.741753470703125 0.58741455078125 0.740234375 0.5818212890625 0.740234375 0.571875 0.752864583984375
9 0.4376953125 0.578016494140625 0.4322265625 0.594683162109375 0.4330078125 0.619683162109375 0.4431640625 0.63357205078125 0.4541015625 0.63357205078125 0.4603515625 0.628016494140625 0.46484375 0.613375291015625 0.46484375 0.6090928828125 0.4634765625 0.58357205078125 0.454927060546875 0.57421875 0.44837646875 0.57421875 0.4376953125 0.578016494140625
7 0.4140625 0.6123914921875 0.41328125 0.592947046875 0.3921875 0.576280380859375 0.38671875 0.580447046875 0.37109375 0.629058158203125 0.37109375 0.634613716796875 0.38515625 0.6512803828125 0.39453125 0.659613716796875 0.4046875 0.642947046875 0.4140625 0.6123914921875
4 0.564453125 0.48973667578125 0.564453125 0.45509936328125 0.527170138671875 0.447960068359375 0.521484375 0.447960068359375 0.521484375 0.4842642421875 0.564453125 0.48973667578125
12 0.309765625 0.127256943359375 0.306640625 0.20920138671875 0.308984375 0.22864583203125 0.303515625 0.24670138671875 0.304296875 0.2772569453125 0.300390625 0.29114583203125 0.294921875 0.38559027734375 0.290234375 0.41197916796875 0.289453125 0.4758680546875 0.285546875 0.492534720703125 0.279296875 0.606423609375 0.269921875 0.630034720703125 0.275390625 0.643923609375 0.276171875 0.65920138671875 0.262890625 0.8328125 0.262109375 0.881423611328125 0.317578125 0.886979166015625 0.724609375 0.88559027734375 0.726171875 0.864756943359375 0.710546875 0.61059027734375 0.671484375 0.06059027734375 0.654296875 0.04809027734375 0.638671875 0.045312498046875 0.423828125 0.01753472265625 0.396484375 0.018923611328125 0.344375884765625 0.005859375 0.3186767578125 0.005859375 0.317578125 0.0078125 0.311328125 0.0897569453125 0.312890625 0.118923609375 0.309765625 0.127256943359375
3 0.3814453125 0.541927083984375 0.3767578125 0.494704861328125 0.3564453125 0.52109375 0.3486328125 0.52109375 0.3361328125 0.5141493046875 0.324922689453125 0.490234375 0.323193359375 0.490234375 0.3212890625 0.491927083984375 0.3087890625 0.512760416015625 0.2978515625 0.55859375 0.2751953125 0.5891493046875 0.2720703125 0.6016493046875 0.2736328125 0.609982638671875 0.2853515625 0.603038193359375 0.2978515625 0.603038193359375 0.3087890625 0.582204861328125 0.3259765625 0.575260416015625 0.3369140625 0.5891493046875 0.3572265625 0.59609375 0.3673828125 0.612760416015625 0.3697265625 0.62942708203125 0.3869140625 0.644704861328125 0.3916015625 0.64192708203125 0.39453125 0.62630208203125 0.39453125 0.624962796875 0.3892578125 0.61692708203125 0.3845703125 0.597482640625 0.3884765625 0.571093751953125 0.3814453125 0.541927083984375