12 0.3826171875 0.150868056640625 0.3162109375 0.160590279296875 0.3029296875 0.3272569453125 0.2716796875 0.81892361328125 0.2630859375 0.995312501953125 0.47182568359375 0.99609375 0.64426272265625 0.99609375 0.724609375 0.991251765625 0.724609375 0.96257440625 0.6826171875 0.28003472265625 0.6724609375 0.1328125 0.6685546875 0.110590279296875 0.4177734375 0.145312501953125 0.4107421875 0.148090279296875 0.40329765625 0.14676527734375 0.38716796875 0.150068056640625 0.3826171875 0.150868056640625
10 0.388671875 0.2104423515625 0.388671875 0.237937740234375 0.400954861328125 0.2376953125 0.44140625 0.23030029296875 0.44140625 0.19472859765625 0.403732638671875 0.2048828125 0.388671875 0.2104423515625
5 0.5504774296875 0.35023871484375 0.564453125 0.34630805078125 0.564453125 0.304809779296875 0.549088541015625 0.30414496484375 0.50390625 0.314875759765625 0.50390625 0.349556556640625 0.5143663203125 0.35336371484375 0.50390625 0.355440345703125 0.50390625 0.363063673828125 0.532421875 0.36195746484375 0.5504774296875 0.35023871484375
0 0.468229166015625 0.590060763671875 0.493229166015625 0.588498263671875 0.525390625 0.580844455078125 0.525390625 0.499760775390625 0.5196180546875 0.496310763671875 0.490451388671875 0.489279513671875 0.4585069453125 0.488498263671875 0.427951388671875 0.494748263671875 0.423828125 0.497189669921875 0.423828125 0.57826571875 0.4335069453125 0.583029513671875 0.468229166015625 0.590060763671875
2 0.41796875 0.61330193359375 0.41796875 0.554934625 0.411653646484375 0.55327691015625 0.3852647578125 0.55405816015625 0.341796875 0.567811669921875 0.341796875 0.62492859375 0.3477647578125 0.62749566015625 0.374153646484375 0.62905816015625 0.394986978515625 0.62515191015625 0.41796875 0.61330193359375
4 0.521484375 0.51472059375 0.521484375 0.553016494140625 0.52816840234375 0.553016494140625 0.56640625 0.545683953125 0.56640625 0.509256728515625 0.549001736328125 0.513172744140625 0.521484375 0.51472059375
6 0.6090393046875 0.619140625 0.614880376953125 0.619140625 0.6212890625 0.618381076171875 0.6298828125 0.597547744140625 0.6328125 0.560047744140625 0.6328125 0.524110244140625 0.6322265625 0.510047744140625 0.6251953125 0.48921441015625 0.6134765625 0.485047744140625 0.6033203125 0.48921441015625 0.5970703125 0.512825521484375 0.5962890625 0.5864366328125 0.6001953125 0.60865885546875 0.6090393046875 0.619140625
1 0.5859375 0.408875869140625 0.619140625 0.408875869140625 0.619140625 0.37906782421875 0.593489583984375 0.3799696171875 0.5859375 0.379197244140625 0.5859375 0.408875869140625
9 0.449624025390625 0.427734375 0.452392576171875 0.427734375 0.4638671875 0.417534720703125 0.46484375 0.4071180546875 0.46484375 0.387326388671875 0.4607421875 0.371701388671875 0.4544921875 0.36614583203125 0.4427734375 0.36614583203125 0.4357421875 0.374479166015625 0.4326171875 0.384201388671875 0.4326171875 0.402256943359375 0.4380859375 0.421701388671875 0.449624025390625 0.427734375
7 0.4140625 0.40411734375 0.4140625 0.395445806640625 0.409765625 0.3681640625 0.394921875 0.340386283203125 0.371484375 0.365386283203125 0.373046875 0.37788628515625 0.380859375 0.393164060546875 0.389453125 0.423719619140625 0.398046875 0.42094183984375 0.4140625 0.40411734375
11 0.33203125 0.44171509765625 0.33203125 0.47651028125 0.344943576171875 0.476106771484375 0.380859375 0.46167631640625 0.380859375 0.4286177578125 0.369943576171875 0.429231771484375 0.33203125 0.44171509765625
8 0.5734375 0.258420140625 0.57987059765625 0.259765625 0.587963869140625 0.259765625 0.6 0.245920140625 0.6015625 0.225086806640625 0.5953125 0.161197916015625 0.5875 0.152864583984375 0.571875 0.159809029296875 0.56640625 0.175086806640625 0.56640625 0.247309029296875 0.5734375 0.258420140625
3 0.40835503515625 0.66555989453125 0.402799478515625 0.67180989453125 0.402799478515625 0.68430989453125 0.38335503515625 0.71165364453125 0.372243923828125 0.72259114453125 0.37109375 0.723039048828125 0.37109375 0.794971328125 0.3805772578125 0.80071614453125 0.4430772578125 0.78430989453125 0.4680772578125 0.76790364453125 0.48891058984375 0.76009114453125 0.505859375 0.75614616796875 0.505859375 0.740737767578125 0.45835503515625 0.74837239453125 0.427799478515625 0.73118489453125 0.409743923828125 0.72571614453125 0.409743923828125 0.71009114453125 0.422243923828125 0.69602864453125 0.422243923828125 0.68665364453125 0.415299478515625 0.66868489453125 0.40835503515625 0.66555989453125