0 0.4827256953125 0.461436630859375 0.504947916015625 0.455967880859375 0.509765625 0.453257919921875 0.509765625 0.378564689453125 0.4952256953125 0.3700303828125 0.47300347265625 0.364561630859375 0.44800347265625 0.363780380859375 0.42855902734375 0.368467880859375 0.417447916015625 0.3942491328125 0.41015625 0.397325302734375 0.41015625 0.444407822265625 0.421614583984375 0.452061630859375 0.454947916015625 0.4622178828125 0.4827256953125 0.461436630859375
7 0.43687066015625 0.720399306640625 0.4327039921875 0.718836806640625 0.4146484375 0.722743056640625 0.396484375 0.7300411171875 0.396484375 0.758751357421875 0.406315103515625 0.766493056640625 0.4215928828125 0.764149306640625 0.443359375 0.754066298828125 0.443359375 0.725172255859375 0.43687066015625 0.720399306640625
8 0.3498046875 0.298285591796875 0.3498046875 0.310785591796875 0.3599609375 0.3705078125 0.3708984375 0.384396701171875 0.3794921875 0.384396701171875 0.3865234375 0.38023003515625 0.3943359375 0.3649522578125 0.3943359375 0.341341146484375 0.3771484375 0.288563369140625 0.3693359375 0.281618923828125 0.3552734375 0.285785591796875 0.3498046875 0.298285591796875
11 0.32421875 0.4434040859375 0.32421875 0.468774927734375 0.3643446171875 0.4524305546875 0.375 0.446658888671875 0.375 0.423675671875 0.37406683984375 0.4243055546875 0.342122396484375 0.4336805546875 0.32421875 0.4434040859375
2 0.5876953125 0.35874566015625 0.592297361328125 0.359375 0.5993896484375 0.359375 0.6119140625 0.353190103515625 0.6181640625 0.3420789921875 0.6236328125 0.322634548828125 0.625 0.291037326171875 0.625 0.245030380859375 0.6244140625 0.230967880859375 0.6189453125 0.218467880859375 0.6103515625 0.20874566015625 0.5916015625 0.205967880859375 0.5806640625 0.21430121484375 0.5697265625 0.2365234375 0.5689453125 0.3295789921875 0.5728515625 0.3420789921875 0.5814453125 0.355967880859375 0.5876953125 0.35874566015625
6 0.512109375 0.183572048828125 0.501171875 0.158572048828125 0.494268798828125 0.150390625 0.493627927734375 0.150390625 0.489453125 0.151627603515625 0.480859375 0.171072048828125 0.481640625 0.214127603515625 0.494140625 0.291905380859375 0.5027685546875 0.3046875 0.50683593359375 0.3046875 0.516015625 0.301627603515625 0.51953125 0.292252603515625 0.51953125 0.26273871484375 0.512109375 0.183572048828125
4 0.527170138671875 0.552039931640625 0.564453125 0.54504937109375 0.564453125 0.508785841796875 0.5563368046875 0.509071181640625 0.521484375 0.51489954296875 0.521484375 0.551749181640625 0.527170138671875 0.552039931640625
10 0.39375 0.48977864453125 0.4 0.48422308984375 0.4109375 0.48977864453125 0.40703125 0.535611978515625 0.4171875 0.567556421875 0.4328125 0.567556421875 0.45057705859375 0.58203125 0.4569023984375 0.58203125 0.46640625 0.570334201171875 0.465625 0.52727864453125 0.446875 0.478667533203125 0.44375 0.460611978515625 0.415625 0.45227864453125 0.390625 0.455056421875 0.38203125 0.4620008671875 0.38125 0.47172308984375 0.39140625 0.480056421875 0.39375 0.48977864453125
1 0.4158203125 0.56959635546875 0.4025390625 0.541818576171875 0.3978515625 0.520985244140625 0.372960068359375 0.49609375 0.37257690625 0.49609375 0.3658203125 0.498763021484375 0.3572265625 0.51820746484375 0.3564453125 0.539040798828125 0.3681640625 0.558485244140625 0.3798828125 0.6029296875 0.3908203125 0.61959635546875 0.399230955078125 0.623046875 0.401066080078125 0.623046875 0.4056640625 0.586263021484375 0.4158203125 0.56959635546875
5 0.43084717578125 0.666015625 0.44225463671875 0.666015625 0.45234375 0.654058158203125 0.453125 0.64572482421875 0.453125 0.623502603515625 0.44921875 0.60961371484375 0.4484375 0.592947046875 0.44140625 0.576280380859375 0.4328125 0.567947046875 0.4203125 0.5693359375 0.4109375 0.579058158203125 0.4046875 0.5943359375 0.40390625 0.626280380859375 0.4265625 0.66516926953125 0.43084717578125 0.666015625
9 0.53515625 0.736841724609375 0.53515625 0.729665798828125 0.533984375 0.71508246484375 0.523046875 0.69702691015625 0.508203125 0.69702691015625 0.497265625 0.7178602421875 0.498046875 0.748415798828125 0.508203125 0.7623046875 0.513970947265625 0.763671875 0.521045939453125 0.763671875 0.533203125 0.748415798828125 0.53515625 0.736841724609375
3 0.380859375 0.94437933984375 0.367578125 0.91521267578125 0.359765625 0.879101564453125 0.367578125 0.867990453125 0.376171875 0.83326823046875 0.373046875 0.8235460078125 0.379296875 0.81382378515625 0.392578125 0.804101564453125 0.418359375 0.804101564453125 0.431640625 0.78670390234375 0.431640625 0.78515625 0.302567435546875 0.78515625 0.285546875 0.8360460078125 0.313671875 0.89021267578125 0.344140625 0.919379341796875 0.361328125 0.95271267578125 0.372265625 0.98882378515625 0.37745361328125 0.998046875 0.37941894921875 0.998046875 0.382421875 0.997157119140625 0.380859375 0.94437933984375
12 0.26171875 0.365627775390625 0.26171875 0.746508357421875 0.572981771484375 0.7678602421875 0.728515625 0.77714466015625 0.728515625 0.33427888671875 0.6840928828125 0.3350477421875 0.447981771484375 0.3545789921875 0.26171875 0.365627775390625