0 0.4123046875 0.426909720703125 0.4169921875 0.446354166015625 0.4427734375 0.45746527734375 0.4474609375 0.468576390625 0.4474609375 0.481076390625 0.451153564453125 0.486328125 0.464465330078125 0.486328125 0.4857421875 0.475520833984375 0.5005859375 0.453298609375 0.509765625 0.42317040625 0.509765625 0.39139384765625 0.5044921875 0.369965279296875 0.4912109375 0.34635416796875 0.4755859375 0.33802083203125 0.4599609375 0.33802083203125 0.4373046875 0.3477430546875 0.4185546875 0.3796875 0.4130859375 0.401909720703125 0.4123046875 0.426909720703125
7 0.443359375 0.754066298828125 0.443359375 0.725172255859375 0.43687066015625 0.720399306640625 0.4327039921875 0.718836806640625 0.4146484375 0.722743056640625 0.396484375 0.7300411171875 0.396484375 0.758751357421875 0.406315103515625 0.766493056640625 0.4215928828125 0.764149306640625 0.443359375 0.754066298828125
8 0.374877927734375 0.384765625 0.37614746484375 0.384765625 0.3892578125 0.380881076171875 0.39453125 0.36882750390625 0.39453125 0.354732572265625 0.3845703125 0.29615885546875 0.3736328125 0.282269966796875 0.3650390625 0.282269966796875 0.3580078125 0.2864366328125 0.3501953125 0.30171441015625 0.3501953125 0.325325521484375 0.3673828125 0.378103298828125 0.374877927734375 0.384765625
11 0.375 0.4791883671875 0.375 0.4653656171875 0.360546875 0.4298828125 0.340340169921875 0.392578125 0.328460693359375 0.392578125 0.326171875 0.40071614453125 0.327734375 0.41321614453125 0.332421875 0.42016058984375 0.341796875 0.452105033203125 0.36356580078125 0.4921875 0.364056396484375 0.4921875 0.369140625 0.489605033203125 0.375 0.4791883671875
2 0.6122178828125 0.310568576171875 0.625 0.31003598828125 0.625 0.25415769921875 0.568359375 0.253682169921875 0.568359375 0.3086708515625 0.6122178828125 0.310568576171875
6 0.51953125 0.292252603515625 0.51953125 0.26273871484375 0.512109375 0.183572048828125 0.501171875 0.158572048828125 0.494268798828125 0.150390625 0.493627927734375 0.150390625 0.489453125 0.151627603515625 0.480859375 0.171072048828125 0.481640625 0.214127603515625 0.494140625 0.291905380859375 0.5027685546875 0.3046875 0.50683593359375 0.3046875 0.516015625 0.301627603515625 0.51953125 0.292252603515625
4 0.521484375 0.5166476796875 0.521484375 0.5524351328125 0.5327256953125 0.552039931640625 0.564453125 0.546734162109375 0.564453125 0.50920212890625 0.561892361328125 0.509071181640625 0.521484375 0.5166476796875
10 0.440625 0.5004991328125 0.43046875 0.4685546875 0.41484375 0.4685546875 0.39609375 0.453276908203125 0.39140625 0.453276908203125 0.38125 0.46577691015625 0.38203125 0.50883246484375 0.40078125 0.557443576171875 0.40390625 0.575499130859375 0.425952150390625 0.58203125 0.448242185546875 0.58203125 0.45703125 0.5810546875 0.465625 0.5741102421875 0.46640625 0.56438801953125 0.45625 0.5560546875 0.45390625 0.54633246484375 0.44765625 0.55188801953125 0.43671875 0.54633246484375 0.440625 0.5004991328125
1 0.416015625 0.569238748046875 0.416015625 0.540437826171875 0.412478298828125 0.53999566015625 0.3958116328125 0.52983941015625 0.368033853515625 0.54312066015625 0.35546875 0.54594780859375 0.35546875 0.588847384765625 0.365256076171875 0.58921441015625 0.384700521484375 0.57749566015625 0.416015625 0.569238748046875
5 0.453125 0.633119466796875 0.453125 0.593159314453125 0.439518228515625 0.5918836796875 0.42007378515625 0.5973524296875 0.4034071171875 0.5981336796875 0.40234375 0.598582287109375 0.40234375 0.640880484375 0.4047960078125 0.6418836796875 0.436740451171875 0.6426649296875 0.453125 0.633119466796875
9 0.521045939453125 0.763671875 0.533203125 0.748415798828125 0.53515625 0.736841724609375 0.53515625 0.729665798828125 0.533984375 0.71508246484375 0.523046875 0.69702691015625 0.508203125 0.69702691015625 0.497265625 0.7178602421875 0.498046875 0.748415798828125 0.508203125 0.7623046875 0.513970947265625 0.763671875 0.521045939453125 0.763671875
3 0.37941894921875 0.998046875 0.382421875 0.997157119140625 0.380859375 0.94437933984375 0.367578125 0.91521267578125 0.359765625 0.879101564453125 0.367578125 0.867990453125 0.376171875 0.83326823046875 0.373046875 0.8235460078125 0.379296875 0.81382378515625 0.392578125 0.804101564453125 0.418359375 0.804101564453125 0.431640625 0.78670390234375 0.431640625 0.78515625 0.302567435546875 0.78515625 0.285546875 0.8360460078125 0.313671875 0.89021267578125 0.344140625 0.919379341796875 0.361328125 0.95271267578125 0.372265625 0.98882378515625 0.37745361328125 0.998046875 0.37941894921875 0.998046875
12 0.6840928828125 0.3350477421875 0.447981771484375 0.3545789921875 0.26171875 0.365627775390625 0.26171875 0.746508357421875 0.572981771484375 0.7678602421875 0.728515625 0.77714466015625 0.728515625 0.33427888671875 0.6840928828125 0.3350477421875