11 0.4140625 0.353515625 0.423828125 0.349609375 0.435546875 0.353515625 0.447265625 0.365234375 0.494140625 0.396484375 0.494140625 0.42578125 0.4921875 0.427734375 0.4765625 0.427734375 0.466796875 0.423828125 0.455078125 0.412109375 0.443359375 0.40625 0.4375 0.400390625 0.423828125 0.392578125 0.421875 0.388671875 0.41796875 0.388671875 0.4140625 0.384765625 0.4140625 0.35546875
2 0.52734375 0.3623046875 0.06640625 0.14208984375
0 0.486328125 0.537109375 0.49609375 0.541015625 0.50390625 0.541015625 0.509765625 0.544921875 0.509765625 0.619140625 0.490234375 0.62890625 0.482421875 0.62890625 0.47265625 0.6328125 0.443359375 0.6328125 0.44140625 0.630859375 0.42578125 0.62890625 0.4140625 0.623046875 0.4140625 0.55078125 0.423828125 0.544921875 0.447265625 0.537109375 0.484375 0.537109375
5 0.533203125 0.603515625 0.5390625 0.609375 0.544921875 0.62109375 0.55078125 0.62109375 0.55859375 0.625 0.55859375 0.66796875 0.556640625 0.66796875 0.556640625 0.6484375 0.552734375 0.64453125 0.548828125 0.64453125 0.54296875 0.650390625 0.5390625 0.6640625 0.5390625 0.67578125 0.53515625 0.68359375 0.53515625 0.6953125 0.53125 0.703125 0.5234375 0.708984375 0.513671875 0.70703125 0.5078125 0.701171875 0.50390625 0.689453125 0.50390625 0.62109375 0.509765625 0.607421875 0.513671875 0.603515625 0.53125 0.603515625
6 0.46484375 0.759765625 0.498046875 0.759765625 0.513671875 0.765625 0.513671875 0.806640625 0.5 0.802734375 0.474609375 0.8046875 0.47265625 0.802734375 0.46484375 0.802734375 0.46484375 0.76171875
10 0.60093316015625 0.59446614453125 0.58984375 0.596961263671875 0.58984375 0.6374178046875 0.5967664921875 0.631966146484375 0.6356553828125 0.63743489453125 0.650390625 0.63615973046875 0.650390625 0.579222216796875 0.642599826171875 0.57884114453125 0.624544271484375 0.581184896484375 0.605099826171875 0.58821614453125 0.60093316015625 0.59446614453125
1 0.33984375 0.430108740234375 0.40776909765625 0.457400173828125 0.408203125 0.457382734375 0.408203125 0.41653745703125 0.371657986328125 0.401931423828125 0.3549913203125 0.391775173828125 0.33984375 0.390828451171875 0.33984375 0.430108740234375
7 0.58839925 0.689453125 0.5849609375 0.696788193359375 0.5849609375 0.717621525390625 0.5888671875 0.72873263671875 0.6029296875 0.755121525390625 0.625 0.736179955078125 0.625 0.7084085625 0.6146484375 0.69123263671875 0.5990234375 0.6953993046875 0.590327150390625 0.689453125 0.58839925 0.689453125
4 0.529296875 0.439713541015625 0.522265625 0.5036024296875 0.525390625 0.51332465234375 0.541015625 0.523046875 0.550390625 0.521657986328125 0.554296875 0.514713541015625 0.564453125 0.460546875 0.564453125 0.435150048828125 0.559765625 0.424435763671875 0.55040283203125 0.421875 0.549365234375 0.421875 0.529296875 0.439713541015625
3 0.430078125 0.132009546875 0.421484375 0.12228732421875 0.430859375 0.080620658203125 0.442578125 0.05562066015625 0.444921875 0.002842880859375 0.4414184609375 0.001953125 0.43917236328125 0.001953125 0.434765625 0.00978732421875 0.423828125 0.0458984375 0.408203125 0.077842880859375 0.398046875 0.09173176953125 0.378515625 0.105620658203125 0.355078125 0.150065103515625 0.309765625 0.195898435546875 0.294140625 0.200065103515625 0.28582763671875 0.21484375 0.494140625 0.21484375 0.494140625 0.21329609765625 0.480859375 0.195898435546875 0.455859375 0.195898435546875 0.442578125 0.18617621484375 0.430078125 0.132009546875
12 0.6952256953125 0.22845051953125 0.259765625 0.2564443828125 0.259765625 0.637128115234375 0.6813368046875 0.66829426953125 0.71328125 0.66438801953125 0.72265625 0.667401412109375 0.72265625 0.2984375 0.7188368046875 0.29485676953125 0.72265625 0.28841145703125 0.72265625 0.22676728125 0.6952256953125 0.22845051953125
8 0.4375 0.66015625 0.443359375 0.669921875 0.443359375 0.71875 0.435546875 0.728515625 0.43359375 0.744140625 0.4296875 0.75 0.4296875 0.75390625 0.419921875 0.7578125 0.412109375 0.755859375 0.404296875 0.74609375 0.404296875 0.708984375 0.408203125 0.697265625 0.408203125 0.68359375 0.412109375 0.673828125 0.412109375 0.666015625 0.419921875 0.65625 0.43359375 0.65625 0.435546875 0.66015625