11 0.43359375 0.349609375 0.443359375 0.353515625 0.455078125 0.365234375 0.486328125 0.384765625 0.48828125 0.388671875 0.494140625 0.390625 0.494140625 0.423828125 0.486328125 0.427734375 0.474609375 0.423828125 0.462890625 0.412109375 0.4140625 0.37890625 0.4140625 0.353515625 0.41796875 0.349609375 0.431640625 0.349609375
2 0.537109375 0.291015625 0.546875 0.298828125 0.556640625 0.318359375 0.556640625 0.32421875 0.55859375 0.326171875 0.55859375 0.3671875 0.5546875 0.375 0.5546875 0.3828125 0.55078125 0.392578125 0.55078125 0.40625 0.546875 0.412109375 0.546875 0.416015625 0.53515625 0.4296875 0.529296875 0.431640625 0.513671875 0.4296875 0.50390625 0.41796875 0.498046875 0.404296875 0.498046875 0.3984375 0.49609375 0.396484375 0.49609375 0.33984375 0.498046875 0.337890625 0.498046875 0.32421875 0.5078125 0.30078125 0.521484375 0.291015625 0.53515625 0.291015625
0 0.4921875 0.537109375 0.509765625 0.54296875 0.509765625 0.619140625 0.478515625 0.630859375 0.439453125 0.630859375 0.4296875 0.626953125 0.421875 0.626953125 0.4140625 0.623046875 0.4140625 0.548828125 0.421875 0.546875 0.42578125 0.54296875 0.4296875 0.54296875 0.435546875 0.5390625 0.443359375 0.5390625 0.4453125 0.537109375 0.490234375 0.537109375
5 0.533203125 0.603515625 0.5390625 0.609375 0.544921875 0.62109375 0.55078125 0.62109375 0.55859375 0.625 0.55859375 0.66796875 0.556640625 0.66796875 0.556640625 0.6484375 0.552734375 0.64453125 0.548828125 0.64453125 0.54296875 0.650390625 0.5390625 0.6640625 0.5390625 0.67578125 0.53515625 0.68359375 0.53515625 0.6953125 0.53125 0.703125 0.5234375 0.708984375 0.513671875 0.70703125 0.5078125 0.701171875 0.50390625 0.689453125 0.50390625 0.62109375 0.509765625 0.607421875 0.513671875 0.603515625 0.53125 0.603515625
6 0.46484375 0.759765625 0.498046875 0.759765625 0.513671875 0.765625 0.513671875 0.806640625 0.5 0.802734375 0.474609375 0.8046875 0.47265625 0.802734375 0.46484375 0.802734375 0.46484375 0.76171875
10 0.60093316015625 0.59446614453125 0.58984375 0.596961263671875 0.58984375 0.6374178046875 0.5967664921875 0.631966146484375 0.6356553828125 0.63743489453125 0.650390625 0.63615973046875 0.650390625 0.579222216796875 0.642599826171875 0.57884114453125 0.624544271484375 0.581184896484375 0.605099826171875 0.58821614453125 0.60093316015625 0.59446614453125
1 0.4076171875 0.379383681640625 0.4013671875 0.365494791015625 0.393273927734375 0.36328125 0.39054972265625 0.36328125 0.3716796875 0.379383681640625 0.3404296875 0.457161458984375 0.3412109375 0.47660590234375 0.34776611328125 0.484375 0.35997314453125 0.484375 0.3748046875 0.473828125 0.3958984375 0.42105034765625 0.4060546875 0.404383681640625 0.4076171875 0.379383681640625
7 0.583984375 0.742339408203125 0.6004774296875 0.742339408203125 0.611588541015625 0.738433158203125 0.625 0.731286263671875 0.625 0.709249634765625 0.618532986328125 0.701714408203125 0.593532986328125 0.70093316015625 0.583984375 0.706687904296875 0.583984375 0.742339408203125
4 0.534765625 0.428342013671875 0.523046875 0.490842013671875 0.523828125 0.506119791015625 0.529296875 0.518619791015625 0.539453125 0.5213975703125 0.559765625 0.503342013671875 0.564453125 0.460749421875 0.564453125 0.43216145703125 0.563671875 0.42973090234375 0.551046318359375 0.421875 0.5384033203125 0.421875 0.534765625 0.428342013671875
3 0.382421875 0.12493489453125 0.401953125 0.111046005859375 0.425390625 0.066601560546875 0.470703125 0.020768228515625 0.486328125 0.0166015625 0.494140625 0.002712671875 0.494140625 0.001953125 0.285246060546875 0.001953125 0.299609375 0.020768228515625 0.324609375 0.020768228515625 0.337890625 0.03049044921875 0.350390625 0.0846571171875 0.358984375 0.09437933984375 0.349609375 0.136046005859375 0.337890625 0.161046005859375 0.335546875 0.21382378515625 0.3395629921875 0.21484375 0.34122314453125 0.21484375 0.345703125 0.20687933984375 0.356640625 0.170768228515625 0.372265625 0.138823783203125 0.382421875 0.12493489453125
12 0.6952256953125 0.22845051953125 0.259765625 0.2564443828125 0.259765625 0.637128115234375 0.6813368046875 0.66829426953125 0.71328125 0.66438801953125 0.72265625 0.667401412109375 0.72265625 0.2984375 0.7188368046875 0.29485676953125 0.72265625 0.28841145703125 0.72265625 0.22676728125 0.6952256953125 0.22845051953125
8 0.40234375 0.6875 0.421875 0.6875 0.43359375 0.69140625 0.443359375 0.69140625 0.443359375 0.728515625 0.41796875 0.728515625 0.408203125 0.724609375 0.40234375 0.71875 0.40234375 0.689453125