0 0.4700086796875 0.589084201171875 0.48667534765625 0.588302951171875 0.5234375 0.5795301640625 0.5234375 0.49817708203125 0.513064236328125 0.492990451171875 0.489453125 0.488302951171875 0.453342013671875 0.488302951171875 0.426953125 0.494552951171875 0.423828125 0.496408419921875 0.423828125 0.576742892578125 0.4338975703125 0.582052951171875 0.4700086796875 0.589084201171875
2 0.41796875 0.615957919921875 0.41796875 0.55577799609375 0.4164930546875 0.55514323046875 0.3914930546875 0.55358073046875 0.3678819453125 0.558268228515625 0.341796875 0.572147953125 0.341796875 0.626421828125 0.3539930546875 0.62936198046875 0.3789930546875 0.628580728515625 0.41796875 0.615957919921875
4 0.551640625 0.58203125 0.560546875 0.577083333984375 0.564453125 0.56927083203125 0.564453125 0.54652777734375 0.557421875 0.492361109375 0.548046875 0.47847222265625 0.529296875 0.48541666796875 0.523046875 0.5006944453125 0.523046875 0.514583333984375 0.534765625 0.5756944453125 0.539518228515625 0.58203125 0.551640625 0.58203125
6 0.609098306640625 0.619140625 0.612402349609375 0.619140625 0.6220703125 0.6169921875 0.6298828125 0.59615885546875 0.6328125 0.559700521484375 0.6328125 0.524110244140625 0.6322265625 0.510047744140625 0.6251953125 0.48921441015625 0.6134765625 0.485047744140625 0.6025390625 0.490603298828125 0.5970703125 0.512825521484375 0.5962890625 0.5864366328125 0.6001953125 0.607269966796875 0.609098306640625 0.619140625
11 0.3828125 0.4905486953125 0.3828125 0.475455728515625 0.3822265625 0.4666015625 0.3619140625 0.40549044921875 0.333984375 0.412386669921875 0.333984375 0.4190321171875 0.3345703125 0.438823783203125 0.35854378515625 0.49609375 0.366697185546875 0.49609375 0.3828125 0.4905486953125
9 0.431640625 0.3833808046875 0.431640625 0.411977810546875 0.4522569453125 0.41391058984375 0.46484375 0.410606552734375 0.46484375 0.382298234375 0.44253472265625 0.38031683984375 0.431640625 0.3833808046875
7 0.40835503515625 0.359678818359375 0.37109375 0.3690744453125 0.37109375 0.39907867578125 0.37641058984375 0.403428818359375 0.38335503515625 0.403428818359375 0.4140625 0.393268259765625 0.4140625 0.36128404296875 0.40835503515625 0.359678818359375
5 0.5388671875 0.38754340234375 0.5560546875 0.35559895703125 0.5599609375 0.3778211796875 0.5625 0.378573494140625 0.5625 0.33504340234375 0.5599609375 0.3278211796875 0.5513671875 0.31948784765625 0.5482421875 0.30004340234375 0.5419921875 0.286154513671875 0.533505861328125 0.279296875 0.5239318828125 0.279296875 0.5123046875 0.2903211796875 0.5068359375 0.304210068359375 0.5068359375 0.323654513671875 0.5177734375 0.376432291015625 0.5216796875 0.383376736328125 0.5291259765625 0.388671875 0.53124999609375 0.388671875 0.5388671875 0.38754340234375
10 0.388671875 0.113172744140625 0.387109375 0.159006078125 0.412890625 0.250672744140625 0.418359375 0.259006076171875 0.428468017578125 0.328125 0.436896970703125 0.328125 0.439453125 0.324879091796875 0.439453125 0.3080801484375 0.438671875 0.304839408203125 0.437890625 0.22845051953125 0.433984375 0.202061630859375 0.416015625 0.11039496484375 0.408984375 0.099283853515625 0.398828125 0.09789496484375 0.392578125 0.102061630859375 0.388671875 0.113172744140625
8 0.6015625 0.188732962890625 0.56640625 0.189113259765625 0.56640625 0.223664671875 0.6015625 0.22136520703125 0.6015625 0.188732962890625
1 0.6171875 0.376649306640625 0.5859375 0.376649306640625 0.5859375 0.40882773828125 0.6171875 0.408325505859375 0.6171875 0.376649306640625
3 0.41030816015625 0.66694878515625 0.401974826171875 0.68882378515625 0.38530816015625 0.71226128515625 0.37280816015625 0.72398003515625 0.37109375 0.724622939453125 0.37109375 0.795135837890625 0.3825303828125 0.80210503515625 0.442252603515625 0.78648003515625 0.483919271484375 0.76460503515625 0.505859375 0.758820046875 0.505859375 0.7420095078125 0.4575303828125 0.74898003515625 0.4325303828125 0.73335503515625 0.4186414921875 0.73101128515625 0.411697048828125 0.71226128515625 0.424197048828125 0.69741753515625 0.424197048828125 0.68804253515625 0.417252603515625 0.67007378515625 0.41030816015625 0.66694878515625
12 0.7265625 0.9933217578125 0.7265625 0.96989583203125 0.71640625 0.818229166015625 0.715625 0.744618056640625 0.71015625 0.7210069453125 0.7078125 0.6890625 0.68671875 0.32378472265625 0.6734375 0.125173611328125 0.670322265625 0.111328125 0.669979099609375 0.111328125 0.32890625 0.155729166015625 0.3171875 0.16128472265625 0.28984375 0.53628472265625 0.27109375 0.8460069453125 0.26328125 0.977951388671875 0.2655419921875 0.998046875 0.646826177734375 0.998046875 0.7265625 0.9933217578125