0 0.421614583984375 0.547938369140625 0.41015625 0.555592177734375 0.41015625 0.602674697265625 0.417447916015625 0.6057508671875 0.42855902734375 0.631532119140625 0.44800347265625 0.636219619140625 0.47300347265625 0.635438369140625 0.4952256953125 0.6299696171875 0.509765625 0.621435310546875 0.509765625 0.546742080078125 0.504947916015625 0.544032119140625 0.4827256953125 0.538563369140625 0.454947916015625 0.5377821171875 0.421614583984375 0.547938369140625
7 0.396484375 0.2699588828125 0.4146484375 0.277256943359375 0.4327039921875 0.281163193359375 0.43687066015625 0.279600693359375 0.443359375 0.274827744140625 0.443359375 0.245933701171875 0.4215928828125 0.235850693359375 0.406315103515625 0.233506943359375 0.396484375 0.241248642578125 0.396484375 0.2699588828125
8 0.3673828125 0.621896701171875 0.3501953125 0.674674478515625 0.3501953125 0.69828558984375 0.3580078125 0.7135633671875 0.3650390625 0.717730033203125 0.3736328125 0.717730033203125 0.3845703125 0.70384114453125 0.39453125 0.645267427734375 0.39453125 0.63117249609375 0.3892578125 0.619118923828125 0.37614746484375 0.615234375 0.374877927734375 0.615234375 0.3673828125 0.621896701171875
11 0.325390625 0.58404948046875 0.325390625 0.58960503515625 0.333203125 0.603493923828125 0.338671875 0.606271703125 0.360546875 0.565993923828125 0.369921875 0.53404948046875 0.374609375 0.52710503515625 0.375 0.52398003515625 0.375 0.510438369140625 0.374261474609375 0.5078125 0.36127477734375 0.5078125 0.341796875 0.543771703125 0.325390625 0.58404948046875
2 0.625 0.743511388671875 0.625 0.688427349609375 0.568359375 0.688902876953125 0.568359375 0.74464427734375 0.5838758671875 0.745290798828125 0.625 0.743511388671875
6 0.51953125 0.79107184765625 0.51953125 0.758153619140625 0.48046875 0.754491509765625 0.48046875 0.78557671484375 0.514040798828125 0.79097222265625 0.51953125 0.79107184765625
4 0.561892361328125 0.490928818359375 0.564453125 0.49079787109375 0.564453125 0.453265837890625 0.5327256953125 0.447960068359375 0.521484375 0.4475648671875 0.521484375 0.4833523203125 0.561892361328125 0.490928818359375
10 0.38125 0.53422308984375 0.39140625 0.546723091796875 0.39609375 0.546723091796875 0.41484375 0.5314453125 0.43046875 0.5314453125 0.440625 0.4995008671875 0.43671875 0.45366753515625 0.44765625 0.44811198046875 0.45390625 0.45366753515625 0.45625 0.4439453125 0.46640625 0.43561198046875 0.465625 0.4258897578125 0.45703125 0.4189453125 0.448242185546875 0.41796875 0.425952150390625 0.41796875 0.40390625 0.424500869140625 0.40078125 0.442556423828125 0.38203125 0.49116753515625 0.38125 0.53422308984375
1 0.4056640625 0.413736978515625 0.401066080078125 0.376953125 0.399230955078125 0.376953125 0.3908203125 0.38040364453125 0.3798828125 0.3970703125 0.3681640625 0.441514755859375 0.3564453125 0.460959201171875 0.3572265625 0.48179253515625 0.3658203125 0.501236978515625 0.37257690625 0.50390625 0.372960068359375 0.50390625 0.3978515625 0.479014755859375 0.4025390625 0.458181423828125 0.4158203125 0.43040364453125 0.4056640625 0.413736978515625
5 0.4265625 0.33483073046875 0.40390625 0.373719619140625 0.4046875 0.4056640625 0.4109375 0.420941841796875 0.4203125 0.4306640625 0.4328125 0.432052953125 0.44140625 0.423719619140625 0.4484375 0.407052953125 0.44921875 0.39038628515625 0.453125 0.376497396484375 0.453125 0.35427517578125 0.45234375 0.345941841796875 0.44225463671875 0.333984375 0.43084717578125 0.333984375 0.4265625 0.33483073046875
9 0.512109375 0.30258246484375 0.523828125 0.2998046875 0.533984375 0.285915798828125 0.534765625 0.2553602421875 0.524773763671875 0.236328125 0.50789325390625 0.236328125 0.498046875 0.25258246484375 0.496484375 0.27202691015625 0.498828125 0.285915798828125 0.512109375 0.30258246484375
3 0.373046875 0.1764539921875 0.376171875 0.16673176953125 0.367578125 0.132009546875 0.359765625 0.120898435546875 0.367578125 0.08478732421875 0.380859375 0.05562066015625 0.382421875 0.002842880859375 0.37941894921875 0.001953125 0.37745361328125 0.001953125 0.372265625 0.01117621484375 0.361328125 0.04728732421875 0.344140625 0.080620658203125 0.313671875 0.10978732421875 0.285546875 0.1639539921875 0.302567435546875 0.21484375 0.431640625 0.21484375 0.431640625 0.21329609765625 0.418359375 0.195898435546875 0.392578125 0.195898435546875 0.379296875 0.18617621484375 0.373046875 0.1764539921875
12 0.3142578125 0.82233073046875 0.3212890625 0.8431640625 0.5087890625 0.8626085078125 0.5220703125 0.8681640625 0.6705078125 0.8876085078125 0.6736328125 0.873719619140625 0.6962890625 0.491775173828125 0.7158203125 0.2556640625 0.7173828125 0.16538628515625 0.7283203125 0.016775173828125 0.7205078125 0.004275173828125 0.7116882265625 0.00390625 0.316033974609375 0.00390625 0.2642578125 0.004275173828125 0.2626953125 0.026497396484375 0.2830078125 0.366775173828125 0.3142578125 0.82233073046875