0 0.421614583984375 0.452061630859375 0.454947916015625 0.4622178828125 0.4827256953125 0.461436630859375 0.504947916015625 0.455967880859375 0.509765625 0.453257919921875 0.509765625 0.378564689453125 0.4952256953125 0.3700303828125 0.47300347265625 0.364561630859375 0.44800347265625 0.363780380859375 0.42855902734375 0.368467880859375 0.417447916015625 0.3942491328125 0.41015625 0.397325302734375 0.41015625 0.444407822265625 0.421614583984375 0.452061630859375
7 0.401171875 0.749891494140625 0.412890625 0.77905816015625 0.4163879375 0.783203125 0.4203552265625 0.783203125 0.428515625 0.77905816015625 0.443359375 0.760208955078125 0.443359375 0.748039642578125 0.442578125 0.742947048828125 0.431640625 0.719335939453125 0.428515625 0.705447048828125 0.424609375 0.7012803828125 0.412109375 0.709613716796875 0.398828125 0.727669271484375 0.397265625 0.731835939453125 0.401171875 0.749891494140625
8 0.374877927734375 0.384765625 0.37614746484375 0.384765625 0.3892578125 0.380881076171875 0.39453125 0.36882750390625 0.39453125 0.354732572265625 0.3845703125 0.29615885546875 0.3736328125 0.282269966796875 0.3650390625 0.282269966796875 0.3580078125 0.2864366328125 0.3501953125 0.30171441015625 0.3501953125 0.325325521484375 0.3673828125 0.378103298828125 0.374877927734375 0.384765625
11 0.3379991328125 0.4336805546875 0.32421875 0.4411449296875 0.32421875 0.4645448125 0.32827691015625 0.4618055546875 0.360221353515625 0.4524305546875 0.375 0.444404220703125 0.375 0.418609080078125 0.3379991328125 0.4336805546875
2 0.6122178828125 0.310568576171875 0.625 0.31003598828125 0.625 0.25415769921875 0.568359375 0.253682169921875 0.568359375 0.3086708515625 0.6122178828125 0.310568576171875
6 0.486740451171875 0.24652777734375 0.51953125 0.241257828125 0.51953125 0.210120306640625 0.48046875 0.213782416015625 0.48046875 0.246641578125 0.486740451171875 0.24652777734375
4 0.54055989453125 0.58203125 0.542439783203125 0.58203125 0.560546875 0.5743055546875 0.564453125 0.565046296875 0.564453125 0.539583333984375 0.554296875 0.48541666796875 0.550390625 0.47847222265625 0.541796875 0.477083333984375 0.525390625 0.486805556640625 0.522265625 0.496527779296875 0.523046875 0.518750001953125 0.531640625 0.570138890625 0.54055989453125 0.58203125
10 0.41460503515625 0.5598524296875 0.463216146484375 0.5411024296875 0.466796875 0.5404826875 0.466796875 0.47957695703125 0.4618272578125 0.4856336796875 0.45210503515625 0.4879774296875 0.45766058984375 0.4942274296875 0.45210503515625 0.5051649296875 0.406271701171875 0.5012586796875 0.380859375 0.50933814453125 0.380859375 0.56046475 0.41460503515625 0.5598524296875
1 0.401066080078125 0.623046875 0.4056640625 0.586263021484375 0.4158203125 0.56959635546875 0.4025390625 0.541818576171875 0.3978515625 0.520985244140625 0.372960068359375 0.49609375 0.37257690625 0.49609375 0.3658203125 0.498763021484375 0.3572265625 0.51820746484375 0.3564453125 0.539040798828125 0.3681640625 0.558485244140625 0.3798828125 0.6029296875 0.3908203125 0.61959635546875 0.399230955078125 0.623046875 0.401066080078125 0.623046875
5 0.453125 0.633119466796875 0.453125 0.593159314453125 0.439518228515625 0.5918836796875 0.42007378515625 0.5973524296875 0.4034071171875 0.5981336796875 0.40234375 0.598582287109375 0.40234375 0.640880484375 0.4047960078125 0.6418836796875 0.436740451171875 0.6426649296875 0.453125 0.633119466796875
9 0.521045939453125 0.763671875 0.533203125 0.748415798828125 0.53515625 0.736841724609375 0.53515625 0.729665798828125 0.533984375 0.71508246484375 0.523046875 0.69702691015625 0.508203125 0.69702691015625 0.497265625 0.7178602421875 0.498046875 0.748415798828125 0.508203125 0.7623046875 0.513970947265625 0.763671875 0.521045939453125 0.763671875
3 0.283203125 0.958361267578125 0.30336371484375 0.96510416796875 0.3575303828125 0.93697916796875 0.386697048828125 0.90651041796875 0.4200303828125 0.88932291796875 0.431640625 0.885806353515625 0.431640625 0.869201232421875 0.411697048828125 0.86979166796875 0.3825303828125 0.88307291796875 0.346419271484375 0.89088541796875 0.33530816015625 0.88307291796875 0.3005859375 0.87447916796875 0.29086371484375 0.87760416796875 0.283203125 0.87267950390625 0.283203125 0.958361267578125
12 0.3365234375 0.112608505859375 0.2701171875 0.115386283203125 0.2623046875 0.127886283203125 0.2732421875 0.27649739453125 0.2748046875 0.366775171875 0.2943359375 0.602886283203125 0.3169921875 0.984830728515625 0.3195263671875 0.99609375 0.340162869140625 0.99609375 0.4685546875 0.979275171875 0.4818359375 0.9737196171875 0.6693359375 0.954275171875 0.6763671875 0.93344183984375 0.7076171875 0.477886283203125 0.7279296875 0.1376085078125 0.7263671875 0.115386283203125 0.3365234375 0.112608505859375