11 0.43359375 0.349609375 0.443359375 0.353515625 0.455078125 0.365234375 0.486328125 0.384765625 0.48828125 0.388671875 0.494140625 0.390625 0.494140625 0.423828125 0.486328125 0.427734375 0.474609375 0.423828125 0.462890625 0.412109375 0.4140625 0.37890625 0.4140625 0.353515625 0.41796875 0.349609375 0.431640625 0.349609375
2 0.494140625 0.330078125 0.53515625 0.330078125 0.54296875 0.333984375 0.55859375 0.3359375 0.55859375 0.392578125 0.5078125 0.392578125 0.505859375 0.390625 0.494140625 0.390625 0.494140625 0.33203125
0 0.46875 0.51171875 0.482421875 0.517578125 0.494140625 0.53125 0.498046875 0.537109375 0.498046875 0.541015625 0.501953125 0.544921875 0.509765625 0.568359375 0.509765625 0.607421875 0.505859375 0.6171875 0.505859375 0.625 0.494140625 0.646484375 0.482421875 0.65625 0.4765625 0.65625 0.474609375 0.658203125 0.453125 0.65625 0.4375 0.646484375 0.4296875 0.63671875 0.42578125 0.625 0.421875 0.62109375 0.4140625 0.59375 0.4140625 0.564453125 0.416015625 0.5625 0.416015625 0.5546875 0.421875 0.537109375 0.427734375 0.52734375 0.44140625 0.513671875 0.466796875 0.51171875
5 0.548828125 0.60546875 0.5546875 0.611328125 0.55859375 0.623046875 0.55859375 0.69140625 0.552734375 0.705078125 0.546875 0.7109375 0.53125 0.7109375 0.5234375 0.703125 0.517578125 0.69140625 0.51171875 0.69140625 0.50390625 0.6875 0.50390625 0.669921875 0.501953125 0.66796875 0.50390625 0.64453125 0.505859375 0.64453125 0.505859375 0.6640625 0.509765625 0.66796875 0.513671875 0.66796875 0.51953125 0.662109375 0.521484375 0.65625 0.5234375 0.63671875 0.52734375 0.62890625 0.52734375 0.6171875 0.53125 0.609375 0.5390625 0.603515625 0.544921875 0.603515625 0.546875 0.60546875
6 0.4765625 0.71484375 0.48046875 0.712890625 0.498046875 0.712890625 0.505859375 0.716796875 0.513671875 0.724609375 0.513671875 0.763671875 0.509765625 0.7734375 0.51171875 0.798828125 0.509765625 0.80078125 0.5078125 0.826171875 0.501953125 0.833984375 0.4921875 0.83984375 0.486328125 0.853515625 0.48046875 0.85546875 0.4765625 0.84765625 0.474609375 0.833984375 0.46484375 0.818359375 0.46484375 0.783203125 0.466796875 0.78125 0.46875 0.767578125 0.47265625 0.76171875 0.47265625 0.724609375 0.4765625 0.716796875
10 0.60093316015625 0.59446614453125 0.58984375 0.596961263671875 0.58984375 0.6374178046875 0.5967664921875 0.631966146484375 0.6356553828125 0.63743489453125 0.650390625 0.63615973046875 0.650390625 0.579222216796875 0.642599826171875 0.57884114453125 0.624544271484375 0.581184896484375 0.605099826171875 0.58821614453125 0.60093316015625 0.59446614453125
1 0.40103759765625 0.36328125 0.38785400390625 0.36328125 0.3736328125 0.37339409765625 0.3525390625 0.426171875 0.3423828125 0.442838541015625 0.3408203125 0.467838541015625 0.3470703125 0.481727431640625 0.356750486328125 0.484375 0.357379150390625 0.484375 0.3767578125 0.467838541015625 0.4080078125 0.390060763671875 0.4072265625 0.3706163203125 0.40103759765625 0.36328125
7 0.58839925 0.689453125 0.5849609375 0.696788193359375 0.5849609375 0.717621525390625 0.5888671875 0.72873263671875 0.6029296875 0.755121525390625 0.625 0.736179955078125 0.625 0.7084085625 0.6146484375 0.69123263671875 0.5990234375 0.6953993046875 0.590327150390625 0.689453125 0.58839925 0.689453125
4 0.529296875 0.439713541015625 0.522265625 0.5036024296875 0.525390625 0.51332465234375 0.541015625 0.523046875 0.550390625 0.521657986328125 0.554296875 0.514713541015625 0.564453125 0.460546875 0.564453125 0.435150048828125 0.559765625 0.424435763671875 0.55040283203125 0.421875 0.549365234375 0.421875 0.529296875 0.439713541015625
3 0.430078125 0.132009546875 0.421484375 0.12228732421875 0.430859375 0.080620658203125 0.442578125 0.05562066015625 0.444921875 0.002842880859375 0.4414184609375 0.001953125 0.43917236328125 0.001953125 0.434765625 0.00978732421875 0.423828125 0.0458984375 0.408203125 0.077842880859375 0.398046875 0.09173176953125 0.378515625 0.105620658203125 0.355078125 0.150065103515625 0.309765625 0.195898435546875 0.294140625 0.200065103515625 0.28582763671875 0.21484375 0.494140625 0.21484375 0.494140625 0.21329609765625 0.480859375 0.195898435546875 0.455859375 0.195898435546875 0.442578125 0.18617621484375 0.430078125 0.132009546875
12 0.333117671875 0.005859375 0.316048177734375 0.005859375 0.3134765625 0.01614583203125 0.3064453125 0.148090279296875 0.2705078125 0.63420138671875 0.2744140625 0.66614583203125 0.2712890625 0.6758680546875 0.2712890625 0.72309027734375 0.2681640625 0.742534720703125 0.2705078125 0.76614583203125 0.2666015625 0.76753472265625 0.2619140625 0.831423609375 0.2626953125 0.881423611328125 0.2798828125 0.88559027734375 0.4845703125 0.886979166015625 0.4923828125 0.87309027734375 0.5072265625 0.864756943359375 0.5205078125 0.864756943359375 0.5369140625 0.84114583203125 0.5478515625 0.836979166015625 0.5830078125 0.770312498046875 0.5994140625 0.761979166015625 0.6134765625 0.743923611328125 0.6275390625 0.7133680546875 0.6361328125 0.680034720703125 0.6439453125 0.671701388671875 0.6533203125 0.677256943359375 0.6501953125 0.70364583203125 0.6517578125 0.734201388671875 0.6400390625 0.756423609375 0.6408203125 0.77170138671875 0.6322265625 0.795312498046875 0.6392578125 0.805034720703125 0.6400390625 0.817534720703125 0.6470703125 0.825868056640625 0.6462890625 0.85364583203125 0.6642578125 0.86614583203125 0.6767578125 0.859201388671875 0.6923828125 0.867534720703125 0.7025390625 0.88420138671875 0.7212890625 0.88559027734375 0.72265625 0.881944443359375 0.72265625 0.848611111328125 0.7103515625 0.648090279296875 0.6822265625 0.210590279296875 0.6689453125 0.0508680546875 0.333117671875 0.005859375
8 0.4375 0.66015625 0.443359375 0.669921875 0.443359375 0.71875 0.435546875 0.728515625 0.43359375 0.744140625 0.4296875 0.75 0.4296875 0.75390625 0.419921875 0.7578125 0.412109375 0.755859375 0.404296875 0.74609375 0.404296875 0.708984375 0.408203125 0.697265625 0.408203125 0.68359375 0.412109375 0.673828125 0.412109375 0.666015625 0.419921875 0.65625 0.43359375 0.65625 0.435546875 0.66015625