11 0.4296875 0.544921875 0.43359375 0.55078125 0.43359375 0.5546875 0.4453125 0.56640625 0.455078125 0.583984375 0.470703125 0.603515625 0.478515625 0.6171875 0.482421875 0.619140625 0.4921875 0.6328125 0.494140625 0.640625 0.48046875 0.666015625 0.478515625 0.673828125 0.474609375 0.673828125 0.455078125 0.646484375 0.455078125 0.642578125 0.451171875 0.640625 0.443359375 0.626953125 0.4375 0.62109375 0.431640625 0.609375 0.427734375 0.607421875 0.41796875 0.59375 0.416015625 0.587890625 0.416015625 0.572265625 0.419921875 0.568359375 0.427734375 0.546875
2 0.55859375 0.60546875 0.55859375 0.662109375 0.54296875 0.6640625 0.53515625 0.66796875 0.494140625 0.66796875 0.494140625 0.607421875 0.505859375 0.607421875 0.5078125 0.60546875 0.556640625 0.60546875
0 0.4765625 0.341796875 0.478515625 0.34375 0.484375 0.34375 0.498046875 0.357421875 0.5078125 0.376953125 0.5078125 0.3828125 0.509765625 0.384765625 0.509765625 0.431640625 0.5078125 0.43359375 0.5078125 0.44140625 0.49609375 0.466796875 0.484375 0.48046875 0.47265625 0.486328125 0.443359375 0.486328125 0.431640625 0.4765625 0.423828125 0.46484375 0.416015625 0.4375 0.416015625 0.3984375 0.427734375 0.3671875 0.443359375 0.34765625 0.45703125 0.341796875 0.474609375 0.341796875
5 0.50390625 0.310546875 0.51171875 0.306640625 0.517578125 0.306640625 0.5234375 0.294921875 0.53125 0.287109375 0.546875 0.287109375 0.552734375 0.29296875 0.55859375 0.306640625 0.55859375 0.375 0.5546875 0.38671875 0.544921875 0.39453125 0.53515625 0.392578125 0.52734375 0.380859375 0.52734375 0.369140625 0.5234375 0.361328125 0.5234375 0.349609375 0.51953125 0.3359375 0.513671875 0.330078125 0.509765625 0.330078125 0.505859375 0.333984375 0.505859375 0.353515625 0.50390625 0.353515625 0.50390625 0.337890625 0.501953125 0.3359375 0.50390625 0.3125
6 0.486328125 0.14453125 0.4921875 0.158203125 0.501953125 0.1640625 0.5078125 0.171875 0.509765625 0.197265625 0.51171875 0.19921875 0.509765625 0.224609375 0.513671875 0.234375 0.513671875 0.2734375 0.505859375 0.28125 0.498046875 0.28515625 0.48046875 0.28515625 0.4765625 0.283203125 0.4765625 0.279296875 0.47265625 0.2734375 0.47265625 0.236328125 0.46875 0.23046875 0.46875 0.224609375 0.46484375 0.21484375 0.46484375 0.1796875 0.474609375 0.1640625 0.478515625 0.14453125 0.48046875 0.142578125 0.484375 0.14453125
10 0.6438585078125 0.41529948046875 0.650390625 0.420443521484375 0.650390625 0.380206705078125 0.63969183984375 0.377799478515625 0.635525173828125 0.371549478515625 0.616080728515625 0.36451823046875 0.598025173828125 0.362174478515625 0.58984375 0.36257465625 0.58984375 0.419459259765625 0.6049696171875 0.420768228515625 0.6438585078125 0.41529948046875
1 0.4072265625 0.6293836796875 0.4080078125 0.609939236328125 0.3767578125 0.532161458984375 0.357379150390625 0.515625 0.356750486328125 0.515625 0.3470703125 0.518272568359375 0.3408203125 0.532161458984375 0.3423828125 0.557161458984375 0.3525390625 0.573828125 0.3736328125 0.62660590234375 0.38785400390625 0.63671875 0.40103759765625 0.63671875 0.4072265625 0.6293836796875
7 0.6212890625 0.2842881953125 0.625 0.273732638671875 0.625 0.2519270859375 0.62135009765625 0.244140625 0.621098634765625 0.244140625 0.6111328125 0.25095486328125 0.5955078125 0.2467881953125 0.583984375 0.26590856640625 0.583984375 0.272482640625 0.5845703125 0.291232640625 0.60707484765625 0.310546875 0.60729594921875 0.310546875 0.6212890625 0.2842881953125
4 0.521484375 0.54974430078125 0.564453125 0.545015404296875 0.564453125 0.507018919921875 0.563845486328125 0.50698784765625 0.521484375 0.514930556640625 0.521484375 0.54974430078125
3 0.299609375 0.979231771484375 0.285246060546875 0.998046875 0.494140625 0.998046875 0.494140625 0.997287328125 0.486328125 0.9833984375 0.470703125 0.979231771484375 0.425390625 0.933398439453125 0.401953125 0.888953994140625 0.382421875 0.87506510546875 0.372265625 0.861176216796875 0.356640625 0.829231771484375 0.345703125 0.79312066015625 0.34122314453125 0.78515625 0.3395629921875 0.78515625 0.335546875 0.78617621484375 0.337890625 0.838953994140625 0.349609375 0.863953994140625 0.358984375 0.90562066015625 0.350390625 0.9153428828125 0.337890625 0.96950955078125 0.324609375 0.979231771484375 0.299609375 0.979231771484375
12 0.7188368046875 0.70514323046875 0.72265625 0.7015625 0.72265625 0.332598587890625 0.71328125 0.33561198046875 0.6813368046875 0.33170573046875 0.259765625 0.362871884765625 0.259765625 0.7435556171875 0.6952256953125 0.77154948046875 0.72265625 0.77323271875 0.72265625 0.71158854296875 0.7188368046875 0.70514323046875
8 0.4140625 0.2421875 0.427734375 0.2421875 0.435546875 0.251953125 0.435546875 0.259765625 0.439453125 0.26953125 0.439453125 0.283203125 0.443359375 0.294921875 0.443359375 0.33203125 0.435546875 0.341796875 0.421875 0.341796875 0.41796875 0.33984375 0.41796875 0.3359375 0.4140625 0.330078125 0.412109375 0.314453125 0.40625 0.30859375 0.40234375 0.298828125 0.40234375 0.263671875 0.40625 0.25 0.4140625 0.244140625