11 0.4921875 0.5703125 0.494140625 0.572265625 0.494140625 0.6015625 0.447265625 0.6328125 0.435546875 0.64453125 0.42578125 0.6484375 0.4140625 0.64453125 0.4140625 0.61328125 0.41796875 0.609375 0.421875 0.609375 0.423828125 0.60546875 0.4375 0.59765625 0.443359375 0.591796875 0.455078125 0.5859375 0.466796875 0.57421875 0.4765625 0.5703125 0.490234375 0.5703125
2 0.533203125 0.568359375 0.546875 0.578125 0.556640625 0.6015625 0.556640625 0.615234375 0.55859375 0.6171875 0.55859375 0.673828125 0.55078125 0.6953125 0.541015625 0.70703125 0.51953125 0.70703125 0.5078125 0.693359375 0.5078125 0.689453125 0.50390625 0.68359375 0.50390625 0.669921875 0.5 0.66015625 0.5 0.65234375 0.49609375 0.64453125 0.49609375 0.603515625 0.5 0.58984375 0.51171875 0.572265625 0.517578125 0.568359375 0.53125 0.568359375
0 0.4765625 0.341796875 0.478515625 0.34375 0.484375 0.34375 0.498046875 0.357421875 0.5078125 0.376953125 0.5078125 0.3828125 0.509765625 0.384765625 0.509765625 0.431640625 0.5078125 0.43359375 0.5078125 0.44140625 0.49609375 0.466796875 0.484375 0.48046875 0.47265625 0.486328125 0.443359375 0.486328125 0.431640625 0.4765625 0.423828125 0.46484375 0.416015625 0.4375 0.416015625 0.3984375 0.427734375 0.3671875 0.443359375 0.34765625 0.45703125 0.341796875 0.474609375 0.341796875
5 0.51953125 0.314453125 0.53515625 0.314453125 0.537109375 0.3125 0.55859375 0.314453125 0.55859375 0.369140625 0.501953125 0.369140625 0.501953125 0.337890625 0.51171875 0.333984375 0.53125 0.33203125 0.537109375 0.330078125 0.54296875 0.32421875 0.54296875 0.3203125 0.5390625 0.31640625 0.51953125 0.31640625
6 0.50390625 0.146484375 0.50390625 0.150390625 0.5078125 0.15625 0.5078125 0.193359375 0.513671875 0.20703125 0.513671875 0.25390625 0.505859375 0.265625 0.501953125 0.28515625 0.494140625 0.28515625 0.48828125 0.271484375 0.478515625 0.265625 0.47265625 0.2578125 0.470703125 0.232421875 0.46875 0.23046875 0.470703125 0.205078125 0.466796875 0.1953125 0.466796875 0.15625 0.474609375 0.1484375 0.482421875 0.14453125 0.5 0.14453125 0.501953125 0.146484375
10 0.6095703125 0.343120658203125 0.6095703125 0.3583984375 0.6064453125 0.372287326171875 0.6001953125 0.3764539921875 0.5931640625 0.3958984375 0.5908203125 0.413953994140625 0.5923828125 0.445898439453125 0.5986328125 0.46117621484375 0.6126953125 0.47367621484375 0.6337890625 0.476453994140625 0.6462890625 0.44312066015625 0.6494140625 0.40700955078125 0.6439453125 0.36812066015625 0.6494140625 0.361176216796875 0.650390625 0.3498914921875 0.650390625 0.3422982890625 0.6361328125 0.322287326171875 0.6064453125 0.307009548828125 0.5931640625 0.307009548828125 0.5900390625 0.31673176953125 0.5978515625 0.330620658203125 0.5955078125 0.343120658203125 0.6064453125 0.3389539921875 0.6095703125 0.343120658203125
1 0.40776909765625 0.542599826171875 0.33984375 0.569891259765625 0.33984375 0.609171548828125 0.3549913203125 0.608224826171875 0.371657986328125 0.598068576171875 0.408203125 0.58346254296875 0.408203125 0.542617265625 0.40776909765625 0.542599826171875
7 0.6212890625 0.2842881953125 0.625 0.273732638671875 0.625 0.2519270859375 0.62135009765625 0.244140625 0.621098634765625 0.244140625 0.6111328125 0.25095486328125 0.5955078125 0.2467881953125 0.583984375 0.26590856640625 0.583984375 0.272482640625 0.5845703125 0.291232640625 0.60707484765625 0.310546875 0.60729594921875 0.310546875 0.6212890625 0.2842881953125
4 0.55040283203125 0.578125 0.559765625 0.575564236328125 0.564453125 0.564849951171875 0.564453125 0.539453125 0.554296875 0.485286458984375 0.550390625 0.478342013671875 0.541015625 0.476953125 0.525390625 0.48667534765625 0.522265625 0.4963975703125 0.529296875 0.560286458984375 0.549365234375 0.578125 0.55040283203125 0.578125
3 0.423828125 0.9541015625 0.434765625 0.99021267578125 0.43917236328125 0.998046875 0.4414184609375 0.998046875 0.444921875 0.997157119140625 0.442578125 0.94437933984375 0.430859375 0.919379341796875 0.421484375 0.87771267578125 0.430078125 0.867990453125 0.442578125 0.81382378515625 0.455859375 0.804101564453125 0.480859375 0.804101564453125 0.494140625 0.78670390234375 0.494140625 0.78515625 0.28582763671875 0.78515625 0.294140625 0.799934896484375 0.309765625 0.804101564453125 0.355078125 0.849934896484375 0.378515625 0.894379341796875 0.398046875 0.90826823046875 0.408203125 0.922157119140625 0.423828125 0.9541015625
12 0.7188368046875 0.70514323046875 0.72265625 0.7015625 0.72265625 0.332598587890625 0.71328125 0.33561198046875 0.6813368046875 0.33170573046875 0.259765625 0.362871884765625 0.259765625 0.7435556171875 0.6952256953125 0.77154948046875 0.72265625 0.77323271875 0.72265625 0.71158854296875 0.7188368046875 0.70514323046875
8 0.4296875 0.244140625 0.4296875 0.248046875 0.43359375 0.25390625 0.435546875 0.26953125 0.443359375 0.279296875 0.443359375 0.328125 0.44140625 0.333984375 0.43359375 0.341796875 0.419921875 0.341796875 0.412109375 0.33203125 0.412109375 0.32421875 0.408203125 0.314453125 0.408203125 0.30078125 0.404296875 0.2890625 0.404296875 0.251953125 0.412109375 0.2421875 0.419921875 0.240234375 0.427734375 0.244140625