10 0.411328125 0.683441841796875 0.393359375 0.775108505859375 0.388671875 0.8112196171875 0.386328125 0.887608505859375 0.386328125 0.894552951171875 0.391796875 0.902886283203125 0.396484375 0.904275171875 0.400390625 0.897330728515625 0.410546875 0.827886283203125 0.416015625 0.819552951171875 0.439453125 0.733531443359375 0.439453125 0.69038628515625 0.436328125 0.677886283203125 0.432333375 0.673828125 0.418087767578125 0.673828125 0.411328125 0.683441841796875
5 0.5572265625 0.618098958984375 0.54884765625 0.611328125 0.53748046875 0.611328125 0.5291015625 0.618098958984375 0.5197265625 0.65143229296875 0.5080078125 0.66948784765625 0.5064453125 0.709765625 0.5119140625 0.711154513671875 0.5166015625 0.68754340234375 0.5228515625 0.690321181640625 0.5244140625 0.708376736328125 0.5322265625 0.71948784765625 0.542480466796875 0.720703125 0.5441650390625 0.720703125 0.5509765625 0.715321181640625 0.564453125 0.659838724609375 0.564453125 0.633515625 0.5572265625 0.618098958984375
0 0.43355034765625 0.416775173828125 0.423828125 0.422243923828125 0.423828125 0.5016338046875 0.4793836796875 0.511306423828125 0.5168836796875 0.504275173828125 0.5234375 0.5010801875 0.5234375 0.416586642578125 0.522439236328125 0.415993923828125 0.498828125 0.410525173828125 0.461328125 0.410525173828125 0.43355034765625 0.416775173828125
2 0.3732421875 0.345963541015625 0.3482421875 0.39457465234375 0.3435546875 0.416796873046875 0.3451171875 0.443185763671875 0.3552734375 0.466796875 0.3630859375 0.47513020703125 0.3818359375 0.479296873046875 0.3919921875 0.472352431640625 0.4037109375 0.451519095703125 0.4177734375 0.408463541015625 0.41796875 0.404991318359375 0.41796875 0.374609375 0.4146484375 0.3598524296875 0.396640625 0.33984375 0.38299560546875 0.33984375 0.3732421875 0.345963541015625
6 0.6328125 0.46113009765625 0.6328125 0.428072845703125 0.595703125 0.4284666953125 0.595703125 0.4641943046875 0.61011284765625 0.46538628515625 0.6328125 0.46113009765625
11 0.369943576171875 0.570768228515625 0.380859375 0.57141455859375 0.380859375 0.538446505859375 0.342165798828125 0.523111978515625 0.33203125 0.523745388671875 0.33203125 0.55828490234375 0.369943576171875 0.570768228515625
1 0.6134765625 0.53658854296875 0.6017578125 0.52964409765625 0.5931640625 0.537977431640625 0.5861328125 0.565755208984375 0.5869140625 0.6643663203125 0.5884765625 0.675477431640625 0.5962890625 0.685199654296875 0.6095703125 0.6768663203125 0.6171875 0.653476169921875 0.6171875 0.61401909765625 0.6166015625 0.59214409765625 0.6171875 0.581032986328125 0.6171875 0.5441282265625 0.6134765625 0.53658854296875
8 0.58671875 0.847135416015625 0.59765625 0.83324652734375 0.6015625 0.774913193359375 0.5984375 0.7499131953125 0.59140625 0.741579859375 0.585729986328125 0.740234375 0.578442380859375 0.740234375 0.56640625 0.754079859375 0.5671875 0.830468751953125 0.5765625 0.844357640625 0.58671875 0.847135416015625
9 0.4376953125 0.578016494140625 0.4322265625 0.594683162109375 0.4330078125 0.619683162109375 0.4431640625 0.63357205078125 0.4541015625 0.63357205078125 0.4603515625 0.628016494140625 0.46484375 0.613375291015625 0.46484375 0.6090928828125 0.4634765625 0.58357205078125 0.454927060546875 0.57421875 0.44837646875 0.57421875 0.4376953125 0.578016494140625
7 0.37109375 0.623719619140625 0.371875 0.643164064453125 0.39296875 0.65983073046875 0.3984375 0.655664064453125 0.4140625 0.607052953125 0.4140625 0.601497396484375 0.4 0.58483073046875 0.390625 0.57649739453125 0.38046875 0.593164064453125 0.37109375 0.623719619140625
4 0.535546875 0.42152777734375 0.523046875 0.4868055546875 0.523046875 0.4993055546875 0.529296875 0.51458333203125 0.548046875 0.52152777734375 0.557421875 0.507638890625 0.564453125 0.4524305546875 0.564453125 0.429861111328125 0.560546875 0.422916666015625 0.551640625 0.41796875 0.5435546875 0.41796875 0.535546875 0.42152777734375
12 0.27734375 0.63138020703125 0.2953993046875 0.63684895703125 0.325954861328125 0.63606770703125 0.33984375 0.63997395703125 0.4342881953125 0.64544270703125 0.460677083984375 0.650130208984375 0.52456597265625 0.65091145703125 0.541232638671875 0.65481770703125 0.65512152734375 0.66106770703125 0.678732638671875 0.67044270703125 0.69262152734375 0.66497395703125 0.7078993046875 0.66419270703125 0.7265625 0.66562044140625 0.7265625 0.2256819921875 0.6592881953125 0.22981770703125 0.26171875 0.258054173828125 0.26171875 0.633263578125 0.27734375 0.63138020703125
3 0.53203125 0.534570314453125 0.525878904296875 0.533203125 0.525758361328125 0.533203125 0.5140625 0.544292537109375 0.503125 0.572070314453125 0.466796875 0.598178470703125 0.466796875 0.61653645703125 0.49140625 0.617903646484375 0.50546875 0.605403646484375 0.51484375 0.6040147578125 0.53203125 0.616514755859375 0.54296875 0.616514755859375 0.55234375 0.63179253515625 0.55625 0.65123698046875 0.571875 0.659570314453125 0.57265625 0.6415147578125 0.5703125 0.635959201171875 0.57890625 0.606792537109375 0.580078125 0.5870008671875 0.580078125 0.5805483203125 0.56171875 0.587348091796875 0.54921875 0.5790147578125 0.54140625 0.566514755859375 0.53203125 0.534570314453125