12 0.26801215234375 0.74615885546875 0.724609375 0.775179865234375 0.724609375 0.335474650390625 0.26171875 0.363953271484375 0.26171875 0.745657349609375 0.26801215234375 0.74615885546875
10 0.4076171875 0.224001736328125 0.4240234375 0.2684461796875 0.430819630859375 0.326171875 0.436669921875 0.326171875 0.4388671875 0.325390625 0.44140625 0.309592013671875 0.44140625 0.2762586796875 0.4404296875 0.226779513671875 0.4201171875 0.11566840234375 0.4115234375 0.09761284765625 0.3958984375 0.099001736328125 0.388671875 0.1298350703125 0.388671875 0.1417100703125 0.3896484375 0.1573350703125 0.4076171875 0.224001736328125
5 0.5504774296875 0.35023871484375 0.564453125 0.34630805078125 0.564453125 0.304809779296875 0.549088541015625 0.30414496484375 0.50390625 0.314875759765625 0.50390625 0.349556556640625 0.5143663203125 0.35336371484375 0.50390625 0.355440345703125 0.50390625 0.363063673828125 0.532421875 0.36195746484375 0.5504774296875 0.35023871484375
0 0.425390625 0.5234375 0.424609375 0.555381943359375 0.430859375 0.5859375 0.446484375 0.612326388671875 0.454296875 0.6109375 0.4619140625 0.62109375 0.48344726953125 0.62109375 0.487109375 0.62065972265625 0.508203125 0.602604166015625 0.519140625 0.580381943359375 0.525390625 0.549517748046875 0.525390625 0.53315972265625 0.524609375 0.52065972265625 0.516015625 0.484548611328125 0.501953125 0.46371527734375 0.487109375 0.4539930546875 0.466796875 0.455381943359375 0.445703125 0.472048611328125 0.432421875 0.494270833984375 0.425390625 0.5234375
2 0.41796875 0.61330193359375 0.41796875 0.554934625 0.411653646484375 0.55327691015625 0.3852647578125 0.55405816015625 0.341796875 0.567811669921875 0.341796875 0.62492859375 0.3477647578125 0.62749566015625 0.374153646484375 0.62905816015625 0.394986978515625 0.62515191015625 0.41796875 0.61330193359375
4 0.521484375 0.515502068359375 0.521484375 0.551942275390625 0.539279513671875 0.5479383671875 0.56640625 0.546412490234375 0.56640625 0.508094619140625 0.56011284765625 0.508094619140625 0.521484375 0.515502068359375
6 0.595703125 0.57084323828125 0.6328125 0.571237087890625 0.6328125 0.535616388671875 0.61108941015625 0.533919271484375 0.595703125 0.5345603671875 0.595703125 0.57084323828125
1 0.5966796875 0.314800345703125 0.5888671875 0.324522568359375 0.5873046875 0.3356336796875 0.5896484375 0.402300345703125 0.5865234375 0.43285590234375 0.5927734375 0.459244791015625 0.6005859375 0.468967013671875 0.6068359375 0.47035590234375 0.6185546875 0.455078125 0.6185546875 0.349522568359375 0.6099609375 0.3231336796875 0.5966796875 0.314800345703125
9 0.45653076171875 0.427734375 0.4619140625 0.421354166015625 0.46484375 0.41223958203125 0.46484375 0.392881943359375 0.4595703125 0.374131943359375 0.4462890625 0.3671875 0.4337890625 0.378298611328125 0.431640625 0.40121527734375 0.431640625 0.404042658203125 0.4369140625 0.424131943359375 0.440966796875 0.427734375 0.45653076171875 0.427734375
7 0.4140625 0.40411734375 0.4140625 0.395445806640625 0.409765625 0.3681640625 0.394921875 0.340386283203125 0.371484375 0.365386283203125 0.373046875 0.37788628515625 0.380859375 0.393164060546875 0.389453125 0.423719619140625 0.398046875 0.42094183984375 0.4140625 0.40411734375
11 0.33203125 0.44390287890625 0.33203125 0.4757466640625 0.346462673828125 0.474934896484375 0.380859375 0.46360915234375 0.380859375 0.42776625 0.371462673828125 0.428059896484375 0.33203125 0.44390287890625
8 0.6015625 0.19027919140625 0.56640625 0.193718390625 0.56640625 0.225303818359375 0.6015625 0.225303818359375 0.6015625 0.19027919140625
3 0.4552734375 0.715212671875 0.4380859375 0.745768228515625 0.4326171875 0.763823783203125 0.4169921875 0.763823783203125 0.4029296875 0.751323783203125 0.3935546875 0.751323783203125 0.3755859375 0.758268228515625 0.3724609375 0.765212671875 0.3787109375 0.770768228515625 0.3912109375 0.770768228515625 0.4185546875 0.790212671875 0.4294921875 0.801323783203125 0.4365234375 0.81937933984375 0.474841865234375 0.84765625 0.4787841796875 0.84765625 0.4857421875 0.8291015625 0.505859375 0.795892234375 0.505859375 0.786294021484375 0.4912109375 0.73049044921875 0.4748046875 0.70549044921875 0.4669921875 0.6846571171875 0.4576171875 0.64437933984375 0.4568359375 0.6221571171875 0.4521484375 0.616601560546875 0.4458984375 0.65687933984375 0.4552734375 0.715212671875