11 0.43359375 0.349609375 0.443359375 0.353515625 0.455078125 0.365234375 0.486328125 0.384765625 0.48828125 0.388671875 0.494140625 0.390625 0.494140625 0.423828125 0.486328125 0.427734375 0.474609375 0.423828125 0.462890625 0.412109375 0.4140625 0.37890625 0.4140625 0.353515625 0.41796875 0.349609375 0.431640625 0.349609375
2 0.494140625 0.330078125 0.53515625 0.330078125 0.54296875 0.333984375 0.55859375 0.3359375 0.55859375 0.392578125 0.5078125 0.392578125 0.505859375 0.390625 0.494140625 0.390625 0.494140625 0.33203125
0 0.4765625 0.513671875 0.484375 0.517578125 0.49609375 0.53125 0.5078125 0.556640625 0.5078125 0.564453125 0.509765625 0.56640625 0.509765625 0.61328125 0.5078125 0.615234375 0.5078125 0.62109375 0.498046875 0.640625 0.484375 0.654296875 0.478515625 0.654296875 0.4765625 0.65625 0.45703125 0.65625 0.443359375 0.650390625 0.427734375 0.630859375 0.416015625 0.599609375 0.416015625 0.560546875 0.419921875 0.55078125 0.419921875 0.54296875 0.431640625 0.521484375 0.443359375 0.51171875 0.47265625 0.51171875 0.474609375 0.513671875
5 0.548828125 0.60546875 0.5546875 0.611328125 0.55859375 0.623046875 0.55859375 0.69140625 0.552734375 0.705078125 0.546875 0.7109375 0.53125 0.7109375 0.5234375 0.703125 0.517578125 0.69140625 0.51171875 0.69140625 0.50390625 0.6875 0.50390625 0.669921875 0.501953125 0.66796875 0.50390625 0.64453125 0.505859375 0.64453125 0.505859375 0.6640625 0.509765625 0.66796875 0.513671875 0.66796875 0.51953125 0.662109375 0.521484375 0.65625 0.5234375 0.63671875 0.52734375 0.62890625 0.52734375 0.6171875 0.53125 0.609375 0.5390625 0.603515625 0.544921875 0.603515625 0.546875 0.60546875
6 0.46484375 0.759765625 0.498046875 0.759765625 0.513671875 0.765625 0.513671875 0.806640625 0.5 0.802734375 0.474609375 0.8046875 0.47265625 0.802734375 0.46484375 0.802734375 0.46484375 0.76171875
10 0.616080728515625 0.63548176953125 0.635525173828125 0.628450521484375 0.63969183984375 0.622200521484375 0.650390625 0.619793294921875 0.650390625 0.579556478515625 0.6438585078125 0.58470051953125 0.6049696171875 0.579231771484375 0.58984375 0.580540740234375 0.58984375 0.63742534375 0.598025173828125 0.637825521484375 0.616080728515625 0.63548176953125
1 0.408203125 0.457382734375 0.408203125 0.41653745703125 0.371657986328125 0.401931423828125 0.3549913203125 0.391775173828125 0.33984375 0.390828451171875 0.33984375 0.430108740234375 0.40776909765625 0.457400173828125 0.408203125 0.457382734375
7 0.5845703125 0.708767359375 0.583984375 0.727517359375 0.583984375 0.73409143359375 0.5955078125 0.7532118046875 0.6111328125 0.74904513671875 0.621098634765625 0.755859375 0.62135009765625 0.755859375 0.625 0.7480729140625 0.625 0.726267361328125 0.6212890625 0.7157118046875 0.60729594921875 0.689453125 0.60707484765625 0.689453125 0.5845703125 0.708767359375
4 0.523828125 0.506119791015625 0.529296875 0.518619791015625 0.539453125 0.5213975703125 0.559765625 0.503342013671875 0.564453125 0.460749421875 0.564453125 0.43216145703125 0.563671875 0.42973090234375 0.551046318359375 0.421875 0.5384033203125 0.421875 0.534765625 0.428342013671875 0.523046875 0.490842013671875 0.523828125 0.506119791015625
3 0.425390625 0.066601560546875 0.470703125 0.020768228515625 0.486328125 0.0166015625 0.494140625 0.002712671875 0.494140625 0.001953125 0.285246060546875 0.001953125 0.299609375 0.020768228515625 0.324609375 0.020768228515625 0.337890625 0.03049044921875 0.350390625 0.0846571171875 0.358984375 0.09437933984375 0.349609375 0.136046005859375 0.337890625 0.161046005859375 0.335546875 0.21382378515625 0.3395629921875 0.21484375 0.34122314453125 0.21484375 0.345703125 0.20687933984375 0.356640625 0.170768228515625 0.372265625 0.138823783203125 0.382421875 0.12493489453125 0.401953125 0.111046005859375 0.425390625 0.066601560546875
12 0.3134765625 0.01614583203125 0.3064453125 0.148090279296875 0.2705078125 0.63420138671875 0.2744140625 0.66614583203125 0.2712890625 0.6758680546875 0.2712890625 0.72309027734375 0.2681640625 0.742534720703125 0.2705078125 0.76614583203125 0.2666015625 0.76753472265625 0.2619140625 0.831423609375 0.2626953125 0.881423611328125 0.2798828125 0.88559027734375 0.4845703125 0.886979166015625 0.4923828125 0.87309027734375 0.5072265625 0.864756943359375 0.5205078125 0.864756943359375 0.5369140625 0.84114583203125 0.5478515625 0.836979166015625 0.5830078125 0.770312498046875 0.5994140625 0.761979166015625 0.6134765625 0.743923611328125 0.6275390625 0.7133680546875 0.6361328125 0.680034720703125 0.6439453125 0.671701388671875 0.6533203125 0.677256943359375 0.6501953125 0.70364583203125 0.6517578125 0.734201388671875 0.6400390625 0.756423609375 0.6408203125 0.77170138671875 0.6322265625 0.795312498046875 0.6392578125 0.805034720703125 0.6400390625 0.817534720703125 0.6470703125 0.825868056640625 0.6462890625 0.85364583203125 0.6642578125 0.86614583203125 0.6767578125 0.859201388671875 0.6923828125 0.867534720703125 0.7025390625 0.88420138671875 0.7212890625 0.88559027734375 0.72265625 0.881944443359375 0.72265625 0.848611111328125 0.7103515625 0.648090279296875 0.6822265625 0.210590279296875 0.6689453125 0.0508680546875 0.333117671875 0.005859375 0.316048177734375 0.005859375 0.3134765625 0.01614583203125
8 0.4285400390625 0.66015625 0.419140625 0.661349826171875 0.412109375 0.671072048828125 0.402734375 0.736349826171875 0.407421875 0.7544053828125 0.42475891015625 0.759765625 0.425555419921875 0.759765625 0.432421875 0.75162760546875 0.443359375 0.705447048828125 0.443359375 0.676826017578125 0.439453125 0.6669053828125 0.430341796875 0.66015625 0.4285400390625 0.66015625
8 0.41796875 0.658203125 0.421875 0.65625 0.435546875 0.65625 0.443359375 0.666015625 0.443359375 0.703125 0.439453125 0.71484375 0.439453125 0.728515625 0.435546875 0.73828125 0.435546875 0.74609375 0.427734375 0.755859375 0.4140625 0.755859375 0.40625 0.748046875 0.404296875 0.7421875 0.40234375 0.71875 0.41015625 0.6953125 0.4140625 0.66796875 0.41796875 0.66015625