12 0.724609375 0.637604166015625 0.724609375 0.25540364453125 0.26171875 0.226925021484375 0.26171875 0.66706998046875 0.72183159765625 0.63782551953125 0.724609375 0.637604166015625
10 0.403732638671875 0.7951171875 0.44140625 0.80527140234375 0.44140625 0.76969970703125 0.400954861328125 0.7623046875 0.388671875 0.762062259765625 0.388671875 0.7895576484375 0.403732638671875 0.7951171875
5 0.522786458984375 0.63608941015625 0.50473090234375 0.63687066015625 0.50390625 0.637257216796875 0.50390625 0.6772637265625 0.5213975703125 0.68218316015625 0.539453125 0.69390191015625 0.564453125 0.69487173828125 0.564453125 0.6866868359375 0.5575086796875 0.68530816015625 0.564453125 0.6827805859375 0.564453125 0.645985244140625 0.522786458984375 0.63608941015625
0 0.423828125 0.42173428125 0.423828125 0.502810330078125 0.427951388671875 0.505251736328125 0.4585069453125 0.511501736328125 0.490451388671875 0.510720486328125 0.5196180546875 0.503689236328125 0.525390625 0.500239224609375 0.525390625 0.419155544921875 0.493229166015625 0.411501736328125 0.468229166015625 0.409939236328125 0.4335069453125 0.416970486328125 0.423828125 0.42173428125
2 0.341796875 0.37507140625 0.341796875 0.432188330078125 0.3852647578125 0.44594183984375 0.411653646484375 0.44672308984375 0.41796875 0.445065375 0.41796875 0.38669806640625 0.394986978515625 0.37484808984375 0.374153646484375 0.37094183984375 0.3477647578125 0.37250433984375 0.341796875 0.37507140625
4 0.5345703125 0.4256944453125 0.5283203125 0.44652777734375 0.5267578125 0.4743055546875 0.5220703125 0.495138888671875 0.5236328125 0.507638888671875 0.5298828125 0.517361109375 0.5416015625 0.522916666015625 0.5509765625 0.52152777734375 0.5548828125 0.51458333203125 0.56640625 0.45449073828125 0.56640625 0.43910590234375 0.5603515625 0.4243055546875 0.54324219140625 0.41796875 0.541088865234375 0.41796875 0.5345703125 0.4256944453125
6 0.6328125 0.46670558984375 0.6328125 0.430279765625 0.62016058984375 0.429752603515625 0.595703125 0.43166334375 0.595703125 0.467099439453125 0.6328125 0.46670558984375
1 0.6185546875 0.650477431640625 0.6185546875 0.544921875 0.6068359375 0.52964409765625 0.6005859375 0.531032986328125 0.5927734375 0.540755208984375 0.5865234375 0.56714409765625 0.5896484375 0.597699654296875 0.5873046875 0.6643663203125 0.5888671875 0.675477431640625 0.5966796875 0.685199654296875 0.6099609375 0.6768663203125 0.6185546875 0.650477431640625
9 0.4380859375 0.578298611328125 0.4326171875 0.597743056640625 0.4326171875 0.615798611328125 0.4357421875 0.625520833984375 0.4427734375 0.63385416796875 0.4544921875 0.63385416796875 0.4607421875 0.628298611328125 0.46484375 0.612673611328125 0.46484375 0.5928819453125 0.4638671875 0.582465279296875 0.452392576171875 0.572265625 0.449624025390625 0.572265625 0.4380859375 0.578298611328125
7 0.37109375 0.627168103515625 0.3817491328125 0.6301649296875 0.39702691015625 0.6379774296875 0.40952691015625 0.639539931640625 0.4140625 0.63528781640625 0.4140625 0.60516676171875 0.4067491328125 0.601258681640625 0.37202691015625 0.5957899296875 0.37109375 0.5966782265625 0.37109375 0.627168103515625
11 0.3333984375 0.58617621484375 0.3412109375 0.59173176953125 0.3623046875 0.593120658203125 0.380859375 0.53676938671875 0.380859375 0.5080078125 0.36240234765625 0.50390625 0.35718994140625 0.50390625 0.3341796875 0.56117621484375 0.3333984375 0.58617621484375
8 0.6015625 0.774696181640625 0.56640625 0.774696181640625 0.56640625 0.806281609375 0.6015625 0.80972080859375 0.6015625 0.774696181640625
3 0.4634765625 0.297157119140625 0.4478515625 0.297157119140625 0.4423828125 0.279101564453125 0.4251953125 0.2485460078125 0.4345703125 0.19021267578125 0.428694099609375 0.15234375 0.426287841796875 0.15234375 0.4236328125 0.155490453125 0.4228515625 0.17771267578125 0.4134765625 0.217990453125 0.4056640625 0.23882378515625 0.3892578125 0.26382378515625 0.3728515625 0.32632378515625 0.3947265625 0.362434896484375 0.4025390625 0.38326823046875 0.4439453125 0.35271267578125 0.4509765625 0.334657119140625 0.4619140625 0.3235460078125 0.4892578125 0.304101564453125 0.5017578125 0.304101564453125 0.505859375 0.30045573046875 0.505859375 0.293771703125 0.5048828125 0.291601564453125 0.4869140625 0.284657119140625 0.4775390625 0.284657119140625 0.4634765625 0.297157119140625