0 0.45043402734375 0.4618272578125 0.47543402734375 0.4626085078125 0.49487847265625 0.4579210078125 0.505989583984375 0.432139755859375 0.509765625 0.43054673828125 0.509765625 0.37963273828125 0.501822916015625 0.3743272578125 0.468489583984375 0.364171005859375 0.4407118046875 0.3649522578125 0.418489583984375 0.3704210078125 0.41015625 0.3751085078125 0.41015625 0.4457606796875 0.4282118046875 0.456358505859375 0.45043402734375 0.4618272578125
7 0.443359375 0.754066298828125 0.443359375 0.725172255859375 0.43687066015625 0.720399306640625 0.4327039921875 0.718836806640625 0.4146484375 0.722743056640625 0.396484375 0.7300411171875 0.396484375 0.758751357421875 0.406315103515625 0.766493056640625 0.4215928828125 0.764149306640625 0.443359375 0.754066298828125
8 0.374877927734375 0.384765625 0.37614746484375 0.384765625 0.3892578125 0.380881076171875 0.39453125 0.36882750390625 0.39453125 0.354732572265625 0.3845703125 0.29615885546875 0.3736328125 0.282269966796875 0.3650390625 0.282269966796875 0.3580078125 0.2864366328125 0.3501953125 0.30171441015625 0.3501953125 0.325325521484375 0.3673828125 0.378103298828125 0.374877927734375 0.384765625
11 0.341796875 0.456228296875 0.36127477734375 0.4921875 0.374261474609375 0.4921875 0.375 0.489561630859375 0.375 0.47601996484375 0.374609375 0.47289496484375 0.369921875 0.46595051953125 0.360546875 0.434006076171875 0.338671875 0.393728296875 0.333203125 0.396506076171875 0.325390625 0.41039496484375 0.325390625 0.41595051953125 0.341796875 0.456228296875
2 0.6122178828125 0.310568576171875 0.625 0.31003598828125 0.625 0.25415769921875 0.568359375 0.253682169921875 0.568359375 0.3086708515625 0.6122178828125 0.310568576171875
6 0.51953125 0.292252603515625 0.51953125 0.26273871484375 0.512109375 0.183572048828125 0.501171875 0.158572048828125 0.494268798828125 0.150390625 0.493627927734375 0.150390625 0.489453125 0.151627603515625 0.480859375 0.171072048828125 0.481640625 0.214127603515625 0.494140625 0.291905380859375 0.5027685546875 0.3046875 0.50683593359375 0.3046875 0.516015625 0.301627603515625 0.51953125 0.292252603515625
4 0.54055989453125 0.58203125 0.542439783203125 0.58203125 0.560546875 0.5743055546875 0.564453125 0.565046296875 0.564453125 0.539583333984375 0.554296875 0.48541666796875 0.550390625 0.47847222265625 0.541796875 0.477083333984375 0.525390625 0.486805556640625 0.522265625 0.496527779296875 0.523046875 0.518750001953125 0.531640625 0.570138890625 0.54055989453125 0.58203125
10 0.41460503515625 0.5598524296875 0.463216146484375 0.5411024296875 0.466796875 0.5404826875 0.466796875 0.47957695703125 0.4618272578125 0.4856336796875 0.45210503515625 0.4879774296875 0.45766058984375 0.4942274296875 0.45210503515625 0.5051649296875 0.406271701171875 0.5012586796875 0.380859375 0.50933814453125 0.380859375 0.56046475 0.41460503515625 0.5598524296875
1 0.416015625 0.57358452734375 0.416015625 0.530582412109375 0.406618923828125 0.53023003515625 0.387174478515625 0.54194878515625 0.35546875 0.550308693359375 0.35546875 0.578957791015625 0.359396701171875 0.57944878515625 0.3760633671875 0.58960503515625 0.403841146484375 0.57632378515625 0.416015625 0.57358452734375
5 0.453125 0.633119466796875 0.453125 0.593159314453125 0.439518228515625 0.5918836796875 0.42007378515625 0.5973524296875 0.4034071171875 0.5981336796875 0.40234375 0.598582287109375 0.40234375 0.640880484375 0.4047960078125 0.6418836796875 0.436740451171875 0.6426649296875 0.453125 0.633119466796875
9 0.53515625 0.747774658203125 0.53515625 0.715636189453125 0.533181423828125 0.7140625 0.51929253515625 0.71171875 0.49984808984375 0.71328125 0.49609375 0.715555513671875 0.49609375 0.746570638671875 0.5026258671875 0.75 0.533181423828125 0.74921875 0.53515625 0.747774658203125
3 0.37941894921875 0.998046875 0.382421875 0.997157119140625 0.380859375 0.94437933984375 0.367578125 0.91521267578125 0.359765625 0.879101564453125 0.367578125 0.867990453125 0.376171875 0.83326823046875 0.373046875 0.8235460078125 0.379296875 0.81382378515625 0.392578125 0.804101564453125 0.418359375 0.804101564453125 0.431640625 0.78670390234375 0.431640625 0.78515625 0.302567435546875 0.78515625 0.285546875 0.8360460078125 0.313671875 0.89021267578125 0.344140625 0.919379341796875 0.361328125 0.95271267578125 0.372265625 0.98882378515625 0.37745361328125 0.998046875 0.37941894921875 0.998046875
12 0.6840928828125 0.3350477421875 0.447981771484375 0.3545789921875 0.26171875 0.365627775390625 0.26171875 0.746508357421875 0.572981771484375 0.7678602421875 0.728515625 0.77714466015625 0.728515625 0.33427888671875 0.6840928828125 0.3350477421875