0 0.421614583984375 0.452061630859375 0.454947916015625 0.4622178828125 0.4827256953125 0.461436630859375 0.504947916015625 0.455967880859375 0.509765625 0.453257919921875 0.509765625 0.378564689453125 0.4952256953125 0.3700303828125 0.47300347265625 0.364561630859375 0.44800347265625 0.363780380859375 0.42855902734375 0.368467880859375 0.417447916015625 0.3942491328125 0.41015625 0.397325302734375 0.41015625 0.444407822265625 0.421614583984375 0.452061630859375
7 0.4283203125 0.763368056640625 0.443359375 0.757325576171875 0.443359375 0.724898818359375 0.436653646484375 0.719618056640625 0.4213758671875 0.721961806640625 0.3977647578125 0.732899306640625 0.396484375 0.733187392578125 0.396484375 0.7586401796875 0.40609808984375 0.765711806640625 0.4102647578125 0.767274306640625 0.4283203125 0.763368056640625
8 0.374877927734375 0.384765625 0.37614746484375 0.384765625 0.3892578125 0.380881076171875 0.39453125 0.36882750390625 0.39453125 0.354732572265625 0.3845703125 0.29615885546875 0.3736328125 0.282269966796875 0.3650390625 0.282269966796875 0.3580078125 0.2864366328125 0.3501953125 0.30171441015625 0.3501953125 0.325325521484375 0.3673828125 0.378103298828125 0.374877927734375 0.384765625
11 0.375 0.4791883671875 0.375 0.4653656171875 0.360546875 0.4298828125 0.340340169921875 0.392578125 0.328460693359375 0.392578125 0.326171875 0.40071614453125 0.327734375 0.41321614453125 0.332421875 0.42016058984375 0.341796875 0.452105033203125 0.36356580078125 0.4921875 0.364056396484375 0.4921875 0.369140625 0.489605033203125 0.375 0.4791883671875
2 0.568359375 0.311097123046875 0.625 0.311572650390625 0.625 0.256488611328125 0.5838758671875 0.254709201171875 0.568359375 0.25535572265625 0.568359375 0.311097123046875
6 0.48046875 0.245508490234375 0.51953125 0.241846380859375 0.51953125 0.20892815234375 0.514040798828125 0.20902777734375 0.48046875 0.21442328515625 0.48046875 0.245508490234375
4 0.54055989453125 0.58203125 0.542439783203125 0.58203125 0.560546875 0.5743055546875 0.564453125 0.565046296875 0.564453125 0.539583333984375 0.554296875 0.48541666796875 0.550390625 0.47847222265625 0.541796875 0.477083333984375 0.525390625 0.486805556640625 0.522265625 0.496527779296875 0.523046875 0.518750001953125 0.531640625 0.570138890625 0.54055989453125 0.58203125
10 0.440625 0.5004991328125 0.43046875 0.4685546875 0.41484375 0.4685546875 0.39609375 0.453276908203125 0.39140625 0.453276908203125 0.38125 0.46577691015625 0.38203125 0.50883246484375 0.40078125 0.557443576171875 0.40390625 0.575499130859375 0.425952150390625 0.58203125 0.448242185546875 0.58203125 0.45703125 0.5810546875 0.465625 0.5741102421875 0.46640625 0.56438801953125 0.45625 0.5560546875 0.45390625 0.54633246484375 0.44765625 0.55188801953125 0.43671875 0.54633246484375 0.440625 0.5004991328125
1 0.416015625 0.57358452734375 0.416015625 0.530582412109375 0.406618923828125 0.53023003515625 0.387174478515625 0.54194878515625 0.35546875 0.550308693359375 0.35546875 0.578957791015625 0.359396701171875 0.57944878515625 0.3760633671875 0.58960503515625 0.403841146484375 0.57632378515625 0.416015625 0.57358452734375
5 0.4078125 0.62649739453125 0.40859375 0.6431640625 0.415625 0.659830728515625 0.422003173828125 0.666015625 0.437451169921875 0.666015625 0.44609375 0.657052951171875 0.45234375 0.641775171875 0.453125 0.609830728515625 0.43046875 0.57094183984375 0.41640625 0.5681640625 0.4046875 0.582052951171875 0.40234375 0.607052951171875 0.4078125 0.62649739453125
9 0.50789325390625 0.763671875 0.524773763671875 0.763671875 0.534765625 0.7446397578125 0.533984375 0.714084201171875 0.523828125 0.7001953125 0.512109375 0.69741753515625 0.498828125 0.714084201171875 0.496484375 0.72797308984375 0.498046875 0.74741753515625 0.50789325390625 0.763671875
3 0.3354383671875 0.90026041796875 0.371549478515625 0.89244791796875 0.38266058984375 0.90026041796875 0.4173828125 0.90885416796875 0.42710503515625 0.90572916796875 0.431640625 0.908644904296875 0.431640625 0.8239268828125 0.41460503515625 0.81822916796875 0.3604383671875 0.84635416796875 0.331271701171875 0.87682291796875 0.2979383671875 0.89401041796875 0.283203125 0.89847349609375 0.283203125 0.914224619140625 0.306271701171875 0.91354166796875 0.3354383671875 0.90026041796875
12 0.417643228515625 0.3432508671875 0.26171875 0.333943130859375 0.26171875 0.776838982421875 0.3065321171875 0.7760633671875 0.542643228515625 0.7565321171875 0.728515625 0.74550650390625 0.728515625 0.364575955078125 0.417643228515625 0.3432508671875