11 0.4296875 0.544921875 0.43359375 0.55078125 0.43359375 0.5546875 0.4453125 0.56640625 0.455078125 0.583984375 0.470703125 0.603515625 0.478515625 0.6171875 0.482421875 0.619140625 0.4921875 0.6328125 0.494140625 0.640625 0.48046875 0.666015625 0.478515625 0.673828125 0.474609375 0.673828125 0.455078125 0.646484375 0.455078125 0.642578125 0.451171875 0.640625 0.443359375 0.626953125 0.4375 0.62109375 0.431640625 0.609375 0.427734375 0.607421875 0.41796875 0.59375 0.416015625 0.587890625 0.416015625 0.572265625 0.419921875 0.568359375 0.427734375 0.546875
2 0.494140625 0.61328125 0.505859375 0.609375 0.513671875 0.609375 0.521484375 0.60546875 0.55859375 0.60546875 0.55859375 0.666015625 0.55078125 0.666015625 0.548828125 0.66796875 0.494140625 0.66796875 0.494140625 0.615234375
0 0.4765625 0.341796875 0.478515625 0.34375 0.484375 0.34375 0.498046875 0.357421875 0.5078125 0.376953125 0.5078125 0.3828125 0.509765625 0.384765625 0.509765625 0.431640625 0.5078125 0.43359375 0.5078125 0.44140625 0.49609375 0.466796875 0.484375 0.48046875 0.47265625 0.486328125 0.443359375 0.486328125 0.431640625 0.4765625 0.423828125 0.46484375 0.416015625 0.4375 0.416015625 0.3984375 0.427734375 0.3671875 0.443359375 0.34765625 0.45703125 0.341796875 0.474609375 0.341796875
5 0.52734375 0.291015625 0.53515625 0.302734375 0.53515625 0.314453125 0.5390625 0.322265625 0.5390625 0.333984375 0.54296875 0.34765625 0.548828125 0.353515625 0.552734375 0.353515625 0.556640625 0.349609375 0.556640625 0.330078125 0.55859375 0.330078125 0.55859375 0.373046875 0.55078125 0.376953125 0.544921875 0.376953125 0.5390625 0.388671875 0.533203125 0.39453125 0.513671875 0.39453125 0.509765625 0.390625 0.50390625 0.376953125 0.50390625 0.30859375 0.5078125 0.296875 0.513671875 0.291015625 0.517578125 0.2890625 0.5234375 0.2890625 0.525390625 0.291015625
6 0.513671875 0.189453125 0.513671875 0.234375 0.5078125 0.234375 0.505859375 0.236328125 0.48046875 0.234375 0.470703125 0.23828125 0.46484375 0.23828125 0.46484375 0.197265625 0.490234375 0.189453125 0.51171875 0.189453125
10 0.642599826171875 0.42115885546875 0.650390625 0.420777783203125 0.650390625 0.36384026953125 0.6356553828125 0.36256510546875 0.5967664921875 0.368033853515625 0.58984375 0.3625821953125 0.58984375 0.403038736328125 0.60093316015625 0.40553385546875 0.605099826171875 0.41178385546875 0.624544271484375 0.418815103515625 0.642599826171875 0.42115885546875
1 0.4060546875 0.595616318359375 0.3958984375 0.57894965234375 0.3748046875 0.526171875 0.35997314453125 0.515625 0.34776611328125 0.515625 0.3412109375 0.52339409765625 0.3404296875 0.542838541015625 0.3716796875 0.620616318359375 0.39054972265625 0.63671875 0.393273927734375 0.63671875 0.4013671875 0.634505208984375 0.4076171875 0.620616318359375 0.4060546875 0.595616318359375
7 0.625 0.268713736328125 0.611588541015625 0.261566841796875 0.6004774296875 0.257660591796875 0.583984375 0.257660591796875 0.583984375 0.293312095703125 0.593532986328125 0.29906683984375 0.618532986328125 0.298285591796875 0.625 0.290750365234375 0.625 0.268713736328125
4 0.521484375 0.54974430078125 0.564453125 0.545015404296875 0.564453125 0.507018919921875 0.563845486328125 0.50698784765625 0.521484375 0.514930556640625 0.521484375 0.54974430078125
3 0.299609375 0.979231771484375 0.285246060546875 0.998046875 0.494140625 0.998046875 0.494140625 0.997287328125 0.486328125 0.9833984375 0.470703125 0.979231771484375 0.425390625 0.933398439453125 0.401953125 0.888953994140625 0.382421875 0.87506510546875 0.372265625 0.861176216796875 0.356640625 0.829231771484375 0.345703125 0.79312066015625 0.34122314453125 0.78515625 0.3395629921875 0.78515625 0.335546875 0.78617621484375 0.337890625 0.838953994140625 0.349609375 0.863953994140625 0.358984375 0.90562066015625 0.350390625 0.9153428828125 0.337890625 0.96950955078125 0.324609375 0.979231771484375 0.299609375 0.979231771484375
12 0.6794921875 0.25642361328125 0.6724609375 0.12447916796875 0.6693359375 0.11197916796875 0.3169921875 0.159201390625 0.3037109375 0.31892361328125 0.2755859375 0.75642361328125 0.2615234375 0.985590279296875 0.2646484375 0.99392361328125 0.2833984375 0.992534720703125 0.2935546875 0.975868056640625 0.3091796875 0.96753472265625 0.3216796875 0.97447916796875 0.3396484375 0.96197916796875 0.3388671875 0.934201390625 0.3458984375 0.9258680546875 0.3466796875 0.913368056640625 0.3537109375 0.903645833984375 0.3451171875 0.88003472265625 0.3458984375 0.8647569453125 0.3341796875 0.84253472265625 0.3357421875 0.81197916796875 0.3326171875 0.78559027734375 0.3419921875 0.78003472265625 0.3498046875 0.788368056640625 0.3583984375 0.821701390625 0.3724609375 0.8522569453125 0.3865234375 0.870312501953125 0.4029296875 0.878645833984375 0.4380859375 0.9453125 0.4490234375 0.949479166015625 0.4654296875 0.97309027734375 0.4787109375 0.97309027734375 0.4935546875 0.98142361328125 0.500708005859375 0.994140625 0.674072580078125 0.994140625 0.7060546875 0.99392361328125 0.72265625 0.989898990234375 0.72265625 0.921122685546875 0.7193359375 0.875868056640625 0.7154296875 0.87447916796875 0.7177734375 0.850868056640625 0.7146484375 0.83142361328125 0.7146484375 0.784201390625 0.7115234375 0.77447916796875 0.7154296875 0.742534720703125 0.6794921875 0.25642361328125
8 0.40234375 0.310546875 0.40234375 0.279296875 0.408203125 0.2734375 0.41796875 0.26953125 0.443359375 0.26953125 0.443359375 0.306640625 0.43359375 0.306640625 0.421875 0.310546875 0.404296875 0.310546875