12 0.724609375 0.637604166015625 0.724609375 0.25540364453125 0.26171875 0.226925021484375 0.26171875 0.66706998046875 0.72183159765625 0.63782551953125 0.724609375 0.637604166015625
10 0.403732638671875 0.7951171875 0.44140625 0.80527140234375 0.44140625 0.76969970703125 0.400954861328125 0.7623046875 0.388671875 0.762062259765625 0.388671875 0.7895576484375 0.403732638671875 0.7951171875
5 0.522786458984375 0.63608941015625 0.50473090234375 0.63687066015625 0.50390625 0.637257216796875 0.50390625 0.6772637265625 0.5213975703125 0.68218316015625 0.539453125 0.69390191015625 0.564453125 0.69487173828125 0.564453125 0.6866868359375 0.5575086796875 0.68530816015625 0.564453125 0.6827805859375 0.564453125 0.645985244140625 0.522786458984375 0.63608941015625
0 0.423828125 0.42173428125 0.423828125 0.502810330078125 0.427951388671875 0.505251736328125 0.4585069453125 0.511501736328125 0.490451388671875 0.510720486328125 0.5196180546875 0.503689236328125 0.525390625 0.500239224609375 0.525390625 0.419155544921875 0.493229166015625 0.411501736328125 0.468229166015625 0.409939236328125 0.4335069453125 0.416970486328125 0.423828125 0.42173428125
2 0.41796875 0.373806423828125 0.4138671875 0.358181423828125 0.396921212890625 0.33984375 0.38046630859375 0.33984375 0.3732421875 0.345681423828125 0.3474609375 0.395681423828125 0.3435546875 0.416514755859375 0.3451171875 0.44290364453125 0.3552734375 0.466514755859375 0.3630859375 0.47484808984375 0.37958984765625 0.478515625 0.382565916015625 0.478515625 0.3919921875 0.4720703125 0.4044921875 0.44984808984375 0.41796875 0.40725549609375 0.41796875 0.373806423828125
4 0.5279296875 0.51458333203125 0.5466796875 0.52152777734375 0.5537109375 0.513194443359375 0.5599609375 0.492361109375 0.5615234375 0.464583333984375 0.5662109375 0.443749998046875 0.5646484375 0.43125 0.5583984375 0.42152777734375 0.55089111328125 0.41796875 0.536962890625 0.41796875 0.5333984375 0.4243055546875 0.5216796875 0.485416666015625 0.5216796875 0.4993055546875 0.5279296875 0.51458333203125
6 0.6090393046875 0.380859375 0.6001953125 0.39134114453125 0.5962890625 0.4135633671875 0.5970703125 0.487174478515625 0.6033203125 0.51078558984375 0.6134765625 0.514952255859375 0.6251953125 0.51078558984375 0.6322265625 0.489952255859375 0.6328125 0.475889755859375 0.6328125 0.439952255859375 0.6298828125 0.402452255859375 0.6212890625 0.381618923828125 0.614880376953125 0.380859375 0.6090393046875 0.380859375
1 0.619140625 0.6227647578125 0.619140625 0.5931260859375 0.611979166015625 0.5938585078125 0.5859375 0.59294298046875 0.5859375 0.6227647578125 0.619140625 0.6227647578125
9 0.431640625 0.6163671875 0.4434461796875 0.619466146484375 0.46484375 0.617460125 0.46484375 0.589156087890625 0.45316840234375 0.585872396484375 0.43511284765625 0.585872396484375 0.431640625 0.58698846875 0.431640625 0.6163671875
7 0.373046875 0.62211371484375 0.371484375 0.634613716796875 0.394921875 0.659613716796875 0.409765625 0.6318359375 0.4140625 0.604554193359375 0.4140625 0.59588265625 0.398046875 0.57905816015625 0.389453125 0.576280380859375 0.380859375 0.606835939453125 0.373046875 0.62211371484375
11 0.371462673828125 0.571940103515625 0.380859375 0.57223375 0.380859375 0.53639084765625 0.346462673828125 0.525065103515625 0.33203125 0.5242533359375 0.33203125 0.55609712109375 0.371462673828125 0.571940103515625
8 0.6015625 0.8114149296875 0.6015625 0.779676650390625 0.566623263671875 0.7762586796875 0.56640625 0.776274955078125 0.56640625 0.8114149296875 0.6015625 0.8114149296875
3 0.4365234375 0.18062066015625 0.4294921875 0.198676216796875 0.4185546875 0.209787328125 0.3912109375 0.229231771484375 0.3787109375 0.229231771484375 0.3724609375 0.234787328125 0.3755859375 0.241731771484375 0.3935546875 0.248676216796875 0.4029296875 0.248676216796875 0.4169921875 0.236176216796875 0.4326171875 0.236176216796875 0.4380859375 0.254231771484375 0.4552734375 0.284787328125 0.4458984375 0.34312066015625 0.4521484375 0.383398439453125 0.4568359375 0.3778428828125 0.4576171875 0.35562066015625 0.4669921875 0.3153428828125 0.4748046875 0.29450955078125 0.4912109375 0.26950955078125 0.505859375 0.213705978515625 0.505859375 0.204107765625 0.4857421875 0.1708984375 0.4787841796875 0.15234375 0.474841865234375 0.15234375 0.4365234375 0.18062066015625