0 0.497439236328125 0.589474826171875 0.5234375 0.583317341796875 0.5234375 0.49918094140625 0.5168836796875 0.495724826171875 0.4807725703125 0.488693576171875 0.46410590234375 0.489474826171875 0.423828125 0.499086568359375 0.423828125 0.5778428828125 0.437717013671875 0.584787326171875 0.461328125 0.589474826171875 0.497439236328125 0.589474826171875
2 0.41796875 0.615957919921875 0.41796875 0.55577799609375 0.4164930546875 0.55514323046875 0.3914930546875 0.55358073046875 0.3678819453125 0.558268228515625 0.341796875 0.572147953125 0.341796875 0.626421828125 0.3539930546875 0.62936198046875 0.3789930546875 0.628580728515625 0.41796875 0.615957919921875
4 0.52855902734375 0.552039931640625 0.564453125 0.545156830078125 0.564453125 0.510120986328125 0.521484375 0.515698658203125 0.521484375 0.552039931640625 0.52855902734375 0.552039931640625
6 0.609098306640625 0.619140625 0.612402349609375 0.619140625 0.6220703125 0.6169921875 0.6298828125 0.59615885546875 0.6328125 0.559700521484375 0.6328125 0.524110244140625 0.6322265625 0.510047744140625 0.6251953125 0.48921441015625 0.6134765625 0.485047744140625 0.6025390625 0.490603298828125 0.5970703125 0.512825521484375 0.5962890625 0.5864366328125 0.6001953125 0.607269966796875 0.609098306640625 0.619140625
11 0.3828125 0.491876447265625 0.3828125 0.47194010546875 0.3826171875 0.4653428828125 0.3576171875 0.405620658203125 0.333984375 0.413752380859375 0.333984375 0.42280816015625 0.3349609375 0.437565103515625 0.354415060546875 0.49609375 0.36573242578125 0.49609375 0.3828125 0.491876447265625
9 0.431640625 0.3833808046875 0.431640625 0.411977810546875 0.4522569453125 0.41391058984375 0.46484375 0.410606552734375 0.46484375 0.382298234375 0.44253472265625 0.38031683984375 0.431640625 0.3833808046875
7 0.40952691015625 0.360460068359375 0.40258246484375 0.360460068359375 0.37109375 0.37087912890625 0.37109375 0.402385119140625 0.37758246484375 0.4042100703125 0.4140625 0.395011439453125 0.4140625 0.364171005859375 0.40952691015625 0.360460068359375
5 0.5625 0.355474888671875 0.5625 0.31659613671875 0.5575086796875 0.31391058984375 0.5625 0.313033208984375 0.5625 0.305678 0.540842013671875 0.30609808984375 0.52973090234375 0.31000433984375 0.5213975703125 0.31859808984375 0.505859375 0.321095298828125 0.505859375 0.36302680078125 0.506119791015625 0.36312933984375 0.525564236328125 0.36312933984375 0.5625 0.355474888671875
10 0.389453125 0.1979383671875 0.393359375 0.224327255859375 0.411328125 0.315993921875 0.418359375 0.32710503515625 0.42581787890625 0.328125 0.4290690078125 0.328125 0.434765625 0.324327255859375 0.438671875 0.31321614453125 0.439453125 0.2902994765625 0.439453125 0.264605033203125 0.414453125 0.17571614453125 0.408984375 0.167382810546875 0.398828125 0.0979383671875 0.391796875 0.096549478515625 0.386328125 0.103493921875 0.386328125 0.111827255859375 0.388671875 0.121549478515625 0.389453125 0.1979383671875
8 0.5671875 0.24869791796875 0.575747681640625 0.259765625 0.5873291015625 0.259765625 0.59296875 0.257031248046875 0.6 0.24453125 0.6015625 0.2264756953125 0.59765625 0.16675347265625 0.58828125 0.152864583984375 0.5734375 0.158420138671875 0.56640625 0.1764756953125 0.5671875 0.24869791796875
1 0.6171875 0.376649306640625 0.5859375 0.376649306640625 0.5859375 0.40882773828125 0.6171875 0.408325505859375 0.6171875 0.376649306640625
3 0.41030816015625 0.66694878515625 0.401974826171875 0.68882378515625 0.38530816015625 0.71226128515625 0.37280816015625 0.72398003515625 0.37109375 0.724622939453125 0.37109375 0.795135837890625 0.3825303828125 0.80210503515625 0.442252603515625 0.78648003515625 0.483919271484375 0.76460503515625 0.505859375 0.758820046875 0.505859375 0.7420095078125 0.4575303828125 0.74898003515625 0.4325303828125 0.73335503515625 0.4186414921875 0.73101128515625 0.411697048828125 0.71226128515625 0.424197048828125 0.69741753515625 0.424197048828125 0.68804253515625 0.417252603515625 0.67007378515625 0.41030816015625 0.66694878515625
12 0.319443359375 0.998046875 0.322531890625 0.998046875 0.6609375 0.953993056640625 0.67265625 0.9484375 0.7 0.5734375 0.71875 0.26371527734375 0.7265625 0.131770833984375 0.7242626953125 0.111328125 0.348876955078125 0.111328125 0.26171875 0.116493056640625 0.2734375 0.291493056640625 0.27421875 0.365104166015625 0.2796875 0.38871527734375 0.28203125 0.42065972265625 0.303125 0.7859375 0.31640625 0.984548611328125 0.319443359375 0.998046875