11 0.4140625 0.353515625 0.423828125 0.349609375 0.435546875 0.353515625 0.447265625 0.365234375 0.494140625 0.396484375 0.494140625 0.42578125 0.4921875 0.427734375 0.4765625 0.427734375 0.466796875 0.423828125 0.455078125 0.412109375 0.443359375 0.40625 0.4375 0.400390625 0.423828125 0.392578125 0.421875 0.388671875 0.41796875 0.388671875 0.4140625 0.384765625 0.4140625 0.35546875
2 0.52734375 0.3623046875 0.06640625 0.14208984375
0 0.4765625 0.513671875 0.484375 0.517578125 0.49609375 0.53125 0.5078125 0.556640625 0.5078125 0.564453125 0.509765625 0.56640625 0.509765625 0.61328125 0.5078125 0.615234375 0.5078125 0.62109375 0.498046875 0.640625 0.484375 0.654296875 0.478515625 0.654296875 0.4765625 0.65625 0.45703125 0.65625 0.443359375 0.650390625 0.427734375 0.630859375 0.416015625 0.599609375 0.416015625 0.560546875 0.419921875 0.55078125 0.419921875 0.54296875 0.431640625 0.521484375 0.443359375 0.51171875 0.47265625 0.51171875 0.474609375 0.513671875
5 0.501953125 0.62890625 0.55859375 0.62890625 0.55859375 0.68359375 0.544921875 0.68359375 0.54296875 0.685546875 0.51953125 0.68359375 0.51953125 0.681640625 0.5390625 0.681640625 0.54296875 0.677734375 0.54296875 0.673828125 0.537109375 0.66796875 0.5234375 0.6640625 0.51171875 0.6640625 0.501953125 0.66015625 0.501953125 0.630859375
6 0.494140625 0.712890625 0.501953125 0.712890625 0.505859375 0.732421875 0.513671875 0.744140625 0.513671875 0.791015625 0.5078125 0.8046875 0.5078125 0.841796875 0.50390625 0.84765625 0.50390625 0.8515625 0.5 0.853515625 0.482421875 0.853515625 0.474609375 0.849609375 0.466796875 0.841796875 0.466796875 0.802734375 0.470703125 0.79296875 0.470703125 0.78125 0.46875 0.779296875 0.470703125 0.748046875 0.474609375 0.736328125 0.48828125 0.7265625 0.490234375 0.71875 0.494140625 0.71484375
10 0.58984375 0.6374178046875 0.5967664921875 0.631966146484375 0.6356553828125 0.63743489453125 0.650390625 0.63615973046875 0.650390625 0.579222216796875 0.642599826171875 0.57884114453125 0.624544271484375 0.581184896484375 0.605099826171875 0.58821614453125 0.60093316015625 0.59446614453125 0.58984375 0.596961263671875 0.58984375 0.6374178046875
1 0.3736328125 0.37339409765625 0.3525390625 0.426171875 0.3423828125 0.442838541015625 0.3408203125 0.467838541015625 0.3470703125 0.481727431640625 0.356750486328125 0.484375 0.357379150390625 0.484375 0.3767578125 0.467838541015625 0.4080078125 0.390060763671875 0.4072265625 0.3706163203125 0.40103759765625 0.36328125 0.38785400390625 0.36328125 0.3736328125 0.37339409765625
7 0.616623263671875 0.743511283203125 0.625 0.7384628046875 0.625 0.702105033203125 0.6096788203125 0.702105033203125 0.598567708984375 0.706011283203125 0.583984375 0.713782666015625 0.583984375 0.73382936328125 0.591623263671875 0.742730033203125 0.616623263671875 0.743511283203125
4 0.521484375 0.45025569921875 0.521484375 0.485069443359375 0.563845486328125 0.49301215234375 0.564453125 0.492981080078125 0.564453125 0.454984595703125 0.521484375 0.45025569921875
3 0.362521701171875 0.06770833203125 0.337521701171875 0.05598958203125 0.284743923828125 0.05364583203125 0.28335503515625 0.05911458203125 0.2916883671875 0.06380208203125 0.327799478515625 0.07473958203125 0.359743923828125 0.09036458203125 0.3736328125 0.10052083203125 0.387521701171875 0.12005208203125 0.431966146484375 0.14348958203125 0.477799478515625 0.18880208203125 0.481966146484375 0.20442708203125 0.494140625 0.2112752265625 0.494140625 0.0052336171875 0.477799478515625 0.01770833203125 0.477799478515625 0.04270833203125 0.4680772578125 0.05598958203125 0.41391058984375 0.06848958203125 0.4041883671875 0.07708333203125 0.362521701171875 0.06770833203125
12 0.2671006953125 0.59680989453125 0.261545138671875 0.60618489453125 0.259765625 0.605974162109375 0.259765625 0.665115115234375 0.2907118046875 0.66321614453125 0.72265625 0.635448287109375 0.72265625 0.25427864453125 0.3046006953125 0.223372396484375 0.27265625 0.227278646484375 0.26293402734375 0.22415364453125 0.259765625 0.22415364453125 0.259765625 0.589933267578125 0.2671006953125 0.59680989453125
8 0.41796875 0.658203125 0.421875 0.65625 0.435546875 0.65625 0.443359375 0.666015625 0.443359375 0.703125 0.439453125 0.71484375 0.439453125 0.728515625 0.435546875 0.73828125 0.435546875 0.74609375 0.427734375 0.755859375 0.4140625 0.755859375 0.40625 0.748046875 0.40234375 0.734375 0.40234375 0.69921875 0.40625 0.689453125 0.412109375 0.68359375 0.4140625 0.66796875 0.41796875 0.66015625