10 0.436697048828125 0.8131944453125 0.439453125 0.813279005859375 0.439453125 0.784331111328125 0.384765625 0.76943090234375 0.384765625 0.8054058046875 0.4005859375 0.8085069453125 0.436697048828125 0.8131944453125
5 0.5572265625 0.618098958984375 0.54884765625 0.611328125 0.53748046875 0.611328125 0.5291015625 0.618098958984375 0.5197265625 0.65143229296875 0.5080078125 0.66948784765625 0.5064453125 0.709765625 0.5119140625 0.711154513671875 0.5166015625 0.68754340234375 0.5228515625 0.690321181640625 0.5244140625 0.708376736328125 0.5322265625 0.71948784765625 0.542480466796875 0.720703125 0.5441650390625 0.720703125 0.5509765625 0.715321181640625 0.564453125 0.659838724609375 0.564453125 0.633515625 0.5572265625 0.618098958984375
0 0.461027017578125 0.37890625 0.4509765625 0.384548611328125 0.4353515625 0.406770833984375 0.4251953125 0.465104166015625 0.4322265625 0.502604166015625 0.4423828125 0.5234375 0.4619140625 0.541493056640625 0.4876953125 0.54565972265625 0.4970703125 0.53315972265625 0.5056640625 0.53315972265625 0.5205078125 0.50815972265625 0.5234375 0.495510912109375 0.5234375 0.435763888671875 0.5197265625 0.419270833984375 0.5064453125 0.39565972265625 0.486147837890625 0.37890625 0.461027017578125 0.37890625
2 0.3732421875 0.345963541015625 0.3482421875 0.39457465234375 0.3435546875 0.416796873046875 0.3451171875 0.443185763671875 0.3552734375 0.466796875 0.3630859375 0.47513020703125 0.3818359375 0.479296873046875 0.3919921875 0.472352431640625 0.4037109375 0.451519095703125 0.4177734375 0.408463541015625 0.41796875 0.404991318359375 0.41796875 0.374609375 0.4146484375 0.3598524296875 0.396640625 0.33984375 0.38299560546875 0.33984375 0.3732421875 0.345963541015625
6 0.595703125 0.466400619140625 0.6328125 0.46600676953125 0.6328125 0.43002394921875 0.62113715234375 0.429058158203125 0.59613715234375 0.43374566015625 0.595703125 0.43374566015625 0.595703125 0.466400619140625
11 0.3349609375 0.5889539921875 0.3623046875 0.593120658203125 0.380859375 0.53676938671875 0.380859375 0.50874566015625 0.372692873046875 0.50390625 0.357195767578125 0.50390625 0.3333984375 0.5639539921875 0.3349609375 0.5889539921875
1 0.5951171875 0.5370225703125 0.5865234375 0.563411458984375 0.5880859375 0.62174479296875 0.5857421875 0.666189236328125 0.5912109375 0.67730034765625 0.6029296875 0.68424479296875 0.6115234375 0.675911458984375 0.6171875 0.653534916015625 0.6171875 0.545355904296875 0.6162109375 0.538411458984375 0.60888671875 0.529296875 0.607430013671875 0.529296875 0.5951171875 0.5370225703125
8 0.571875 0.752864583984375 0.56796875 0.811197916015625 0.57109375 0.836197916015625 0.578125 0.844531251953125 0.58984375 0.84730902734375 0.6015625 0.833828634765625 0.6015625 0.754484951171875 0.59296875 0.741753470703125 0.58741455078125 0.740234375 0.5818212890625 0.740234375 0.571875 0.752864583984375
9 0.4435546875 0.633094619140625 0.4591796875 0.627539064453125 0.4646484375 0.610872396484375 0.4638671875 0.585872396484375 0.455345458984375 0.57421875 0.440258791015625 0.57421875 0.4365234375 0.577539064453125 0.4318359375 0.592816841796875 0.4333984375 0.6219835078125 0.4435546875 0.633094619140625
7 0.4140625 0.6123914921875 0.41328125 0.592947046875 0.3921875 0.576280380859375 0.38671875 0.580447046875 0.37109375 0.629058158203125 0.37109375 0.634613716796875 0.38515625 0.6512803828125 0.39453125 0.659613716796875 0.4046875 0.642947046875 0.4140625 0.6123914921875
4 0.535546875 0.42152777734375 0.523046875 0.4868055546875 0.523046875 0.4993055546875 0.529296875 0.51458333203125 0.548046875 0.52152777734375 0.557421875 0.507638890625 0.564453125 0.4524305546875 0.564453125 0.429861111328125 0.560546875 0.422916666015625 0.551640625 0.41796875 0.5435546875 0.41796875 0.535546875 0.42152777734375
12 0.309765625 0.127256943359375 0.306640625 0.20920138671875 0.308984375 0.22864583203125 0.303515625 0.24670138671875 0.304296875 0.2772569453125 0.300390625 0.29114583203125 0.294921875 0.38559027734375 0.290234375 0.41197916796875 0.289453125 0.4758680546875 0.285546875 0.492534720703125 0.279296875 0.606423609375 0.269921875 0.630034720703125 0.275390625 0.643923609375 0.276171875 0.65920138671875 0.262890625 0.8328125 0.262109375 0.881423611328125 0.317578125 0.886979166015625 0.724609375 0.88559027734375 0.726171875 0.864756943359375 0.710546875 0.61059027734375 0.671484375 0.06059027734375 0.654296875 0.04809027734375 0.638671875 0.045312498046875 0.423828125 0.01753472265625 0.396484375 0.018923611328125 0.344375884765625 0.005859375 0.3186767578125 0.005859375 0.317578125 0.0078125 0.311328125 0.0897569453125 0.312890625 0.118923609375 0.309765625 0.127256943359375
3 0.384049478515625 0.36909722265625 0.38266058984375 0.378472220703125 0.371549478515625 0.389409720703125 0.353493923828125 0.394878470703125 0.3423828125 0.391753470703125 0.32421875 0.399612919921875 0.32421875 0.483098685546875 0.3298828125 0.486284720703125 0.338216146484375 0.485503470703125 0.356271701171875 0.463628470703125 0.35210503515625 0.450347220703125 0.3604383671875 0.437065970703125 0.390993923828125 0.41987847265625 0.39516058984375 0.413628470703125 0.440993923828125 0.407378470703125 0.44140625 0.40722937109375 0.44140625 0.392334068359375 0.428493923828125 0.390972220703125 0.4173828125 0.379253470703125 0.390993923828125 0.36909722265625 0.384049478515625 0.36909722265625