0 0.421614583984375 0.547938369140625 0.41015625 0.555592177734375 0.41015625 0.602674697265625 0.417447916015625 0.6057508671875 0.42855902734375 0.631532119140625 0.44800347265625 0.636219619140625 0.47300347265625 0.635438369140625 0.4952256953125 0.6299696171875 0.509765625 0.621435310546875 0.509765625 0.546742080078125 0.504947916015625 0.544032119140625 0.4827256953125 0.538563369140625 0.454947916015625 0.5377821171875 0.421614583984375 0.547938369140625
7 0.412890625 0.22094183984375 0.401171875 0.250108505859375 0.397265625 0.268164060546875 0.398828125 0.272330728515625 0.412109375 0.290386283203125 0.424609375 0.2987196171875 0.428515625 0.294552951171875 0.431640625 0.280664060546875 0.442578125 0.257052951171875 0.443359375 0.251960357421875 0.443359375 0.239791044921875 0.428515625 0.22094183984375 0.4203552265625 0.216796875 0.4163879375 0.216796875 0.412890625 0.22094183984375
8 0.3943359375 0.658658853515625 0.3943359375 0.6350477421875 0.3865234375 0.61976996484375 0.3794921875 0.615603298828125 0.3708984375 0.615603298828125 0.3599609375 0.6294921875 0.3498046875 0.689214408203125 0.3498046875 0.701714408203125 0.3552734375 0.714214408203125 0.3693359375 0.718381076171875 0.3771484375 0.711436630859375 0.3943359375 0.658658853515625
11 0.32421875 0.5588550703125 0.3379991328125 0.5663194453125 0.375 0.581390919921875 0.375 0.555595779296875 0.360221353515625 0.5475694453125 0.32827691015625 0.5381944453125 0.32421875 0.5354551875 0.32421875 0.5588550703125
2 0.625 0.743511388671875 0.625 0.688427349609375 0.568359375 0.688902876953125 0.568359375 0.74464427734375 0.5838758671875 0.745290798828125 0.625 0.743511388671875
6 0.51953125 0.79107184765625 0.51953125 0.758153619140625 0.48046875 0.754491509765625 0.48046875 0.78557671484375 0.514040798828125 0.79097222265625 0.51953125 0.79107184765625
4 0.5563368046875 0.490928818359375 0.564453125 0.491214158203125 0.564453125 0.45495062890625 0.527170138671875 0.447960068359375 0.521484375 0.448250818359375 0.521484375 0.48510045703125 0.5563368046875 0.490928818359375
10 0.380859375 0.49066185546875 0.406271701171875 0.4987413203125 0.45210503515625 0.4948350703125 0.45766058984375 0.5057725703125 0.45210503515625 0.5120225703125 0.4618272578125 0.5143663203125 0.466796875 0.52042304296875 0.466796875 0.4595173125 0.463216146484375 0.4588975703125 0.41460503515625 0.4401475703125 0.380859375 0.43953525 0.380859375 0.49066185546875
1 0.35546875 0.421042208984375 0.35546875 0.449691306640625 0.387174478515625 0.45805121484375 0.406618923828125 0.46976996484375 0.416015625 0.469417587890625 0.416015625 0.42641547265625 0.403841146484375 0.42367621484375 0.3760633671875 0.41039496484375 0.359396701171875 0.42055121484375 0.35546875 0.421042208984375
5 0.40234375 0.3960980625 0.420290798828125 0.4065538203125 0.4522352421875 0.4057725703125 0.453125 0.405408578125 0.453125 0.361999173828125 0.43695746484375 0.3612413203125 0.417513021484375 0.3557725703125 0.40234375 0.357194689453125 0.40234375 0.3960980625
9 0.49609375 0.284444486328125 0.49984808984375 0.28671875 0.51929253515625 0.28828125 0.533181423828125 0.2859375 0.53515625 0.284363810546875 0.53515625 0.252225341796875 0.533181423828125 0.25078125 0.5026258671875 0.25 0.49609375 0.253429361328125 0.49609375 0.284444486328125
3 0.373046875 0.1764539921875 0.376171875 0.16673176953125 0.367578125 0.132009546875 0.359765625 0.120898435546875 0.367578125 0.08478732421875 0.380859375 0.05562066015625 0.382421875 0.002842880859375 0.37941894921875 0.001953125 0.37745361328125 0.001953125 0.372265625 0.01117621484375 0.361328125 0.04728732421875 0.344140625 0.080620658203125 0.313671875 0.10978732421875 0.285546875 0.1639539921875 0.302567435546875 0.21484375 0.431640625 0.21484375 0.431640625 0.21329609765625 0.418359375 0.195898435546875 0.392578125 0.195898435546875 0.379296875 0.18617621484375 0.373046875 0.1764539921875
12 0.3142578125 0.82233073046875 0.3212890625 0.8431640625 0.5087890625 0.8626085078125 0.5220703125 0.8681640625 0.6705078125 0.8876085078125 0.6736328125 0.873719619140625 0.6962890625 0.491775173828125 0.7158203125 0.2556640625 0.7173828125 0.16538628515625 0.7283203125 0.016775173828125 0.7205078125 0.004275173828125 0.7116882265625 0.00390625 0.316033974609375 0.00390625 0.2642578125 0.004275173828125 0.2626953125 0.026497396484375 0.2830078125 0.366775173828125 0.3142578125 0.82233073046875