11 0.43359375 0.349609375 0.443359375 0.353515625 0.455078125 0.365234375 0.486328125 0.384765625 0.48828125 0.388671875 0.494140625 0.390625 0.494140625 0.423828125 0.486328125 0.427734375 0.474609375 0.423828125 0.462890625 0.412109375 0.4140625 0.37890625 0.4140625 0.353515625 0.41796875 0.349609375 0.431640625 0.349609375
2 0.494140625 0.330078125 0.53515625 0.330078125 0.54296875 0.333984375 0.55859375 0.3359375 0.55859375 0.392578125 0.5078125 0.392578125 0.505859375 0.390625 0.494140625 0.390625 0.494140625 0.33203125
0 0.4765625 0.513671875 0.484375 0.517578125 0.49609375 0.53125 0.5078125 0.556640625 0.5078125 0.564453125 0.509765625 0.56640625 0.509765625 0.61328125 0.5078125 0.615234375 0.5078125 0.62109375 0.498046875 0.640625 0.484375 0.654296875 0.478515625 0.654296875 0.4765625 0.65625 0.45703125 0.65625 0.443359375 0.650390625 0.427734375 0.630859375 0.416015625 0.599609375 0.416015625 0.560546875 0.419921875 0.55078125 0.419921875 0.54296875 0.431640625 0.521484375 0.443359375 0.51171875 0.47265625 0.51171875 0.474609375 0.513671875
5 0.501953125 0.62890625 0.54296875 0.62890625 0.54296875 0.630859375 0.5234375 0.630859375 0.51953125 0.634765625 0.51953125 0.638671875 0.525390625 0.64453125 0.5390625 0.6484375 0.55078125 0.6484375 0.55859375 0.65234375 0.55859375 0.68359375 0.501953125 0.68359375 0.501953125 0.630859375
6 0.46484375 0.759765625 0.470703125 0.759765625 0.48046875 0.763671875 0.4921875 0.763671875 0.494140625 0.76171875 0.513671875 0.763671875 0.513671875 0.80859375 0.490234375 0.80859375 0.46484375 0.80078125 0.46484375 0.76171875
10 0.616080728515625 0.63548176953125 0.635525173828125 0.628450521484375 0.63969183984375 0.622200521484375 0.650390625 0.619793294921875 0.650390625 0.579556478515625 0.6438585078125 0.58470051953125 0.6049696171875 0.579231771484375 0.58984375 0.580540740234375 0.58984375 0.63742534375 0.598025173828125 0.637825521484375 0.616080728515625 0.63548176953125
1 0.408203125 0.456369357421875 0.408203125 0.41695653515625 0.34066840234375 0.389822048828125 0.33984375 0.389855181640625 0.33984375 0.430528642578125 0.376779513671875 0.445290798828125 0.3934461796875 0.455447048828125 0.408203125 0.456369357421875
7 0.5849609375 0.717621525390625 0.5888671875 0.72873263671875 0.6029296875 0.755121525390625 0.625 0.736179955078125 0.625 0.7084085625 0.6146484375 0.69123263671875 0.5990234375 0.6953993046875 0.590327150390625 0.689453125 0.58839925 0.689453125 0.5849609375 0.696788193359375 0.5849609375 0.717621525390625
4 0.521484375 0.45025569921875 0.521484375 0.485069443359375 0.563845486328125 0.49301215234375 0.564453125 0.492981080078125 0.564453125 0.454984595703125 0.521484375 0.45025569921875
3 0.425390625 0.066601560546875 0.470703125 0.020768228515625 0.486328125 0.0166015625 0.494140625 0.002712671875 0.494140625 0.001953125 0.285246060546875 0.001953125 0.299609375 0.020768228515625 0.324609375 0.020768228515625 0.337890625 0.03049044921875 0.350390625 0.0846571171875 0.358984375 0.09437933984375 0.349609375 0.136046005859375 0.337890625 0.161046005859375 0.335546875 0.21382378515625 0.3395629921875 0.21484375 0.34122314453125 0.21484375 0.345703125 0.20687933984375 0.356640625 0.170768228515625 0.372265625 0.138823783203125 0.382421875 0.12493489453125 0.401953125 0.111046005859375 0.425390625 0.066601560546875
12 0.4654296875 0.02690972265625 0.4490234375 0.050520833984375 0.4380859375 0.0546875 0.4029296875 0.121354166015625 0.3865234375 0.129687498046875 0.3724609375 0.1477430546875 0.3583984375 0.178298609375 0.3498046875 0.211631943359375 0.3419921875 0.21996527734375 0.3326171875 0.21440972265625 0.3357421875 0.18802083203125 0.3341796875 0.15746527734375 0.3458984375 0.1352430546875 0.3451171875 0.11996527734375 0.3537109375 0.096354166015625 0.3466796875 0.086631943359375 0.3458984375 0.0741319453125 0.3388671875 0.065798609375 0.3396484375 0.03802083203125 0.3216796875 0.02552083203125 0.3091796875 0.03246527734375 0.2935546875 0.024131943359375 0.2833984375 0.007465279296875 0.2646484375 0.00607638671875 0.2615234375 0.014409720703125 0.2755859375 0.24357638671875 0.3037109375 0.68107638671875 0.3169921875 0.840798609375 0.6693359375 0.88802083203125 0.6724609375 0.87552083203125 0.6794921875 0.74357638671875 0.7154296875 0.257465279296875 0.7115234375 0.22552083203125 0.7146484375 0.215798609375 0.7146484375 0.16857638671875 0.7177734375 0.149131943359375 0.7154296875 0.12552083203125 0.7193359375 0.124131943359375 0.72265625 0.078877314453125 0.72265625 0.010101009765625 0.7060546875 0.00607638671875 0.674072580078125 0.005859375 0.500708005859375 0.005859375 0.4935546875 0.01857638671875 0.4787109375 0.02690972265625 0.4654296875 0.02690972265625
8 0.40234375 0.6875 0.421875 0.6875 0.43359375 0.69140625 0.443359375 0.69140625 0.443359375 0.728515625 0.41796875 0.728515625 0.408203125 0.724609375 0.40234375 0.71875 0.40234375 0.689453125