11 0.4921875 0.5703125 0.494140625 0.572265625 0.494140625 0.6015625 0.447265625 0.6328125 0.435546875 0.64453125 0.42578125 0.6484375 0.4140625 0.64453125 0.4140625 0.61328125 0.41796875 0.609375 0.421875 0.609375 0.423828125 0.60546875 0.4375 0.59765625 0.443359375 0.591796875 0.455078125 0.5859375 0.466796875 0.57421875 0.4765625 0.5703125 0.490234375 0.5703125
2 0.494140625 0.61328125 0.505859375 0.609375 0.513671875 0.609375 0.521484375 0.60546875 0.55859375 0.60546875 0.55859375 0.666015625 0.55078125 0.666015625 0.548828125 0.66796875 0.494140625 0.66796875 0.494140625 0.615234375
0 0.482421875 0.341796875 0.494140625 0.3515625 0.505859375 0.373046875 0.505859375 0.380859375 0.509765625 0.390625 0.509765625 0.4296875 0.501953125 0.453125 0.498046875 0.45703125 0.498046875 0.4609375 0.494140625 0.466796875 0.482421875 0.48046875 0.46875 0.486328125 0.44140625 0.484375 0.427734375 0.470703125 0.421875 0.4609375 0.416015625 0.443359375 0.416015625 0.435546875 0.4140625 0.43359375 0.4140625 0.404296875 0.421875 0.376953125 0.42578125 0.373046875 0.4296875 0.361328125 0.44140625 0.34765625 0.4609375 0.33984375 0.48046875 0.341796875
5 0.51953125 0.314453125 0.53515625 0.314453125 0.537109375 0.3125 0.55859375 0.314453125 0.55859375 0.369140625 0.501953125 0.369140625 0.501953125 0.337890625 0.51171875 0.333984375 0.53125 0.33203125 0.537109375 0.330078125 0.54296875 0.32421875 0.54296875 0.3203125 0.5390625 0.31640625 0.51953125 0.31640625
6 0.513671875 0.189453125 0.513671875 0.234375 0.5078125 0.234375 0.505859375 0.236328125 0.48046875 0.234375 0.470703125 0.23828125 0.46484375 0.23828125 0.46484375 0.197265625 0.490234375 0.189453125 0.51171875 0.189453125
10 0.6095703125 0.343120658203125 0.6095703125 0.3583984375 0.6064453125 0.372287326171875 0.6001953125 0.3764539921875 0.5931640625 0.3958984375 0.5908203125 0.413953994140625 0.5923828125 0.445898439453125 0.5986328125 0.46117621484375 0.6126953125 0.47367621484375 0.6337890625 0.476453994140625 0.6462890625 0.44312066015625 0.6494140625 0.40700955078125 0.6439453125 0.36812066015625 0.6494140625 0.361176216796875 0.650390625 0.3498914921875 0.650390625 0.3422982890625 0.6361328125 0.322287326171875 0.6064453125 0.307009548828125 0.5931640625 0.307009548828125 0.5900390625 0.31673176953125 0.5978515625 0.330620658203125 0.5955078125 0.343120658203125 0.6064453125 0.3389539921875 0.6095703125 0.343120658203125
1 0.40776909765625 0.542599826171875 0.33984375 0.569891259765625 0.33984375 0.609171548828125 0.3549913203125 0.608224826171875 0.371657986328125 0.598068576171875 0.408203125 0.58346254296875 0.408203125 0.542617265625 0.40776909765625 0.542599826171875
7 0.625 0.268713736328125 0.611588541015625 0.261566841796875 0.6004774296875 0.257660591796875 0.583984375 0.257660591796875 0.583984375 0.293312095703125 0.593532986328125 0.29906683984375 0.618532986328125 0.298285591796875 0.625 0.290750365234375 0.625 0.268713736328125
4 0.55040283203125 0.578125 0.559765625 0.575564236328125 0.564453125 0.564849951171875 0.564453125 0.539453125 0.554296875 0.485286458984375 0.550390625 0.478342013671875 0.541015625 0.476953125 0.525390625 0.48667534765625 0.522265625 0.4963975703125 0.529296875 0.560286458984375 0.549365234375 0.578125 0.55040283203125 0.578125
3 0.423828125 0.9541015625 0.434765625 0.99021267578125 0.43917236328125 0.998046875 0.4414184609375 0.998046875 0.444921875 0.997157119140625 0.442578125 0.94437933984375 0.430859375 0.919379341796875 0.421484375 0.87771267578125 0.430078125 0.867990453125 0.442578125 0.81382378515625 0.455859375 0.804101564453125 0.480859375 0.804101564453125 0.494140625 0.78670390234375 0.494140625 0.78515625 0.28582763671875 0.78515625 0.294140625 0.799934896484375 0.309765625 0.804101564453125 0.355078125 0.849934896484375 0.378515625 0.894379341796875 0.398046875 0.90826823046875 0.408203125 0.922157119140625 0.423828125 0.9541015625
12 0.6400390625 0.182465279296875 0.6392578125 0.194965279296875 0.6322265625 0.204687501953125 0.6408203125 0.22829861328125 0.6400390625 0.243576390625 0.6517578125 0.265798611328125 0.6501953125 0.29635416796875 0.6533203125 0.322743056640625 0.6439453125 0.328298611328125 0.6361328125 0.319965279296875 0.6275390625 0.2866319453125 0.6134765625 0.256076388671875 0.5994140625 0.238020833984375 0.5830078125 0.229687501953125 0.5478515625 0.163020833984375 0.5369140625 0.15885416796875 0.5205078125 0.135243056640625 0.5072265625 0.135243056640625 0.4923828125 0.12690972265625 0.4845703125 0.113020833984375 0.2798828125 0.11440972265625 0.2626953125 0.118576388671875 0.2619140625 0.168576390625 0.2666015625 0.23246527734375 0.2705078125 0.23385416796875 0.2681640625 0.257465279296875 0.2712890625 0.27690972265625 0.2712890625 0.3241319453125 0.2744140625 0.33385416796875 0.2705078125 0.36579861328125 0.3064453125 0.851909720703125 0.3134765625 0.98385416796875 0.316048177734375 0.994140625 0.333117671875 0.994140625 0.6689453125 0.9491319453125 0.6822265625 0.789409720703125 0.7103515625 0.351909720703125 0.72265625 0.151388888671875 0.72265625 0.118055556640625 0.7212890625 0.11440972265625 0.7025390625 0.11579861328125 0.6923828125 0.132465279296875 0.6767578125 0.140798611328125 0.6642578125 0.13385416796875 0.6462890625 0.14635416796875 0.6470703125 0.174131943359375 0.6400390625 0.182465279296875
8 0.416145833984375 0.311675345703125 0.4453125 0.304103232421875 0.4453125 0.26988848828125 0.40234375 0.276085904296875 0.40234375 0.312160576171875 0.416145833984375 0.311675345703125