12 0.26171875 0.773074978515625 0.724609375 0.74459635546875 0.724609375 0.362395833984375 0.72183159765625 0.36217448046875 0.26171875 0.33293001953125 0.26171875 0.773074978515625
10 0.4076171875 0.224001736328125 0.4240234375 0.2684461796875 0.430819630859375 0.326171875 0.436669921875 0.326171875 0.4388671875 0.325390625 0.44140625 0.309592013671875 0.44140625 0.2762586796875 0.4404296875 0.226779513671875 0.4201171875 0.11566840234375 0.4115234375 0.09761284765625 0.3958984375 0.099001736328125 0.388671875 0.1298350703125 0.388671875 0.1417100703125 0.3896484375 0.1573350703125 0.4076171875 0.224001736328125
5 0.5504774296875 0.35023871484375 0.564453125 0.34630805078125 0.564453125 0.304809779296875 0.549088541015625 0.30414496484375 0.50390625 0.314875759765625 0.50390625 0.349556556640625 0.5143663203125 0.35336371484375 0.50390625 0.355440345703125 0.50390625 0.363063673828125 0.532421875 0.36195746484375 0.5504774296875 0.35023871484375
0 0.425390625 0.5234375 0.424609375 0.555381943359375 0.430859375 0.5859375 0.446484375 0.612326388671875 0.454296875 0.6109375 0.4619140625 0.62109375 0.48344726953125 0.62109375 0.487109375 0.62065972265625 0.508203125 0.602604166015625 0.519140625 0.580381943359375 0.525390625 0.549517748046875 0.525390625 0.53315972265625 0.524609375 0.52065972265625 0.516015625 0.484548611328125 0.501953125 0.46371527734375 0.487109375 0.4539930546875 0.466796875 0.455381943359375 0.445703125 0.472048611328125 0.432421875 0.494270833984375 0.425390625 0.5234375
2 0.396921212890625 0.66015625 0.4138671875 0.641818576171875 0.41796875 0.626193576171875 0.41796875 0.59274450390625 0.4044921875 0.55015191015625 0.3919921875 0.5279296875 0.382565916015625 0.521484375 0.37958984765625 0.521484375 0.3630859375 0.52515191015625 0.3552734375 0.533485244140625 0.3451171875 0.55709635546875 0.3435546875 0.583485244140625 0.3474609375 0.604318576171875 0.3732421875 0.654318576171875 0.38046630859375 0.66015625 0.396921212890625 0.66015625
4 0.5279296875 0.48541666796875 0.5216796875 0.5006944453125 0.5216796875 0.514583333984375 0.5333984375 0.5756944453125 0.536962890625 0.58203125 0.55089111328125 0.58203125 0.5583984375 0.57847222265625 0.5646484375 0.56875 0.5662109375 0.556250001953125 0.5615234375 0.535416666015625 0.5599609375 0.507638890625 0.5537109375 0.486805556640625 0.5466796875 0.47847222265625 0.5279296875 0.48541666796875
6 0.62016058984375 0.570247396484375 0.6328125 0.569720234375 0.6328125 0.53329441015625 0.595703125 0.532900560546875 0.595703125 0.56833665625 0.62016058984375 0.570247396484375
1 0.5859375 0.408875869140625 0.619140625 0.408875869140625 0.619140625 0.37906782421875 0.593489583984375 0.3799696171875 0.5859375 0.379197244140625 0.5859375 0.408875869140625
9 0.45653076171875 0.427734375 0.4619140625 0.421354166015625 0.46484375 0.41223958203125 0.46484375 0.392881943359375 0.4595703125 0.374131943359375 0.4462890625 0.3671875 0.4337890625 0.378298611328125 0.431640625 0.40121527734375 0.431640625 0.404042658203125 0.4369140625 0.424131943359375 0.440966796875 0.427734375 0.45653076171875 0.427734375
7 0.391015625 0.42350260546875 0.4140625 0.39891926953125 0.4140625 0.395377603515625 0.412890625 0.386002603515625 0.405078125 0.370724828125 0.396484375 0.34016926953125 0.387890625 0.342947046875 0.37109375 0.360592251953125 0.37109375 0.363482763671875 0.376171875 0.395724826171875 0.391015625 0.42350260546875
11 0.380859375 0.46323061328125 0.3623046875 0.406879341796875 0.3412109375 0.40826823046875 0.3333984375 0.41382378515625 0.3341796875 0.43882378515625 0.35718994140625 0.49609375 0.36240234765625 0.49609375 0.380859375 0.4919921875 0.380859375 0.46323061328125
8 0.6015625 0.19027919140625 0.56640625 0.193718390625 0.56640625 0.225303818359375 0.6015625 0.225303818359375 0.6015625 0.19027919140625
3 0.4552734375 0.715212671875 0.4380859375 0.745768228515625 0.4326171875 0.763823783203125 0.4169921875 0.763823783203125 0.4029296875 0.751323783203125 0.3935546875 0.751323783203125 0.3755859375 0.758268228515625 0.3724609375 0.765212671875 0.3787109375 0.770768228515625 0.3912109375 0.770768228515625 0.4185546875 0.790212671875 0.4294921875 0.801323783203125 0.4365234375 0.81937933984375 0.474841865234375 0.84765625 0.4787841796875 0.84765625 0.4857421875 0.8291015625 0.505859375 0.795892234375 0.505859375 0.786294021484375 0.4912109375 0.73049044921875 0.4748046875 0.70549044921875 0.4669921875 0.6846571171875 0.4576171875 0.64437933984375 0.4568359375 0.6221571171875 0.4521484375 0.616601560546875 0.4458984375 0.65687933984375 0.4552734375 0.715212671875