11 0.46484375 0.58203125 0.478515625 0.572265625 0.484375 0.5703125 0.4921875 0.572265625 0.494140625 0.57421875 0.494140625 0.607421875 0.48828125 0.609375 0.486328125 0.61328125 0.455078125 0.6328125 0.453125 0.63671875 0.439453125 0.646484375 0.43359375 0.6484375 0.41796875 0.6484375 0.4140625 0.64453125 0.4140625 0.619140625 0.46484375 0.583984375
2 0.52734375 0.6376953125 0.06640625 0.14208984375
0 0.48046875 0.3671875 0.482421875 0.369140625 0.490234375 0.369140625 0.509765625 0.37890625 0.509765625 0.453125 0.50390625 0.45703125 0.49609375 0.45703125 0.486328125 0.4609375 0.447265625 0.4609375 0.423828125 0.453125 0.4140625 0.447265625 0.4140625 0.375 0.42578125 0.369140625 0.44140625 0.3671875 0.443359375 0.365234375 0.47265625 0.365234375 0.478515625 0.3671875
5 0.51953125 0.314453125 0.53515625 0.314453125 0.537109375 0.3125 0.55859375 0.314453125 0.55859375 0.369140625 0.501953125 0.369140625 0.501953125 0.337890625 0.51171875 0.333984375 0.53125 0.33203125 0.537109375 0.330078125 0.54296875 0.32421875 0.54296875 0.3203125 0.5390625 0.31640625 0.51953125 0.31640625
6 0.50390625 0.146484375 0.50390625 0.150390625 0.5078125 0.15625 0.5078125 0.193359375 0.513671875 0.20703125 0.513671875 0.25390625 0.505859375 0.265625 0.501953125 0.28515625 0.494140625 0.28515625 0.48828125 0.271484375 0.478515625 0.265625 0.47265625 0.2578125 0.470703125 0.232421875 0.46875 0.23046875 0.470703125 0.205078125 0.466796875 0.1953125 0.466796875 0.15625 0.474609375 0.1484375 0.482421875 0.14453125 0.5 0.14453125 0.501953125 0.146484375
10 0.6064453125 0.372287326171875 0.6001953125 0.3764539921875 0.5931640625 0.3958984375 0.5908203125 0.413953994140625 0.5923828125 0.445898439453125 0.5986328125 0.46117621484375 0.6126953125 0.47367621484375 0.6337890625 0.476453994140625 0.6462890625 0.44312066015625 0.6494140625 0.40700955078125 0.6439453125 0.36812066015625 0.6494140625 0.361176216796875 0.650390625 0.3498914921875 0.650390625 0.3422982890625 0.6361328125 0.322287326171875 0.6064453125 0.307009548828125 0.5931640625 0.307009548828125 0.5900390625 0.31673176953125 0.5978515625 0.330620658203125 0.5955078125 0.343120658203125 0.6064453125 0.3389539921875 0.6095703125 0.343120658203125 0.6095703125 0.3583984375 0.6064453125 0.372287326171875
1 0.3767578125 0.532161458984375 0.357379150390625 0.515625 0.356750486328125 0.515625 0.3470703125 0.518272568359375 0.3408203125 0.532161458984375 0.3423828125 0.557161458984375 0.3525390625 0.573828125 0.3736328125 0.62660590234375 0.38785400390625 0.63671875 0.40103759765625 0.63671875 0.4072265625 0.6293836796875 0.4080078125 0.609939236328125 0.3767578125 0.532161458984375
7 0.6004774296875 0.257660591796875 0.583984375 0.257660591796875 0.583984375 0.293312095703125 0.593532986328125 0.29906683984375 0.618532986328125 0.298285591796875 0.625 0.290750365234375 0.625 0.268713736328125 0.611588541015625 0.261566841796875 0.6004774296875 0.257660591796875
4 0.564453125 0.564849951171875 0.564453125 0.539453125 0.554296875 0.485286458984375 0.550390625 0.478342013671875 0.541015625 0.476953125 0.525390625 0.48667534765625 0.522265625 0.4963975703125 0.529296875 0.560286458984375 0.549365234375 0.578125 0.55040283203125 0.578125 0.559765625 0.575564236328125 0.564453125 0.564849951171875
3 0.43917236328125 0.998046875 0.4414184609375 0.998046875 0.444921875 0.997157119140625 0.442578125 0.94437933984375 0.430859375 0.919379341796875 0.421484375 0.87771267578125 0.430078125 0.867990453125 0.442578125 0.81382378515625 0.455859375 0.804101564453125 0.480859375 0.804101564453125 0.494140625 0.78670390234375 0.494140625 0.78515625 0.28582763671875 0.78515625 0.294140625 0.799934896484375 0.309765625 0.804101564453125 0.355078125 0.849934896484375 0.378515625 0.894379341796875 0.398046875 0.90826823046875 0.408203125 0.922157119140625 0.423828125 0.9541015625 0.434765625 0.99021267578125 0.43917236328125 0.998046875
12 0.6693359375 0.11197916796875 0.3169921875 0.159201390625 0.3037109375 0.31892361328125 0.2755859375 0.75642361328125 0.2615234375 0.985590279296875 0.2646484375 0.99392361328125 0.2833984375 0.992534720703125 0.2935546875 0.975868056640625 0.3091796875 0.96753472265625 0.3216796875 0.97447916796875 0.3396484375 0.96197916796875 0.3388671875 0.934201390625 0.3458984375 0.9258680546875 0.3466796875 0.913368056640625 0.3537109375 0.903645833984375 0.3451171875 0.88003472265625 0.3458984375 0.8647569453125 0.3341796875 0.84253472265625 0.3357421875 0.81197916796875 0.3326171875 0.78559027734375 0.3419921875 0.78003472265625 0.3498046875 0.788368056640625 0.3583984375 0.821701390625 0.3724609375 0.8522569453125 0.3865234375 0.870312501953125 0.4029296875 0.878645833984375 0.4380859375 0.9453125 0.4490234375 0.949479166015625 0.4654296875 0.97309027734375 0.4787109375 0.97309027734375 0.4935546875 0.98142361328125 0.500708005859375 0.994140625 0.674072580078125 0.994140625 0.7060546875 0.99392361328125 0.72265625 0.989898990234375 0.72265625 0.921122685546875 0.7193359375 0.875868056640625 0.7154296875 0.87447916796875 0.7177734375 0.850868056640625 0.7146484375 0.83142361328125 0.7146484375 0.784201390625 0.7115234375 0.77447916796875 0.7154296875 0.742534720703125 0.6794921875 0.25642361328125 0.6724609375 0.12447916796875 0.6693359375 0.11197916796875
8 0.443359375 0.271484375 0.443359375 0.306640625 0.4375 0.310546875 0.40234375 0.310546875 0.40234375 0.275390625 0.44140625 0.271484375