0 0.44765625 0.4694444453125 0.44765625 0.4819444453125 0.4515625 0.4875 0.4640625 0.4875 0.4859375 0.476388888671875 0.50078125 0.454166666015625 0.5109375 0.420833333984375 0.51015625 0.3930555546875 0.5046875 0.370833333984375 0.49140625 0.34722222265625 0.47578125 0.338888888671875 0.46015625 0.338888888671875 0.4375 0.348611111328125 0.41875 0.3805555546875 0.41328125 0.40277777734375 0.4125 0.42777777734375 0.4171875 0.44722222265625 0.44296875 0.458333333984375 0.44765625 0.4694444453125
7 0.41796875 0.78472222265625 0.42890625 0.779166666015625 0.4453125 0.758333333984375 0.44296875 0.7430555546875 0.43203125 0.7194444453125 0.42890625 0.7055555546875 0.425 0.701388888671875 0.4125 0.70972222265625 0.39921875 0.72777777734375 0.39765625 0.7319444453125 0.4015625 0.75 0.41328125 0.779166666015625 0.41796875 0.78472222265625
8 0.3890625 0.3805555546875 0.39453125 0.3680555546875 0.39453125 0.3555555546875 0.384375 0.295833333984375 0.3734375 0.2819444453125 0.36484375 0.2819444453125 0.3578125 0.286111111328125 0.35 0.301388888671875 0.35 0.325 0.3671875 0.37777777734375 0.375 0.38472222265625 0.3890625 0.3805555546875
11 0.3625 0.4930555546875 0.37421875 0.4930555546875 0.3765625 0.48472222265625 0.375 0.47222222265625 0.3703125 0.46527777734375 0.3609375 0.433333333984375 0.3390625 0.3930555546875 0.33359375 0.395833333984375 0.32578125 0.40972222265625 0.32578125 0.41527777734375 0.3421875 0.4555555546875 0.3625 0.4930555546875
2 0.58828125 0.358333333984375 0.5984375 0.35972222265625 0.6125 0.35277777734375 0.61875 0.341666666015625 0.62421875 0.32222222265625 0.6265625 0.2680555546875 0.625 0.2305555546875 0.61953125 0.2180555546875 0.6109375 0.208333333984375 0.5921875 0.2055555546875 0.58125 0.213888888671875 0.5703125 0.236111111328125 0.56953125 0.329166666015625 0.5734375 0.341666666015625 0.58203125 0.3555555546875 0.58828125 0.358333333984375
6 0.515625 0.301388888671875 0.5203125 0.288888888671875 0.5203125 0.275 0.51171875 0.183333333984375 0.50078125 0.158333333984375 0.49375 0.15 0.4890625 0.151388888671875 0.48046875 0.170833333984375 0.48125 0.213888888671875 0.49375 0.291666666015625 0.503125 0.3055555546875 0.515625 0.301388888671875
4 0.5609375 0.575 0.565625 0.563888888671875 0.56640625 0.548611111328125 0.5546875 0.486111111328125 0.55078125 0.479166666015625 0.5421875 0.47777777734375 0.52578125 0.4875 0.52265625 0.49722222265625 0.5234375 0.5194444453125 0.53203125 0.570833333984375 0.54140625 0.583333333984375 0.5609375 0.575
10 0.4 0.48472222265625 0.4109375 0.49027777734375 0.40703125 0.536111111328125 0.4171875 0.5680555546875 0.4328125 0.5680555546875 0.4515625 0.583333333984375 0.45625 0.583333333984375 0.46640625 0.570833333984375 0.465625 0.52777777734375 0.446875 0.479166666015625 0.44375 0.461111111328125 0.415625 0.45277777734375 0.390625 0.4555555546875 0.38203125 0.4625 0.38125 0.47222222265625 0.39140625 0.4805555546875 0.39375 0.49027777734375 0.4 0.48472222265625
1 0.390625 0.6194444453125 0.40078125 0.623611111328125 0.40546875 0.586111111328125 0.415625 0.5694444453125 0.40234375 0.541666666015625 0.39765625 0.520833333984375 0.37265625 0.495833333984375 0.365625 0.498611111328125 0.35703125 0.5180555546875 0.35625 0.538888888671875 0.36796875 0.558333333984375 0.3796875 0.60277777734375 0.390625 0.6194444453125
5 0.4515625 0.654166666015625 0.45390625 0.629166666015625 0.4484375 0.60972222265625 0.44765625 0.5930555546875 0.440625 0.576388888671875 0.43203125 0.5680555546875 0.41953125 0.5694444453125 0.41015625 0.579166666015625 0.40390625 0.5944444453125 0.403125 0.626388888671875 0.42578125 0.66527777734375 0.43984375 0.6680555546875 0.4515625 0.654166666015625
9 0.5328125 0.748611111328125 0.53515625 0.73472222265625 0.53359375 0.71527777734375 0.52265625 0.69722222265625 0.5078125 0.69722222265625 0.496875 0.7180555546875 0.49765625 0.748611111328125 0.5078125 0.7625 0.51953125 0.76527777734375 0.5328125 0.748611111328125
3 0.35078125 0.91527777734375 0.3421875 0.95 0.3453125 0.95972222265625 0.3390625 0.9694444453125 0.32578125 0.979166666015625 0.3 0.979166666015625 0.28515625 0.998611111328125 0.415625 0.998611111328125 0.4328125 0.94722222265625 0.4046875 0.8930555546875 0.37421875 0.863888888671875 0.35703125 0.8305555546875 0.34609375 0.7944444453125 0.340625 0.78472222265625 0.3359375 0.786111111328125 0.3375 0.838888888671875 0.35078125 0.8680555546875 0.35859375 0.904166666015625 0.35078125 0.91527777734375
12 0.7203125 0.995833333984375 0.728125 0.983333333984375 0.7171875 0.83472222265625 0.715625 0.7444444453125 0.69609375 0.508333333984375 0.6734375 0.126388888671875 0.6703125 0.1125 0.521875 0.1319444453125 0.50859375 0.1375 0.32109375 0.1569444453125 0.3140625 0.17777777734375 0.2828125 0.633333333984375 0.2625 0.973611111328125 0.2640625 0.995833333984375 0.65390625 0.998611111328125 0.7203125 0.995833333984375