0 0.4921875 0.537109375 0.509765625 0.54296875 0.509765625 0.619140625 0.498046875 0.623046875 0.494140625 0.626953125 0.48828125 0.626953125 0.478515625 0.630859375 0.439453125 0.630859375 0.4140625 0.623046875 0.4140625 0.548828125 0.4453125 0.537109375 0.490234375 0.537109375
5 0.501953125 0.62890625 0.537109375 0.62890625 0.5390625 0.630859375 0.541015625 0.62890625 0.55859375 0.62890625 0.55859375 0.68359375 0.544921875 0.68359375 0.54296875 0.685546875 0.537109375 0.68359375 0.51953125 0.68359375 0.51953125 0.681640625 0.5390625 0.681640625 0.54296875 0.67578125 0.537109375 0.66796875 0.5234375 0.6640625 0.51171875 0.6640625 0.501953125 0.66015625 0.501953125 0.630859375
6 0.494140625 0.712890625 0.501953125 0.712890625 0.505859375 0.732421875 0.515625 0.748046875 0.515625 0.78515625 0.51171875 0.79296875 0.51171875 0.798828125 0.5078125 0.8046875 0.5078125 0.841796875 0.50390625 0.84765625 0.50390625 0.8515625 0.5 0.853515625 0.484375 0.853515625 0.470703125 0.845703125 0.46484375 0.8359375 0.466796875 0.802734375 0.470703125 0.794921875 0.470703125 0.78125 0.46875 0.779296875 0.470703125 0.748046875 0.474609375 0.736328125 0.48828125 0.7265625 0.490234375 0.71875 0.494140625 0.71484375
1 0.35234375 0.48589409765625 0.3765625 0.467838541015625 0.4078125 0.39144965234375 0.409375 0.3831163203125 0.40625 0.367838541015625 0.393798828125 0.361328125 0.39229058203125 0.361328125 0.3734375 0.37339409765625 0.3421875 0.442838541015625 0.340625 0.467838541015625 0.35234375 0.48589409765625
10 0.6474609375 0.56382378515625 0.6435546875 0.542990451171875 0.6341796875 0.5235460078125 0.6232421875 0.522157119140625 0.6076171875 0.530490451171875 0.5998046875 0.537434896484375 0.5919921875 0.556879341796875 0.5935546875 0.6041015625 0.5990234375 0.622157119140625 0.6076171875 0.627712673828125 0.6123046875 0.65132378515625 0.6060546875 0.6610460078125 0.5958984375 0.655490451171875 0.5974609375 0.67076823046875 0.5912109375 0.680490451171875 0.5912109375 0.68882378515625 0.5951171875 0.694379341796875 0.6029296875 0.694379341796875 0.6318359375 0.680490451171875 0.650390625 0.656740451171875 0.650390625 0.64507378515625 0.6498046875 0.63882378515625 0.6435546875 0.63326823046875 0.6498046875 0.592990451171875 0.6474609375 0.56382378515625
7 0.60234375 0.755121525390625 0.62421875 0.737065970703125 0.6265625 0.71623263671875 0.61484375 0.69123263671875 0.59453125 0.6953993046875 0.588510744140625 0.689453125 0.58705078125 0.689453125 0.584375 0.6953993046875 0.584375 0.717621525390625 0.58828125 0.72873263671875 0.60234375 0.755121525390625
12 0.54765625 0.8403211796875 0.5796875 0.7778211796875 0.60078125 0.763932291015625 0.61875 0.734765623046875 0.6390625 0.759765625 0.63828125 0.7778211796875 0.63125 0.80004340234375 0.63828125 0.808376736328125 0.6453125 0.8292100703125 0.6453125 0.85698784765625 0.65859375 0.86254340234375 0.659375 0.86809895703125 0.671875 0.8653211796875 0.69140625 0.870876736328125 0.70234375 0.887543400390625 0.71567383984375 0.888671875 0.718896484375 0.888671875 0.72265625 0.881987845703125 0.72265625 0.8653211796875 0.7015625 0.513932291015625 0.66875 0.05559895703125 0.515625 0.034765625 0.51015625 0.040321181640625 0.4921875 0.0417100703125 0.48359375 0.030598958984375 0.31814778125 0.005859375 0.316318359375 0.005859375 0.31171875 0.01948784765625 0.2984375 0.263932291015625 0.290625 0.343098958984375 0.28125 0.541710068359375 0.2765625 0.5653211796875 0.278125 0.5792100703125 0.2671875 0.634765625 0.2734375 0.658376734375 0.2703125 0.6778211796875 0.26875 0.74865451171875 0.2625 0.79448784765625 0.26171875 0.883376736328125 0.26875 0.880598958984375 0.271875 0.886154513671875 0.28461914453125 0.888671875 0.48455810546875 0.888671875 0.49609375 0.872265625 0.51953125 0.86809895703125 0.53515625 0.845876734375 0.54765625 0.8403211796875
4 0.564453125 0.492981080078125 0.564453125 0.455620423828125 0.521484375 0.450366091796875 0.521484375 0.485069443359375 0.563845486328125 0.49301215234375 0.564453125 0.492981080078125
3 0.45859375 0.197569443359375 0.4421875 0.18645833203125 0.43984375 0.15590277734375 0.43359375 0.1336805546875 0.425 0.12395833203125 0.434375 0.082291666015625 0.44609375 0.060069443359375 0.4484375 0.004513888671875 0.44483642578125 0.001953125 0.444391740234375 0.001953125 0.43828125 0.01145833203125 0.425 0.053125 0.403125 0.090625 0.3859375 0.101736111328125 0.36015625 0.147569443359375 0.3078125 0.197569443359375 0.296875 0.201736111328125 0.28917347265625 0.216796875 0.305236802734375 0.216796875 0.494140625 0.21426231640625 0.494140625 0.211259919921875 0.48515625 0.197569443359375 0.45859375 0.197569443359375
2 0.537109375 0.291015625 0.55078125 0.3046875 0.55859375 0.32421875 0.55859375 0.3671875 0.55078125 0.392578125 0.55078125 0.40625 0.546875 0.412109375 0.546875 0.416015625 0.53515625 0.4296875 0.529296875 0.431640625 0.513671875 0.4296875 0.501953125 0.416015625 0.501953125 0.412109375 0.498046875 0.40625 0.498046875 0.3984375 0.49609375 0.396484375 0.49609375 0.337890625 0.505859375 0.302734375 0.513671875 0.294921875 0.521484375 0.291015625 0.53515625 0.291015625
8 0.40234375 0.6875 0.419921875 0.6875 0.421875 0.689453125 0.443359375 0.693359375 0.443359375 0.7265625 0.4296875 0.7265625 0.427734375 0.724609375 0.404296875 0.72265625 0.40234375 0.720703125 0.40234375 0.689453125
11 0.474609375 0.32421875 0.478515625 0.32421875 0.482421875 0.328125 0.482421875 0.33203125 0.494140625 0.3515625 0.494140625 0.365234375 0.4921875 0.369140625 0.48046875 0.380859375 0.431640625 0.453125 0.427734375 0.451171875 0.419921875 0.4296875 0.416015625 0.42578125 0.416015625 0.41015625 0.41796875 0.404296875 0.474609375 0.326171875