11 0.43359375 0.349609375 0.443359375 0.353515625 0.455078125 0.365234375 0.486328125 0.384765625 0.48828125 0.388671875 0.494140625 0.390625 0.494140625 0.423828125 0.486328125 0.427734375 0.474609375 0.423828125 0.462890625 0.412109375 0.4140625 0.37890625 0.4140625 0.353515625 0.41796875 0.349609375 0.431640625 0.349609375
2 0.537109375 0.291015625 0.546875 0.298828125 0.556640625 0.318359375 0.556640625 0.32421875 0.55859375 0.326171875 0.55859375 0.3671875 0.5546875 0.375 0.5546875 0.3828125 0.55078125 0.392578125 0.55078125 0.40625 0.546875 0.412109375 0.546875 0.416015625 0.53515625 0.4296875 0.529296875 0.431640625 0.513671875 0.4296875 0.50390625 0.41796875 0.498046875 0.404296875 0.498046875 0.3984375 0.49609375 0.396484375 0.49609375 0.33984375 0.498046875 0.337890625 0.498046875 0.32421875 0.5078125 0.30078125 0.521484375 0.291015625 0.53515625 0.291015625
0 0.486328125 0.537109375 0.49609375 0.541015625 0.50390625 0.541015625 0.509765625 0.544921875 0.509765625 0.619140625 0.490234375 0.62890625 0.482421875 0.62890625 0.47265625 0.6328125 0.443359375 0.6328125 0.44140625 0.630859375 0.42578125 0.62890625 0.4140625 0.623046875 0.4140625 0.55078125 0.423828125 0.544921875 0.447265625 0.537109375 0.484375 0.537109375
5 0.533203125 0.603515625 0.5390625 0.609375 0.544921875 0.62109375 0.55078125 0.62109375 0.55859375 0.625 0.55859375 0.66796875 0.556640625 0.66796875 0.556640625 0.6484375 0.552734375 0.64453125 0.548828125 0.64453125 0.54296875 0.650390625 0.5390625 0.6640625 0.5390625 0.67578125 0.53515625 0.68359375 0.53515625 0.6953125 0.53125 0.703125 0.5234375 0.708984375 0.513671875 0.70703125 0.5078125 0.701171875 0.50390625 0.689453125 0.50390625 0.62109375 0.509765625 0.607421875 0.513671875 0.603515625 0.53125 0.603515625
6 0.494140625 0.712890625 0.501953125 0.712890625 0.505859375 0.732421875 0.513671875 0.744140625 0.513671875 0.791015625 0.5078125 0.8046875 0.5078125 0.841796875 0.50390625 0.84765625 0.50390625 0.8515625 0.5 0.853515625 0.482421875 0.853515625 0.474609375 0.849609375 0.466796875 0.841796875 0.466796875 0.802734375 0.470703125 0.79296875 0.470703125 0.78125 0.46875 0.779296875 0.470703125 0.748046875 0.474609375 0.736328125 0.48828125 0.7265625 0.490234375 0.71875 0.494140625 0.71484375
10 0.60093316015625 0.59446614453125 0.58984375 0.596961263671875 0.58984375 0.6374178046875 0.5967664921875 0.631966146484375 0.6356553828125 0.63743489453125 0.650390625 0.63615973046875 0.650390625 0.579222216796875 0.642599826171875 0.57884114453125 0.624544271484375 0.581184896484375 0.605099826171875 0.58821614453125 0.60093316015625 0.59446614453125
1 0.4076171875 0.379383681640625 0.4013671875 0.365494791015625 0.393273927734375 0.36328125 0.39054972265625 0.36328125 0.3716796875 0.379383681640625 0.3404296875 0.457161458984375 0.3412109375 0.47660590234375 0.34776611328125 0.484375 0.35997314453125 0.484375 0.3748046875 0.473828125 0.3958984375 0.42105034765625 0.4060546875 0.404383681640625 0.4076171875 0.379383681640625
7 0.583984375 0.73382936328125 0.591623263671875 0.742730033203125 0.616623263671875 0.743511283203125 0.625 0.7384628046875 0.625 0.702105033203125 0.6096788203125 0.702105033203125 0.598567708984375 0.706011283203125 0.583984375 0.713782666015625 0.583984375 0.73382936328125
4 0.564453125 0.492981080078125 0.564453125 0.454984595703125 0.521484375 0.45025569921875 0.521484375 0.485069443359375 0.563845486328125 0.49301215234375 0.564453125 0.492981080078125
3 0.382421875 0.12493489453125 0.401953125 0.111046005859375 0.425390625 0.066601560546875 0.470703125 0.020768228515625 0.486328125 0.0166015625 0.494140625 0.002712671875 0.494140625 0.001953125 0.285246060546875 0.001953125 0.299609375 0.020768228515625 0.324609375 0.020768228515625 0.337890625 0.03049044921875 0.350390625 0.0846571171875 0.358984375 0.09437933984375 0.349609375 0.136046005859375 0.337890625 0.161046005859375 0.335546875 0.21382378515625 0.3395629921875 0.21484375 0.34122314453125 0.21484375 0.345703125 0.20687933984375 0.356640625 0.170768228515625 0.372265625 0.138823783203125 0.382421875 0.12493489453125
12 0.4935546875 0.01857638671875 0.4787109375 0.02690972265625 0.4654296875 0.02690972265625 0.4490234375 0.050520833984375 0.4380859375 0.0546875 0.4029296875 0.121354166015625 0.3865234375 0.129687498046875 0.3724609375 0.1477430546875 0.3583984375 0.178298609375 0.3498046875 0.211631943359375 0.3419921875 0.21996527734375 0.3326171875 0.21440972265625 0.3357421875 0.18802083203125 0.3341796875 0.15746527734375 0.3458984375 0.1352430546875 0.3451171875 0.11996527734375 0.3537109375 0.096354166015625 0.3466796875 0.086631943359375 0.3458984375 0.0741319453125 0.3388671875 0.065798609375 0.3396484375 0.03802083203125 0.3216796875 0.02552083203125 0.3091796875 0.03246527734375 0.2935546875 0.024131943359375 0.2833984375 0.007465279296875 0.2646484375 0.00607638671875 0.2615234375 0.014409720703125 0.2755859375 0.24357638671875 0.3037109375 0.68107638671875 0.3169921875 0.840798609375 0.6693359375 0.88802083203125 0.6724609375 0.87552083203125 0.6794921875 0.74357638671875 0.7154296875 0.257465279296875 0.7115234375 0.22552083203125 0.7146484375 0.215798609375 0.7146484375 0.16857638671875 0.7177734375 0.149131943359375 0.7154296875 0.12552083203125 0.7193359375 0.124131943359375 0.72265625 0.078877314453125 0.72265625 0.010101009765625 0.7060546875 0.00607638671875 0.674072580078125 0.005859375 0.500708005859375 0.005859375 0.4935546875 0.01857638671875
8 0.415234375 0.6667100703125 0.401953125 0.720876736328125 0.401953125 0.73893229296875 0.407421875 0.752821181640625 0.413671875 0.758376736328125 0.425390625 0.759765625 0.432421875 0.752821181640625 0.438671875 0.73059895703125 0.443359375 0.691313244140625 0.443359375 0.674646578125 0.438671875 0.66393229296875 0.429113767578125 0.66015625 0.422607421875 0.66015625 0.415234375 0.6667100703125