10 0.411328125 0.683441841796875 0.393359375 0.775108505859375 0.388671875 0.8112196171875 0.386328125 0.887608505859375 0.386328125 0.894552951171875 0.391796875 0.902886283203125 0.396484375 0.904275171875 0.400390625 0.897330728515625 0.410546875 0.827886283203125 0.416015625 0.819552951171875 0.439453125 0.733531443359375 0.439453125 0.69038628515625 0.436328125 0.677886283203125 0.432333375 0.673828125 0.418087767578125 0.673828125 0.411328125 0.683441841796875
5 0.564453125 0.647352431640625 0.564453125 0.6219308046875 0.5599609375 0.620789931640625 0.5552734375 0.64440104296875 0.5490234375 0.641623263671875 0.5474609375 0.623567708984375 0.5396484375 0.61245659765625 0.530126947265625 0.611328125 0.52760009765625 0.611328125 0.5208984375 0.616623263671875 0.5060546875 0.677734375 0.5068359375 0.6971788203125 0.5146484375 0.713845486328125 0.523134763671875 0.720703125 0.534287111328125 0.720703125 0.5427734375 0.713845486328125 0.5521484375 0.68051215234375 0.5638671875 0.66245659765625 0.564453125 0.647352431640625
0 0.477587892578125 0.37890625 0.461328125 0.37890625 0.4537109375 0.3890625 0.4451171875 0.3890625 0.4302734375 0.4140625 0.4248046875 0.437673611328125 0.4248046875 0.475173611328125 0.4310546875 0.502951388671875 0.4443359375 0.5265625 0.4662109375 0.544618056640625 0.4849609375 0.5460069453125 0.4998046875 0.537673611328125 0.5154296875 0.515451388671875 0.5234375 0.46945780078125 0.5234375 0.44565972265625 0.5185546875 0.419618056640625 0.5083984375 0.39878472265625 0.4888671875 0.380729166015625 0.477587892578125 0.37890625
2 0.341796875 0.428316591796875 0.3678819453125 0.441731771484375 0.390104166015625 0.44641926953125 0.4164930546875 0.44485676953125 0.41796875 0.44422200390625 0.41796875 0.3840232265625 0.381770833984375 0.37220051953125 0.3539930546875 0.37063801953125 0.341796875 0.373382162109375 0.341796875 0.428316591796875
6 0.6328125 0.46113009765625 0.6328125 0.428072845703125 0.595703125 0.4284666953125 0.595703125 0.4641943046875 0.61011284765625 0.46538628515625 0.6328125 0.46113009765625
11 0.374240451171875 0.572721353515625 0.380859375 0.572307669921875 0.380859375 0.53639084765625 0.346462673828125 0.525065103515625 0.33203125 0.524210611328125 0.33203125 0.55599355859375 0.374240451171875 0.572721353515625
1 0.5951171875 0.5370225703125 0.5865234375 0.563411458984375 0.5880859375 0.62174479296875 0.5857421875 0.666189236328125 0.5912109375 0.67730034765625 0.6029296875 0.68424479296875 0.6115234375 0.675911458984375 0.6171875 0.653534916015625 0.6171875 0.545355904296875 0.6162109375 0.538411458984375 0.60888671875 0.529296875 0.607430013671875 0.529296875 0.5951171875 0.5370225703125
8 0.6015625 0.810844529296875 0.6015625 0.778598361328125 0.566623263671875 0.7762586796875 0.56640625 0.776285806640625 0.56640625 0.811204080078125 0.6015625 0.810844529296875
9 0.4435546875 0.633094619140625 0.4591796875 0.627539064453125 0.4646484375 0.610872396484375 0.4638671875 0.585872396484375 0.455345458984375 0.57421875 0.440258791015625 0.57421875 0.4365234375 0.577539064453125 0.4318359375 0.592816841796875 0.4333984375 0.6219835078125 0.4435546875 0.633094619140625
7 0.37109375 0.623719619140625 0.371875 0.643164064453125 0.39296875 0.65983073046875 0.3984375 0.655664064453125 0.4140625 0.607052953125 0.4140625 0.601497396484375 0.4 0.58483073046875 0.390625 0.57649739453125 0.38046875 0.593164064453125 0.37109375 0.623719619140625
4 0.535546875 0.42152777734375 0.523046875 0.4868055546875 0.523046875 0.4993055546875 0.529296875 0.51458333203125 0.548046875 0.52152777734375 0.557421875 0.507638890625 0.564453125 0.4524305546875 0.564453125 0.429861111328125 0.560546875 0.422916666015625 0.551640625 0.41796875 0.5435546875 0.41796875 0.535546875 0.42152777734375
12 0.309765625 0.127256943359375 0.306640625 0.20920138671875 0.308984375 0.22864583203125 0.303515625 0.24670138671875 0.304296875 0.2772569453125 0.300390625 0.29114583203125 0.294921875 0.38559027734375 0.290234375 0.41197916796875 0.289453125 0.4758680546875 0.285546875 0.492534720703125 0.279296875 0.606423609375 0.269921875 0.630034720703125 0.275390625 0.643923609375 0.276171875 0.65920138671875 0.262890625 0.8328125 0.262109375 0.881423611328125 0.317578125 0.886979166015625 0.724609375 0.88559027734375 0.726171875 0.864756943359375 0.710546875 0.61059027734375 0.671484375 0.06059027734375 0.654296875 0.04809027734375 0.638671875 0.045312498046875 0.423828125 0.01753472265625 0.396484375 0.018923611328125 0.344375884765625 0.005859375 0.3186767578125 0.005859375 0.317578125 0.0078125 0.311328125 0.0897569453125 0.312890625 0.118923609375 0.309765625 0.127256943359375
3 0.520572916015625 0.238693578125 0.527517361328125 0.262912326171875 0.5469618046875 0.273849828125 0.555295138671875 0.294162326171875 0.545572916015625 0.299631078125 0.540017361328125 0.314474826171875 0.501953125 0.318458294921875 0.501953125 0.334787328125 0.520572916015625 0.334787328125 0.545572916015625 0.338693578125 0.56918402734375 0.347287326171875 0.61328125 0.34915937890625 0.61328125 0.28448921875 0.59418402734375 0.281662328125 0.542795138671875 0.255099826171875 0.53168402734375 0.241818576171875 0.520572916015625 0.238693578125