0 0.4427734375 0.45746527734375 0.4474609375 0.468576390625 0.4474609375 0.481076390625 0.451153564453125 0.486328125 0.464465330078125 0.486328125 0.4857421875 0.475520833984375 0.5005859375 0.453298609375 0.509765625 0.42317040625 0.509765625 0.39139384765625 0.5044921875 0.369965279296875 0.4912109375 0.34635416796875 0.4755859375 0.33802083203125 0.4599609375 0.33802083203125 0.4373046875 0.3477430546875 0.4185546875 0.3796875 0.4130859375 0.401909720703125 0.4123046875 0.426909720703125 0.4169921875 0.446354166015625 0.4427734375 0.45746527734375
7 0.443359375 0.724898818359375 0.436653646484375 0.719618056640625 0.4213758671875 0.721961806640625 0.3977647578125 0.732899306640625 0.396484375 0.733187392578125 0.396484375 0.7586401796875 0.40609808984375 0.765711806640625 0.4102647578125 0.767274306640625 0.4283203125 0.763368056640625 0.443359375 0.757325576171875 0.443359375 0.724898818359375
8 0.39453125 0.310920373046875 0.349609375 0.318559703125 0.349609375 0.355403646484375 0.3642578125 0.355403646484375 0.39453125 0.34554486328125 0.39453125 0.310920373046875
11 0.32421875 0.4434040859375 0.32421875 0.468774927734375 0.3643446171875 0.4524305546875 0.375 0.446658888671875 0.375 0.423675671875 0.37406683984375 0.4243055546875 0.342122396484375 0.4336805546875 0.32421875 0.4434040859375
2 0.625 0.25415769921875 0.568359375 0.253682169921875 0.568359375 0.3086708515625 0.6122178828125 0.310568576171875 0.625 0.31003598828125 0.625 0.25415769921875
6 0.512109375 0.183572048828125 0.501171875 0.158572048828125 0.494268798828125 0.150390625 0.493627927734375 0.150390625 0.489453125 0.151627603515625 0.480859375 0.171072048828125 0.481640625 0.214127603515625 0.494140625 0.291905380859375 0.5027685546875 0.3046875 0.50683593359375 0.3046875 0.516015625 0.301627603515625 0.51953125 0.292252603515625 0.51953125 0.26273871484375 0.512109375 0.183572048828125
4 0.564453125 0.571875 0.564453125 0.533017677734375 0.557421875 0.49097222265625 0.548046875 0.47847222265625 0.528515625 0.486805556640625 0.523828125 0.49791666796875 0.523046875 0.5131944453125 0.534765625 0.5756944453125 0.538330078125 0.58203125 0.550634765625 0.58203125 0.563671875 0.574305556640625 0.564453125 0.571875
10 0.41484375 0.4685546875 0.39609375 0.453276908203125 0.39140625 0.453276908203125 0.38125 0.46577691015625 0.38203125 0.50883246484375 0.40078125 0.557443576171875 0.40390625 0.575499130859375 0.425952150390625 0.58203125 0.448242185546875 0.58203125 0.45703125 0.5810546875 0.465625 0.5741102421875 0.46640625 0.56438801953125 0.45625 0.5560546875 0.45390625 0.54633246484375 0.44765625 0.55188801953125 0.43671875 0.54633246484375 0.440625 0.5004991328125 0.43046875 0.4685546875 0.41484375 0.4685546875
1 0.406618923828125 0.53023003515625 0.387174478515625 0.54194878515625 0.35546875 0.550308693359375 0.35546875 0.578957791015625 0.359396701171875 0.57944878515625 0.3760633671875 0.58960503515625 0.403841146484375 0.57632378515625 0.416015625 0.57358452734375 0.416015625 0.530582412109375 0.406618923828125 0.53023003515625
5 0.43084717578125 0.666015625 0.44225463671875 0.666015625 0.45234375 0.654058158203125 0.453125 0.64572482421875 0.453125 0.623502603515625 0.44921875 0.60961371484375 0.4484375 0.592947046875 0.44140625 0.576280380859375 0.4328125 0.567947046875 0.4203125 0.5693359375 0.4109375 0.579058158203125 0.4046875 0.5943359375 0.40390625 0.626280380859375 0.4265625 0.66516926953125 0.43084717578125 0.666015625
9 0.53515625 0.736841724609375 0.53515625 0.729665798828125 0.533984375 0.71508246484375 0.523046875 0.69702691015625 0.508203125 0.69702691015625 0.497265625 0.7178602421875 0.498046875 0.748415798828125 0.508203125 0.7623046875 0.513970947265625 0.763671875 0.521045939453125 0.763671875 0.533203125 0.748415798828125 0.53515625 0.736841724609375
3 0.299609375 0.979231771484375 0.285246060546875 0.998046875 0.415444865234375 0.998046875 0.431640625 0.9496231875 0.431640625 0.94578269921875 0.404296875 0.89312066015625 0.373828125 0.863953994140625 0.356640625 0.83062066015625 0.345703125 0.79450955078125 0.340441892578125 0.78515625 0.33898926171875 0.78515625 0.335546875 0.78617621484375 0.337109375 0.838953994140625 0.350390625 0.86812066015625 0.358203125 0.904231771484375 0.350390625 0.9153428828125 0.341796875 0.95006510546875 0.344921875 0.959787328125 0.338671875 0.96950955078125 0.325390625 0.979231771484375 0.299609375 0.979231771484375
12 0.2623046875 0.127886283203125 0.2732421875 0.27649739453125 0.2748046875 0.366775171875 0.2943359375 0.602886283203125 0.3169921875 0.984830728515625 0.3195263671875 0.99609375 0.340162869140625 0.99609375 0.4685546875 0.979275171875 0.4818359375 0.9737196171875 0.6693359375 0.954275171875 0.6763671875 0.93344183984375 0.7076171875 0.477886283203125 0.7279296875 0.1376085078125 0.7263671875 0.115386283203125 0.3365234375 0.112608505859375 0.2701171875 0.115386283203125 0.2623046875 0.127886283203125