11 0.4296875 0.544921875 0.43359375 0.55078125 0.43359375 0.5546875 0.4453125 0.56640625 0.455078125 0.583984375 0.470703125 0.603515625 0.478515625 0.6171875 0.482421875 0.619140625 0.4921875 0.6328125 0.494140625 0.640625 0.48046875 0.666015625 0.478515625 0.673828125 0.474609375 0.673828125 0.455078125 0.646484375 0.455078125 0.642578125 0.451171875 0.640625 0.443359375 0.626953125 0.4375 0.62109375 0.431640625 0.609375 0.427734375 0.607421875 0.41796875 0.59375 0.416015625 0.587890625 0.416015625 0.572265625 0.419921875 0.568359375 0.427734375 0.546875
2 0.494140625 0.61328125 0.505859375 0.609375 0.513671875 0.609375 0.521484375 0.60546875 0.55859375 0.60546875 0.55859375 0.666015625 0.55078125 0.666015625 0.548828125 0.66796875 0.494140625 0.66796875 0.494140625 0.615234375
0 0.482421875 0.341796875 0.494140625 0.3515625 0.505859375 0.373046875 0.505859375 0.380859375 0.509765625 0.390625 0.509765625 0.4296875 0.501953125 0.453125 0.498046875 0.45703125 0.498046875 0.4609375 0.494140625 0.466796875 0.482421875 0.48046875 0.46875 0.486328125 0.44140625 0.484375 0.427734375 0.470703125 0.421875 0.4609375 0.416015625 0.443359375 0.416015625 0.435546875 0.4140625 0.43359375 0.4140625 0.404296875 0.421875 0.376953125 0.42578125 0.373046875 0.4296875 0.361328125 0.44140625 0.34765625 0.4609375 0.33984375 0.48046875 0.341796875
5 0.501953125 0.314453125 0.55859375 0.314453125 0.55859375 0.345703125 0.55078125 0.349609375 0.5390625 0.349609375 0.525390625 0.353515625 0.51953125 0.359375 0.51953125 0.36328125 0.5234375 0.3671875 0.54296875 0.3671875 0.54296875 0.369140625 0.501953125 0.369140625 0.501953125 0.31640625
6 0.513671875 0.19140625 0.513671875 0.232421875 0.498046875 0.23828125 0.46484375 0.23828125 0.46484375 0.1953125 0.47265625 0.1953125 0.474609375 0.193359375 0.5 0.1953125 0.51171875 0.19140625
10 0.6438585078125 0.41529948046875 0.650390625 0.420443521484375 0.650390625 0.380206705078125 0.63969183984375 0.377799478515625 0.635525173828125 0.371549478515625 0.616080728515625 0.36451823046875 0.598025173828125 0.362174478515625 0.58984375 0.36257465625 0.58984375 0.419459259765625 0.6049696171875 0.420768228515625 0.6438585078125 0.41529948046875
1 0.3934461796875 0.544552951171875 0.376779513671875 0.554709201171875 0.33984375 0.569471357421875 0.33984375 0.610144818359375 0.34066840234375 0.610177951171875 0.408203125 0.58304346484375 0.408203125 0.543630642578125 0.3934461796875 0.544552951171875
7 0.625 0.268713736328125 0.611588541015625 0.261566841796875 0.6004774296875 0.257660591796875 0.583984375 0.257660591796875 0.583984375 0.293312095703125 0.593532986328125 0.29906683984375 0.618532986328125 0.298285591796875 0.625 0.290750365234375 0.625 0.268713736328125
4 0.521484375 0.54974430078125 0.564453125 0.545015404296875 0.564453125 0.507018919921875 0.563845486328125 0.50698784765625 0.521484375 0.514930556640625 0.521484375 0.54974430078125
3 0.2916883671875 0.93619791796875 0.28335503515625 0.94088541796875 0.284743923828125 0.94635416796875 0.337521701171875 0.94401041796875 0.362521701171875 0.93229166796875 0.4041883671875 0.92291666796875 0.41391058984375 0.93151041796875 0.4680772578125 0.94401041796875 0.477799478515625 0.95729166796875 0.477799478515625 0.98229166796875 0.494140625 0.9947663828125 0.494140625 0.7887247734375 0.481966146484375 0.79557291796875 0.477799478515625 0.81119791796875 0.431966146484375 0.85651041796875 0.387521701171875 0.87994791796875 0.3736328125 0.89947916796875 0.359743923828125 0.90963541796875 0.327799478515625 0.92526041796875 0.2916883671875 0.93619791796875
12 0.26293402734375 0.77584635546875 0.27265625 0.772721353515625 0.3046006953125 0.776627603515625 0.72265625 0.74572135546875 0.72265625 0.364551712890625 0.2907118046875 0.33678385546875 0.259765625 0.334884884765625 0.259765625 0.394025837890625 0.261545138671875 0.39381510546875 0.2671006953125 0.40319010546875 0.259765625 0.410066732421875 0.259765625 0.77584635546875 0.26293402734375 0.77584635546875
8 0.443359375 0.271484375 0.443359375 0.306640625 0.4375 0.310546875 0.40234375 0.310546875 0.40234375 0.275390625 0.44140625 0.271484375