10 0.416796875 0.25149739453125 0.426953125 0.320941841796875 0.42989501953125 0.326171875 0.435760498046875 0.326171875 0.439453125 0.320545015625 0.439453125 0.260293693359375 0.438671875 0.23483073046875 0.433984375 0.198719619140625 0.416015625 0.107052953125 0.408203125 0.09594183984375 0.396484375 0.09594183984375 0.391015625 0.101497396484375 0.387890625 0.113997396484375 0.387109375 0.154275173828125 0.411328125 0.2431640625 0.416796875 0.25149739453125
5 0.5575086796875 0.31469183984375 0.564453125 0.3133131640625 0.564453125 0.30512826171875 0.539453125 0.30609808984375 0.5213975703125 0.31781683984375 0.50390625 0.3227362734375 0.50390625 0.362742783203125 0.50473090234375 0.36312933984375 0.52417534765625 0.36391058984375 0.564453125 0.354127208984375 0.564453125 0.321302416015625 0.560286458984375 0.32094183984375 0.5575086796875 0.31469183984375
0 0.5234375 0.4989198125 0.5168836796875 0.495724826171875 0.4793836796875 0.488693576171875 0.423828125 0.4983661953125 0.423828125 0.577756076171875 0.43355034765625 0.583224826171875 0.461328125 0.589474826171875 0.498828125 0.589474826171875 0.522439236328125 0.584006076171875 0.5234375 0.583413357421875 0.5234375 0.4989198125
2 0.4164930546875 0.55514323046875 0.390104166015625 0.55358073046875 0.3678819453125 0.558268228515625 0.341796875 0.571683408203125 0.341796875 0.626617837890625 0.3539930546875 0.62936198046875 0.381770833984375 0.62779948046875 0.41796875 0.6159767734375 0.41796875 0.55577799609375 0.4164930546875 0.55514323046875
6 0.6328125 0.53886990234375 0.61011284765625 0.53461371484375 0.595703125 0.5358056953125 0.595703125 0.5715333046875 0.6328125 0.571927154296875 0.6328125 0.53886990234375
11 0.3333984375 0.4360460078125 0.357195767578125 0.49609375 0.372692873046875 0.49609375 0.380859375 0.49125433984375 0.380859375 0.46323061328125 0.3623046875 0.406879341796875 0.3349609375 0.4110460078125 0.3333984375 0.4360460078125
1 0.6171875 0.418967013671875 0.6166015625 0.40785590234375 0.6171875 0.38598090234375 0.6171875 0.346523830078125 0.6095703125 0.3231336796875 0.5962890625 0.314800345703125 0.5884765625 0.324522568359375 0.5869140625 0.3356336796875 0.5861328125 0.434244791015625 0.5931640625 0.462022568359375 0.6017578125 0.47035590234375 0.6134765625 0.46341145703125 0.6171875 0.4558717734375 0.6171875 0.418967013671875
8 0.56640625 0.2247174375 0.6015625 0.225076990234375 0.6015625 0.19023766796875 0.56640625 0.192591880859375 0.56640625 0.2247174375
9 0.4565321171875 0.413433158203125 0.46484375 0.410705904296875 0.46484375 0.382033185546875 0.4384765625 0.380620658203125 0.431640625 0.382718048828125 0.431640625 0.412655298828125 0.4565321171875 0.413433158203125
7 0.3984375 0.344335935546875 0.39296875 0.34016926953125 0.371875 0.356835935546875 0.37109375 0.376280380859375 0.38046875 0.406835935546875 0.390625 0.42350260546875 0.4 0.41516926953125 0.4140625 0.398502603515625 0.4140625 0.392947046875 0.3984375 0.344335935546875
4 0.564453125 0.51026332421875 0.521484375 0.5157357578125 0.521484375 0.552039931640625 0.527170138671875 0.552039931640625 0.564453125 0.54490063671875 0.564453125 0.51026332421875
12 0.325954861328125 0.36393229296875 0.2953993046875 0.36315104296875 0.27734375 0.36861979296875 0.26171875 0.366736421875 0.26171875 0.741945826171875 0.6592881953125 0.77018229296875 0.7265625 0.7743180078125 0.7265625 0.33437955859375 0.7078993046875 0.33580729296875 0.69262152734375 0.33502604296875 0.678732638671875 0.32955729296875 0.65512152734375 0.33893229296875 0.541232638671875 0.34518229296875 0.52456597265625 0.34908854296875 0.460677083984375 0.349869791015625 0.4342881953125 0.35455729296875 0.33984375 0.36002604296875 0.325954861328125 0.36393229296875
3 0.2888671875 0.34672308984375 0.2904296875 0.3620008671875 0.3091796875 0.38977864453125 0.3193359375 0.416167533203125 0.3208984375 0.43422308984375 0.33737368359375 0.46484375 0.338655359375 0.46484375 0.3482421875 0.442556421875 0.3568359375 0.435611978515625 0.3748046875 0.435611978515625 0.3896484375 0.448111978515625 0.3943359375 0.405056421875 0.3904296875 0.37727864453125 0.3982421875 0.345334201171875 0.40234375 0.339084201171875 0.40234375 0.3291015625 0.4005859375 0.3189453125 0.3826171875 0.33422308984375 0.3779296875 0.353667533203125 0.3677734375 0.366167533203125 0.3349609375 0.3814453125 0.3240234375 0.3745008671875 0.3123046875 0.353667533203125 0.3005859375 0.35227864453125 0.2927734375 0.345334201171875 0.2888671875 0.34672308984375