11 0.431640625 0.544921875 0.435546875 0.544921875 0.455078125 0.572265625 0.455078125 0.576171875 0.458984375 0.578125 0.466796875 0.591796875 0.47265625 0.59765625 0.478515625 0.609375 0.490234375 0.62109375 0.494140625 0.630859375 0.494140625 0.646484375 0.490234375 0.650390625 0.482421875 0.671875 0.48046875 0.673828125 0.478515625 0.671875 0.4765625 0.6640625 0.46484375 0.65234375 0.455078125 0.634765625 0.439453125 0.615234375 0.431640625 0.6015625 0.427734375 0.599609375 0.41796875 0.5859375 0.416015625 0.580078125 0.41796875 0.572265625 0.431640625 0.546875
2 0.52734375 0.6376953125 0.06640625 0.14208984375
0 0.478515625 0.3671875 0.509765625 0.37890625 0.509765625 0.455078125 0.4921875 0.4609375 0.4453125 0.4609375 0.443359375 0.458984375 0.435546875 0.458984375 0.4296875 0.455078125 0.42578125 0.455078125 0.421875 0.451171875 0.4140625 0.44921875 0.4140625 0.375 0.421875 0.37109375 0.4296875 0.37109375 0.439453125 0.3671875 0.4765625 0.3671875
5 0.51953125 0.314453125 0.53515625 0.314453125 0.537109375 0.3125 0.55859375 0.314453125 0.55859375 0.369140625 0.501953125 0.369140625 0.501953125 0.337890625 0.51171875 0.333984375 0.53125 0.33203125 0.537109375 0.330078125 0.54296875 0.32421875 0.54296875 0.3203125 0.5390625 0.31640625 0.51953125 0.31640625
6 0.486328125 0.14453125 0.4921875 0.158203125 0.501953125 0.1640625 0.5078125 0.171875 0.509765625 0.197265625 0.51171875 0.19921875 0.509765625 0.224609375 0.513671875 0.234375 0.513671875 0.2734375 0.505859375 0.28125 0.498046875 0.28515625 0.48046875 0.28515625 0.4765625 0.283203125 0.4765625 0.279296875 0.47265625 0.2734375 0.47265625 0.236328125 0.46875 0.23046875 0.46875 0.224609375 0.46484375 0.21484375 0.46484375 0.1796875 0.474609375 0.1640625 0.478515625 0.14453125 0.48046875 0.142578125 0.484375 0.14453125
10 0.6474609375 0.387434896484375 0.6498046875 0.36937933984375 0.6482421875 0.33743489453125 0.6419921875 0.322157119140625 0.6279296875 0.3096571171875 0.6068359375 0.30687933984375 0.5943359375 0.340212673828125 0.5912109375 0.376323783203125 0.5966796875 0.415212673828125 0.5912109375 0.4221571171875 0.58984375 0.43795573046875 0.58984375 0.440486798828125 0.6044921875 0.461046005859375 0.6341796875 0.47632378515625 0.6474609375 0.47632378515625 0.650390625 0.467209203125 0.650390625 0.466254341796875 0.6427734375 0.45271267578125 0.6451171875 0.44021267578125 0.6341796875 0.44437933984375 0.6310546875 0.44021267578125 0.6310546875 0.42493489453125 0.6341796875 0.4110460078125 0.6404296875 0.406879341796875 0.6474609375 0.387434896484375
1 0.3934461796875 0.544552951171875 0.376779513671875 0.554709201171875 0.33984375 0.569471357421875 0.33984375 0.610144818359375 0.34066840234375 0.610177951171875 0.408203125 0.58304346484375 0.408203125 0.543630642578125 0.3934461796875 0.544552951171875
7 0.6212890625 0.2842881953125 0.625 0.273732638671875 0.625 0.2519270859375 0.62135009765625 0.244140625 0.621098634765625 0.244140625 0.6111328125 0.25095486328125 0.5955078125 0.2467881953125 0.583984375 0.26590856640625 0.583984375 0.272482640625 0.5845703125 0.291232640625 0.60707484765625 0.310546875 0.60729594921875 0.310546875 0.6212890625 0.2842881953125
4 0.55040283203125 0.578125 0.559765625 0.575564236328125 0.564453125 0.564849951171875 0.564453125 0.539453125 0.554296875 0.485286458984375 0.550390625 0.478342013671875 0.541015625 0.476953125 0.525390625 0.48667534765625 0.522265625 0.4963975703125 0.529296875 0.560286458984375 0.549365234375 0.578125 0.55040283203125 0.578125
3 0.299609375 0.979231771484375 0.285246060546875 0.998046875 0.494140625 0.998046875 0.494140625 0.997287328125 0.486328125 0.9833984375 0.470703125 0.979231771484375 0.425390625 0.933398439453125 0.401953125 0.888953994140625 0.382421875 0.87506510546875 0.372265625 0.861176216796875 0.356640625 0.829231771484375 0.345703125 0.79312066015625 0.34122314453125 0.78515625 0.3395629921875 0.78515625 0.335546875 0.78617621484375 0.337890625 0.838953994140625 0.349609375 0.863953994140625 0.358984375 0.90562066015625 0.350390625 0.9153428828125 0.337890625 0.96950955078125 0.324609375 0.979231771484375 0.299609375 0.979231771484375
12 0.6794921875 0.25642361328125 0.6724609375 0.12447916796875 0.6693359375 0.11197916796875 0.3169921875 0.159201390625 0.3037109375 0.31892361328125 0.2755859375 0.75642361328125 0.2615234375 0.985590279296875 0.2646484375 0.99392361328125 0.2833984375 0.992534720703125 0.2935546875 0.975868056640625 0.3091796875 0.96753472265625 0.3216796875 0.97447916796875 0.3396484375 0.96197916796875 0.3388671875 0.934201390625 0.3458984375 0.9258680546875 0.3466796875 0.913368056640625 0.3537109375 0.903645833984375 0.3451171875 0.88003472265625 0.3458984375 0.8647569453125 0.3341796875 0.84253472265625 0.3357421875 0.81197916796875 0.3326171875 0.78559027734375 0.3419921875 0.78003472265625 0.3498046875 0.788368056640625 0.3583984375 0.821701390625 0.3724609375 0.8522569453125 0.3865234375 0.870312501953125 0.4029296875 0.878645833984375 0.4380859375 0.9453125 0.4490234375 0.949479166015625 0.4654296875 0.97309027734375 0.4787109375 0.97309027734375 0.4935546875 0.98142361328125 0.500708005859375 0.994140625 0.674072580078125 0.994140625 0.7060546875 0.99392361328125 0.72265625 0.989898990234375 0.72265625 0.921122685546875 0.7193359375 0.875868056640625 0.7154296875 0.87447916796875 0.7177734375 0.850868056640625 0.7146484375 0.83142361328125 0.7146484375 0.784201390625 0.7115234375 0.77447916796875 0.7154296875 0.742534720703125 0.6794921875 0.25642361328125
8 0.443359375 0.271484375 0.443359375 0.306640625 0.4375 0.310546875 0.40234375 0.310546875 0.40234375 0.275390625 0.44140625 0.271484375