0 0.451153564453125 0.513671875 0.4474609375 0.518923609375 0.4474609375 0.531423609375 0.4427734375 0.54253472265625 0.4169921875 0.553645833984375 0.4123046875 0.573090279296875 0.4130859375 0.598090279296875 0.4185546875 0.6203125 0.4373046875 0.6522569453125 0.4599609375 0.66197916796875 0.4755859375 0.66197916796875 0.4912109375 0.65364583203125 0.5044921875 0.630034720703125 0.509765625 0.60860615234375 0.509765625 0.57682959375 0.5005859375 0.546701390625 0.4857421875 0.524479166015625 0.464465330078125 0.513671875 0.451153564453125 0.513671875
7 0.412890625 0.22094183984375 0.401171875 0.250108505859375 0.397265625 0.268164060546875 0.398828125 0.272330728515625 0.412109375 0.290386283203125 0.424609375 0.2987196171875 0.428515625 0.294552951171875 0.431640625 0.280664060546875 0.442578125 0.257052951171875 0.443359375 0.251960357421875 0.443359375 0.239791044921875 0.428515625 0.22094183984375 0.4203552265625 0.216796875 0.4163879375 0.216796875 0.412890625 0.22094183984375
8 0.39453125 0.689079626953125 0.39453125 0.65445513671875 0.3642578125 0.644596353515625 0.349609375 0.644596353515625 0.349609375 0.681440296875 0.39453125 0.689079626953125
11 0.32421875 0.5588550703125 0.3379991328125 0.5663194453125 0.375 0.581390919921875 0.375 0.555595779296875 0.360221353515625 0.5475694453125 0.32827691015625 0.5381944453125 0.32421875 0.5354551875 0.32421875 0.5588550703125
2 0.5771484375 0.653190103515625 0.5716796875 0.665690103515625 0.5701171875 0.703190103515625 0.5724609375 0.757356771484375 0.5779296875 0.77680121484375 0.5841796875 0.787912326171875 0.5982421875 0.794856771484375 0.6083984375 0.7934678828125 0.6146484375 0.790690103515625 0.6232421875 0.77680121484375 0.625 0.77117621484375 0.625 0.6684678828125 0.6154296875 0.6490234375 0.6044921875 0.640690103515625 0.5857421875 0.6434678828125 0.5771484375 0.653190103515625
6 0.51953125 0.789879693359375 0.51953125 0.758742171875 0.486740451171875 0.75347222265625 0.48046875 0.753358421875 0.48046875 0.786217583984375 0.51953125 0.789879693359375
4 0.5563368046875 0.490928818359375 0.564453125 0.491214158203125 0.564453125 0.45495062890625 0.527170138671875 0.447960068359375 0.521484375 0.448250818359375 0.521484375 0.48510045703125 0.5563368046875 0.490928818359375
10 0.38125 0.53422308984375 0.39140625 0.546723091796875 0.39609375 0.546723091796875 0.41484375 0.5314453125 0.43046875 0.5314453125 0.440625 0.4995008671875 0.43671875 0.45366753515625 0.44765625 0.44811198046875 0.45390625 0.45366753515625 0.45625 0.4439453125 0.46640625 0.43561198046875 0.465625 0.4258897578125 0.45703125 0.4189453125 0.448242185546875 0.41796875 0.425952150390625 0.41796875 0.40390625 0.424500869140625 0.40078125 0.442556423828125 0.38203125 0.49116753515625 0.38125 0.53422308984375
1 0.4154296875 0.419596353515625 0.4146484375 0.39876301953125 0.4060546875 0.379318576171875 0.400067138671875 0.376953125 0.398611111328125 0.376953125 0.3740234375 0.401540798828125 0.3693359375 0.422374130859375 0.3560546875 0.45015191015625 0.3662109375 0.466818576171875 0.370846896484375 0.50390625 0.371903482421875 0.50390625 0.3810546875 0.50015191015625 0.3919921875 0.4834852421875 0.4037109375 0.439040798828125 0.4154296875 0.419596353515625
5 0.4265625 0.33483073046875 0.40390625 0.373719619140625 0.4046875 0.4056640625 0.4109375 0.420941841796875 0.4203125 0.4306640625 0.4328125 0.432052953125 0.44140625 0.423719619140625 0.4484375 0.407052953125 0.44921875 0.39038628515625 0.453125 0.376497396484375 0.453125 0.35427517578125 0.45234375 0.345941841796875 0.44225463671875 0.333984375 0.43084717578125 0.333984375 0.4265625 0.33483073046875
9 0.512109375 0.30258246484375 0.523828125 0.2998046875 0.533984375 0.285915798828125 0.534765625 0.2553602421875 0.524773763671875 0.236328125 0.50789325390625 0.236328125 0.498046875 0.25258246484375 0.496484375 0.27202691015625 0.498828125 0.285915798828125 0.512109375 0.30258246484375
3 0.30336371484375 0.03489583203125 0.283203125 0.041638732421875 0.283203125 0.12732049609375 0.29086371484375 0.12239583203125 0.3005859375 0.12552083203125 0.33530816015625 0.11692708203125 0.346419271484375 0.10911458203125 0.3825303828125 0.11692708203125 0.411697048828125 0.13020833203125 0.431640625 0.130798767578125 0.431640625 0.114193646484375 0.4200303828125 0.11067708203125 0.386697048828125 0.09348958203125 0.3575303828125 0.06302083203125 0.30336371484375 0.03489583203125
12 0.447981771484375 0.6454210078125 0.6840928828125 0.6649522578125 0.728515625 0.66572111328125 0.728515625 0.22285533984375 0.572981771484375 0.2321397578125 0.26171875 0.253491642578125 0.26171875 0.634372224609375 0.447981771484375 0.6454210078125