0 0.421614583984375 0.452061630859375 0.454947916015625 0.4622178828125 0.4827256953125 0.461436630859375 0.504947916015625 0.455967880859375 0.509765625 0.453257919921875 0.509765625 0.378564689453125 0.4952256953125 0.3700303828125 0.47300347265625 0.364561630859375 0.44800347265625 0.363780380859375 0.42855902734375 0.368467880859375 0.417447916015625 0.3942491328125 0.41015625 0.397325302734375 0.41015625 0.444407822265625 0.421614583984375 0.452061630859375
7 0.401171875 0.749891494140625 0.412890625 0.77905816015625 0.4163879375 0.783203125 0.4203552265625 0.783203125 0.428515625 0.77905816015625 0.443359375 0.760208955078125 0.443359375 0.748039642578125 0.442578125 0.742947048828125 0.431640625 0.719335939453125 0.428515625 0.705447048828125 0.424609375 0.7012803828125 0.412109375 0.709613716796875 0.398828125 0.727669271484375 0.397265625 0.731835939453125 0.401171875 0.749891494140625
8 0.349609375 0.321249015625 0.349609375 0.355794271484375 0.3497178828125 0.355794271484375 0.39453125 0.348173392578125 0.39453125 0.311263021484375 0.3802734375 0.311263021484375 0.349609375 0.321249015625
11 0.375 0.4791883671875 0.375 0.4653656171875 0.360546875 0.4298828125 0.340340169921875 0.392578125 0.328460693359375 0.392578125 0.326171875 0.40071614453125 0.327734375 0.41321614453125 0.332421875 0.42016058984375 0.341796875 0.452105033203125 0.36356580078125 0.4921875 0.364056396484375 0.4921875 0.369140625 0.489605033203125 0.375 0.4791883671875
2 0.5728515625 0.3420789921875 0.5814453125 0.355967880859375 0.5876953125 0.35874566015625 0.592297361328125 0.359375 0.5993896484375 0.359375 0.6119140625 0.353190103515625 0.6181640625 0.3420789921875 0.6236328125 0.322634548828125 0.625 0.291037326171875 0.625 0.245030380859375 0.6244140625 0.230967880859375 0.6189453125 0.218467880859375 0.6103515625 0.20874566015625 0.5916015625 0.205967880859375 0.5806640625 0.21430121484375 0.5697265625 0.2365234375 0.5689453125 0.3295789921875 0.5728515625 0.3420789921875
6 0.486740451171875 0.24652777734375 0.51953125 0.241257828125 0.51953125 0.210120306640625 0.48046875 0.213782416015625 0.48046875 0.246641578125 0.486740451171875 0.24652777734375
4 0.550634765625 0.58203125 0.563671875 0.574305556640625 0.564453125 0.571875 0.564453125 0.533017677734375 0.557421875 0.49097222265625 0.548046875 0.47847222265625 0.528515625 0.486805556640625 0.523828125 0.49791666796875 0.523046875 0.5131944453125 0.534765625 0.5756944453125 0.538330078125 0.58203125 0.550634765625 0.58203125
10 0.41460503515625 0.5598524296875 0.463216146484375 0.5411024296875 0.466796875 0.5404826875 0.466796875 0.47957695703125 0.4618272578125 0.4856336796875 0.45210503515625 0.4879774296875 0.45766058984375 0.4942274296875 0.45210503515625 0.5051649296875 0.406271701171875 0.5012586796875 0.380859375 0.50933814453125 0.380859375 0.56046475 0.41460503515625 0.5598524296875
1 0.416015625 0.57358452734375 0.416015625 0.530582412109375 0.406618923828125 0.53023003515625 0.387174478515625 0.54194878515625 0.35546875 0.550308693359375 0.35546875 0.578957791015625 0.359396701171875 0.57944878515625 0.3760633671875 0.58960503515625 0.403841146484375 0.57632378515625 0.416015625 0.57358452734375
5 0.4078125 0.62649739453125 0.40859375 0.6431640625 0.415625 0.659830728515625 0.422003173828125 0.666015625 0.437451169921875 0.666015625 0.44609375 0.657052951171875 0.45234375 0.641775171875 0.453125 0.609830728515625 0.43046875 0.57094183984375 0.41640625 0.5681640625 0.4046875 0.582052951171875 0.40234375 0.607052951171875 0.4078125 0.62649739453125
9 0.53515625 0.747774658203125 0.53515625 0.715636189453125 0.533181423828125 0.7140625 0.51929253515625 0.71171875 0.49984808984375 0.71328125 0.49609375 0.715555513671875 0.49609375 0.746570638671875 0.5026258671875 0.75 0.533181423828125 0.74921875 0.53515625 0.747774658203125
3 0.338671875 0.96950955078125 0.325390625 0.979231771484375 0.299609375 0.979231771484375 0.285246060546875 0.998046875 0.415444865234375 0.998046875 0.431640625 0.9496231875 0.431640625 0.94578269921875 0.404296875 0.89312066015625 0.373828125 0.863953994140625 0.356640625 0.83062066015625 0.345703125 0.79450955078125 0.340441892578125 0.78515625 0.33898926171875 0.78515625 0.335546875 0.78617621484375 0.337109375 0.838953994140625 0.350390625 0.86812066015625 0.358203125 0.904231771484375 0.350390625 0.9153428828125 0.341796875 0.95006510546875 0.344921875 0.959787328125 0.338671875 0.96950955078125
12 0.3365234375 0.112608505859375 0.2701171875 0.115386283203125 0.2623046875 0.127886283203125 0.2732421875 0.27649739453125 0.2748046875 0.366775171875 0.2943359375 0.602886283203125 0.3169921875 0.984830728515625 0.3195263671875 0.99609375 0.340162869140625 0.99609375 0.4685546875 0.979275171875 0.4818359375 0.9737196171875 0.6693359375 0.954275171875 0.6763671875 0.93344183984375 0.7076171875 0.477886283203125 0.7279296875 0.1376085078125 0.7263671875 0.115386283203125 0.3365234375 0.112608505859375