11 0.431640625 0.544921875 0.435546875 0.544921875 0.455078125 0.572265625 0.455078125 0.576171875 0.458984375 0.578125 0.466796875 0.591796875 0.47265625 0.59765625 0.478515625 0.609375 0.490234375 0.62109375 0.494140625 0.630859375 0.494140625 0.646484375 0.490234375 0.650390625 0.482421875 0.671875 0.48046875 0.673828125 0.478515625 0.671875 0.4765625 0.6640625 0.46484375 0.65234375 0.455078125 0.634765625 0.439453125 0.615234375 0.431640625 0.6015625 0.427734375 0.599609375 0.41796875 0.5859375 0.416015625 0.580078125 0.41796875 0.572265625 0.431640625 0.546875
2 0.533203125 0.568359375 0.546875 0.578125 0.556640625 0.6015625 0.55859375 0.65234375 0.560546875 0.654296875 0.55859375 0.671875 0.552734375 0.689453125 0.546875 0.69921875 0.541015625 0.705078125 0.53515625 0.70703125 0.51953125 0.705078125 0.5078125 0.69140625 0.5078125 0.6875 0.50390625 0.681640625 0.50390625 0.66796875 0.5 0.658203125 0.5 0.650390625 0.49609375 0.642578125 0.49609375 0.603515625 0.5 0.58984375 0.51171875 0.572265625 0.517578125 0.568359375 0.53125 0.568359375
0 0.482421875 0.341796875 0.494140625 0.3515625 0.505859375 0.373046875 0.505859375 0.380859375 0.509765625 0.390625 0.509765625 0.4296875 0.501953125 0.453125 0.48828125 0.474609375 0.474609375 0.484375 0.4609375 0.486328125 0.458984375 0.48828125 0.44140625 0.484375 0.427734375 0.470703125 0.421875 0.4609375 0.4140625 0.43359375 0.4140625 0.404296875 0.421875 0.376953125 0.42578125 0.373046875 0.4296875 0.361328125 0.44140625 0.34765625 0.4609375 0.33984375 0.48046875 0.341796875
5 0.546875 0.2890625 0.552734375 0.294921875 0.55859375 0.30859375 0.55859375 0.376953125 0.5546875 0.388671875 0.544921875 0.396484375 0.53515625 0.39453125 0.52734375 0.3828125 0.52734375 0.37109375 0.5234375 0.36328125 0.5234375 0.3515625 0.51953125 0.337890625 0.513671875 0.33203125 0.509765625 0.33203125 0.505859375 0.3359375 0.505859375 0.35546875 0.50390625 0.35546875 0.50390625 0.33984375 0.501953125 0.337890625 0.50390625 0.3125 0.51171875 0.30859375 0.517578125 0.30859375 0.5234375 0.296875 0.53125 0.2890625 0.544921875 0.2890625
6 0.486328125 0.14453125 0.4921875 0.158203125 0.501953125 0.1640625 0.5078125 0.171875 0.509765625 0.197265625 0.51171875 0.19921875 0.509765625 0.224609375 0.513671875 0.234375 0.513671875 0.25 0.515625 0.251953125 0.515625 0.267578125 0.513671875 0.2734375 0.505859375 0.28125 0.494140625 0.287109375 0.484375 0.287109375 0.4765625 0.283203125 0.4765625 0.279296875 0.47265625 0.2734375 0.47265625 0.236328125 0.46875 0.23046875 0.46875 0.224609375 0.46484375 0.21484375 0.46484375 0.1796875 0.474609375 0.1640625 0.478515625 0.14453125 0.48046875 0.142578125 0.484375 0.14453125
10 0.60625 0.338888888671875 0.609375 0.3430555546875 0.609375 0.358333333984375 0.60625 0.37222222265625 0.6 0.376388888671875 0.59296875 0.395833333984375 0.590625 0.413888888671875 0.5921875 0.445833333984375 0.5984375 0.461111111328125 0.6125 0.473611111328125 0.63359375 0.476388888671875 0.64609375 0.4430555546875 0.64921875 0.4069444453125 0.64375 0.3680555546875 0.64921875 0.361111111328125 0.65078125 0.3430555546875 0.6359375 0.32222222265625 0.60625 0.3069444453125 0.59296875 0.3069444453125 0.58984375 0.316666666015625 0.59765625 0.3305555546875 0.5953125 0.3430555546875 0.60625 0.338888888671875
1 0.3890625 0.6375 0.4 0.6375 0.40703125 0.629166666015625 0.4078125 0.60972222265625 0.3765625 0.5319444453125 0.35703125 0.51527777734375 0.346875 0.5180555546875 0.340625 0.5319444453125 0.3421875 0.5569444453125 0.35234375 0.573611111328125 0.3734375 0.626388888671875 0.3890625 0.6375
7 0.5984375 0.304166666015625 0.6140625 0.308333333984375 0.62578125 0.288888888671875 0.625 0.263888888671875 0.60234375 0.2444444453125 0.58828125 0.270833333984375 0.584375 0.2819444453125 0.584375 0.30277777734375 0.58828125 0.311111111328125 0.5984375 0.304166666015625
4 0.565625 0.563888888671875 0.56640625 0.548611111328125 0.5546875 0.486111111328125 0.55078125 0.479166666015625 0.54140625 0.47777777734375 0.52578125 0.4875 0.52265625 0.49722222265625 0.5296875 0.561111111328125 0.55 0.579166666015625 0.56015625 0.576388888671875 0.565625 0.563888888671875
3 0.35078125 0.91527777734375 0.33828125 0.9694444453125 0.325 0.979166666015625 0.3 0.979166666015625 0.28515625 0.998611111328125 0.4953125 0.998611111328125 0.48671875 0.983333333984375 0.47109375 0.979166666015625 0.42578125 0.933333333984375 0.40234375 0.888888888671875 0.3828125 0.875 0.37265625 0.861111111328125 0.35703125 0.829166666015625 0.34609375 0.7930555546875 0.34140625 0.78472222265625 0.3359375 0.786111111328125 0.33828125 0.838888888671875 0.35 0.863888888671875 0.359375 0.9055555546875 0.35078125 0.91527777734375
12 0.29375 0.976388888671875 0.309375 0.9680555546875 0.321875 0.975 0.33984375 0.9625 0.3390625 0.93472222265625 0.34609375 0.926388888671875 0.346875 0.913888888671875 0.35390625 0.904166666015625 0.3453125 0.8805555546875 0.34609375 0.86527777734375 0.334375 0.8430555546875 0.3359375 0.8125 0.3328125 0.786111111328125 0.3421875 0.7805555546875 0.35 0.788888888671875 0.35859375 0.82222222265625 0.37265625 0.85277777734375 0.38671875 0.870833333984375 0.403125 0.879166666015625 0.43828125 0.945833333984375 0.44921875 0.95 0.465625 0.973611111328125 0.47890625 0.973611111328125 0.49375 0.9819444453125 0.5015625 0.995833333984375 0.70625 0.9944444453125 0.7234375 0.99027777734375 0.72421875 0.94027777734375 0.71953125 0.876388888671875 0.715625 0.875 0.71796875 0.851388888671875 0.71484375 0.8319444453125 0.71484375 0.78472222265625 0.71171875 0.775 0.715625 0.7430555546875 0.6796875 0.2569444453125 0.67265625 0.125 0.66953125 0.1125 0.3171875 0.15972222265625 0.30390625 0.3194444453125 0.27578125 0.7569444453125 0.26171875 0.986111111328125 0.26484375 0.9944444453125 0.28359375 0.9930555546875 0.29375 0.976388888671875
8 0.43984375 0.33472222265625 0.44453125 0.316666666015625 0.43515625 0.251388888671875 0.428125 0.241666666015625 0.4171875 0.24027777734375 0.4078125 0.24722222265625 0.40234375 0.261111111328125 0.40234375 0.279166666015625 0.41484375 0.3319444453125 0.421875 0.34027777734375 0.43984375 0.33472222265625
8 0.4140625 0.2421875 0.427734375 0.2421875 0.435546875 0.251953125 0.435546875 0.259765625 0.439453125 0.26953125 0.439453125 0.283203125 0.443359375 0.294921875 0.443359375 0.3125 0.4453125 0.314453125 0.443359375 0.31640625 0.443359375 0.330078125 0.435546875 0.33984375 0.427734375 0.341796875 0.41796875 0.337890625 0.41796875 0.333984375 0.4140625 0.328125 0.4140625 0.318359375 0.41015625 0.310546875 0.41015625 0.30078125 0.40234375 0.27734375 0.40234375 0.263671875 0.40625 0.25 0.4140625 0.244140625