0 0.4248046875 0.5609375 0.4310546875 0.587326388671875 0.4458984375 0.612326388671875 0.4537109375 0.6109375 0.461962890625 0.62109375 0.477490236328125 0.62109375 0.4880859375 0.619270833984375 0.5068359375 0.602604166015625 0.5185546875 0.580381943359375 0.5234375 0.555304783203125 0.5234375 0.521875 0.5138671875 0.481770833984375 0.4998046875 0.462326388671875 0.4841796875 0.4539930546875 0.4638671875 0.456770833984375 0.4419921875 0.47621527734375 0.4294921875 0.50121527734375 0.4248046875 0.524826388671875 0.4248046875 0.5609375
2 0.41796875 0.615957919921875 0.41796875 0.55577799609375 0.4164930546875 0.55514323046875 0.3914930546875 0.55358073046875 0.3678819453125 0.558268228515625 0.341796875 0.572147953125 0.341796875 0.626421828125 0.3539930546875 0.62936198046875 0.3789930546875 0.628580728515625 0.41796875 0.615957919921875
4 0.521484375 0.5513957734375 0.564453125 0.5458181015625 0.564453125 0.509071181640625 0.56050347265625 0.509071181640625 0.521484375 0.516553537109375 0.521484375 0.5513957734375
6 0.6177734375 0.619118923828125 0.6287109375 0.613563369140625 0.6328125 0.596896701171875 0.6328125 0.506271701171875 0.6310546875 0.496896701171875 0.6216796875 0.484396701171875 0.6091796875 0.48717448046875 0.6013671875 0.5080078125 0.5974609375 0.556618923828125 0.5990234375 0.594118923828125 0.6060546875 0.6149522578125 0.6177734375 0.619118923828125
11 0.3828125 0.491876447265625 0.3828125 0.47194010546875 0.3826171875 0.4653428828125 0.3576171875 0.405620658203125 0.333984375 0.413752380859375 0.333984375 0.42280816015625 0.3349609375 0.437565103515625 0.354415060546875 0.49609375 0.36573242578125 0.49609375 0.3828125 0.491876447265625
9 0.431640625 0.382756619140625 0.431640625 0.410653240234375 0.45512152734375 0.41273871484375 0.46484375 0.41000433984375 0.46484375 0.380967880859375 0.4453993046875 0.37914496484375 0.431640625 0.382756619140625
7 0.40952691015625 0.360460068359375 0.40258246484375 0.360460068359375 0.37109375 0.37087912890625 0.37109375 0.402385119140625 0.37758246484375 0.4042100703125 0.4140625 0.395011439453125 0.4140625 0.364171005859375 0.40952691015625 0.360460068359375
5 0.5236328125 0.36801215234375 0.5298828125 0.381901041015625 0.53826171875 0.388671875 0.54803466796875 0.388671875 0.5595703125 0.377734375 0.5625 0.3702938984375 0.5625 0.332149056640625 0.5541015625 0.291623263671875 0.5501953125 0.284678818359375 0.542626953125 0.279296875 0.541210935546875 0.279296875 0.5330078125 0.28051215234375 0.5158203125 0.31245659765625 0.5119140625 0.290234375 0.5072265625 0.288845486328125 0.5080078125 0.329123263671875 0.5119140625 0.340234375 0.5205078125 0.34856770703125 0.5236328125 0.36801215234375
10 0.388671875 0.113172744140625 0.387109375 0.159006078125 0.412890625 0.250672744140625 0.418359375 0.259006076171875 0.428468017578125 0.328125 0.436896970703125 0.328125 0.439453125 0.324879091796875 0.439453125 0.3080801484375 0.438671875 0.304839408203125 0.437890625 0.22845051953125 0.433984375 0.202061630859375 0.416015625 0.11039496484375 0.408984375 0.099283853515625 0.398828125 0.09789496484375 0.392578125 0.102061630859375 0.388671875 0.113172744140625
8 0.58461303515625 0.259765625 0.59609375 0.25546875 0.6015625 0.2414255390625 0.6015625 0.164180869140625 0.59375 0.154079861328125 0.58515625 0.15269097265625 0.5765625 0.156857640625 0.56953125 0.169357640625 0.56796875 0.1874131953125 0.571875 0.247135416015625 0.580400390625 0.259765625 0.58461303515625 0.259765625
1 0.5953125 0.4629774296875 0.607625326171875 0.470703125 0.60908203125 0.470703125 0.61640625 0.461588541015625 0.6171875 0.456032986328125 0.6171875 0.3473524296875 0.61171875 0.3254774296875 0.60546875 0.317144095703125 0.59921875 0.31575520703125 0.5875 0.329644095703125 0.5859375 0.33519965234375 0.5859375 0.386588541015625 0.58671875 0.43519965234375 0.5953125 0.4629774296875
3 0.4388671875 0.74242621484375 0.4365234375 0.75631510546875 0.4177734375 0.763259548828125 0.4029296875 0.750759548828125 0.3935546875 0.750759548828125 0.3755859375 0.757703994140625 0.3724609375 0.7646484375 0.3943359375 0.772981771484375 0.4177734375 0.7896484375 0.4294921875 0.8021484375 0.4357421875 0.81881510546875 0.4701171875 0.84242621484375 0.4767246796875 0.8515625 0.477373947265625 0.8515625 0.4873046875 0.825759548828125 0.505859375 0.795310830078125 0.505859375 0.78570746484375 0.4919921875 0.732703994140625 0.4701171875 0.691037326171875 0.4583984375 0.6465928828125 0.4568359375 0.6215928828125 0.4521484375 0.616037326171875 0.4466796875 0.663259548828125 0.4544921875 0.71742621484375 0.4388671875 0.74242621484375
12 0.7265625 0.9933217578125 0.7265625 0.96989583203125 0.71640625 0.818229166015625 0.715625 0.744618056640625 0.71015625 0.7210069453125 0.7078125 0.6890625 0.68671875 0.32378472265625 0.6734375 0.125173611328125 0.670322265625 0.111328125 0.669979099609375 0.111328125 0.32890625 0.155729166015625 0.3171875 0.16128472265625 0.28984375 0.53628472265625 0.27109375 0.8460069453125 0.26328125 0.977951388671875 0.2655419921875 0.998046875 0.646826177734375 0.998046875 0.7265625 0.9933217578125