10 0.411328125 0.683441841796875 0.393359375 0.775108505859375 0.388671875 0.8112196171875 0.386328125 0.887608505859375 0.386328125 0.894552951171875 0.391796875 0.902886283203125 0.396484375 0.904275171875 0.400390625 0.897330728515625 0.410546875 0.827886283203125 0.416015625 0.819552951171875 0.439453125 0.733531443359375 0.439453125 0.69038628515625 0.436328125 0.677886283203125 0.432333375 0.673828125 0.418087767578125 0.673828125 0.411328125 0.683441841796875
5 0.50390625 0.644559654296875 0.5143663203125 0.64663628515625 0.511588541015625 0.65288628515625 0.50390625 0.653551099609375 0.50390625 0.685217716796875 0.54769965234375 0.69585503515625 0.564453125 0.695181904296875 0.564453125 0.65369194921875 0.5504774296875 0.64976128515625 0.532421875 0.63804253515625 0.50390625 0.636936326171875 0.50390625 0.644559654296875
0 0.423828125 0.503548177734375 0.428342013671875 0.506228298828125 0.451953125 0.511697048828125 0.489453125 0.511697048828125 0.51723090234375 0.505447048828125 0.5234375 0.501955837890625 0.5234375 0.419976322265625 0.4713975703125 0.410915798828125 0.4338975703125 0.417947048828125 0.423828125 0.42285590234375 0.423828125 0.503548177734375
2 0.341796875 0.428316591796875 0.3678819453125 0.441731771484375 0.390104166015625 0.44641926953125 0.4164930546875 0.44485676953125 0.41796875 0.44422200390625 0.41796875 0.3840232265625 0.381770833984375 0.37220051953125 0.3539930546875 0.37063801953125 0.341796875 0.373382162109375 0.341796875 0.428316591796875
6 0.6291015625 0.427734375 0.6291015625 0.397178818359375 0.6212890625 0.38190104296875 0.6125 0.380859375 0.60927734375 0.380859375 0.6001953125 0.391623263671875 0.5962890625 0.412456595703125 0.5970703125 0.486067708984375 0.6009765625 0.506901041015625 0.607070314453125 0.513671875 0.62216796875 0.513671875 0.6298828125 0.49995659765625 0.6328125 0.464539931640625 0.6328125 0.447526041015625 0.6291015625 0.427734375
11 0.3349609375 0.5889539921875 0.3623046875 0.593120658203125 0.380859375 0.53676938671875 0.380859375 0.50874566015625 0.372692873046875 0.50390625 0.357195767578125 0.50390625 0.3333984375 0.5639539921875 0.3349609375 0.5889539921875
1 0.6171875 0.621204546875 0.6171875 0.59094223046875 0.583984375 0.591205283203125 0.583984375 0.62209046484375 0.61714409765625 0.6212022578125 0.6171875 0.621204546875
8 0.58671875 0.847135416015625 0.59765625 0.83324652734375 0.6015625 0.774913193359375 0.5984375 0.7499131953125 0.59140625 0.741579859375 0.585729986328125 0.740234375 0.578442380859375 0.740234375 0.56640625 0.754079859375 0.5671875 0.830468751953125 0.5765625 0.844357640625 0.58671875 0.847135416015625
9 0.4376953125 0.578016494140625 0.4322265625 0.594683162109375 0.4330078125 0.619683162109375 0.4431640625 0.63357205078125 0.4541015625 0.63357205078125 0.4603515625 0.628016494140625 0.46484375 0.613375291015625 0.46484375 0.6090928828125 0.4634765625 0.58357205078125 0.454927060546875 0.57421875 0.44837646875 0.57421875 0.4376953125 0.578016494140625
7 0.403580728515625 0.639539931640625 0.40913628515625 0.639539931640625 0.4140625 0.6353834375 0.4140625 0.60490081640625 0.3869140625 0.596571181640625 0.37109375 0.597206818359375 0.37109375 0.629097689453125 0.403580728515625 0.639539931640625
3 0.4046875 0.233116318359375 0.39296875 0.247005208984375 0.38671875 0.262282986328125 0.37109375 0.32339409765625 0.384375 0.341449654296875 0.40234375 0.383116318359375 0.41171875 0.3706163203125 0.4421875 0.34839409765625 0.45 0.330338541015625 0.459375 0.320616318359375 0.48046875 0.303949654296875 0.50234375 0.298394099609375 0.5078125 0.29144965234375 0.50390625 0.28589409765625 0.47890625 0.277560763671875 0.45703125 0.29144965234375 0.4421875 0.276171875 0.425 0.2442274296875 0.4328125 0.19144965234375 0.427605123046875 0.146484375 0.424169923828125 0.146484375 0.4234375 0.147005208984375 0.42109375 0.174782986328125 0.41171875 0.213671875 0.4046875 0.233116318359375
12 0.262890625 0.02690972265625 0.278515625 0.281076388671875 0.317578125 0.83107638671875 0.334765625 0.84357638671875 0.350390625 0.846354166015625 0.565234375 0.874131943359375 0.592578125 0.8727430546875 0.653515625 0.88802083203125 0.669140625 0.88802083203125 0.671484375 0.883854166015625 0.677734375 0.801909720703125 0.676171875 0.7727430546875 0.679296875 0.764409720703125 0.682421875 0.68246527734375 0.680078125 0.66302083203125 0.685546875 0.64496527734375 0.684765625 0.614409720703125 0.688671875 0.60052083203125 0.694140625 0.50607638671875 0.698828125 0.479687498046875 0.699609375 0.415798611328125 0.703515625 0.399131943359375 0.709765625 0.2852430546875 0.719140625 0.2616319453125 0.713671875 0.247743056640625 0.712890625 0.23246527734375 0.726171875 0.058854166015625 0.7265625 0.034548609375 0.7265625 0.010203931640625 0.68318483203125 0.005859375 0.328051130859375 0.005859375 0.264453125 0.00607638671875 0.262890625 0.02690972265625
4 0.564453125 0.48973667578125 0.564453125 0.45509936328125 0.527170138671875 0.447960068359375 0.521484375 0.447960068359375 0.521484375 0.4842642421875 0.564453125 0.48973667578125