10 0.387109375 0.154275173828125 0.411328125 0.2431640625 0.416796875 0.25149739453125 0.426953125 0.320941841796875 0.42989501953125 0.326171875 0.435760498046875 0.326171875 0.439453125 0.320545015625 0.439453125 0.260293693359375 0.438671875 0.23483073046875 0.433984375 0.198719619140625 0.416015625 0.107052953125 0.408203125 0.09594183984375 0.396484375 0.09594183984375 0.391015625 0.101497396484375 0.387890625 0.113997396484375 0.387109375 0.154275173828125
5 0.5197265625 0.34856770703125 0.5291015625 0.381901041015625 0.53748046875 0.388671875 0.54884765625 0.388671875 0.5572265625 0.381901041015625 0.564453125 0.366484375 0.564453125 0.340161275390625 0.5509765625 0.284678818359375 0.5441650390625 0.279296875 0.542480466796875 0.279296875 0.5322265625 0.28051215234375 0.5244140625 0.291623263671875 0.5228515625 0.309678818359375 0.5166015625 0.31245659765625 0.5119140625 0.288845486328125 0.5064453125 0.290234375 0.5080078125 0.33051215234375 0.5197265625 0.34856770703125
0 0.522439236328125 0.584006076171875 0.5234375 0.583413357421875 0.5234375 0.4989198125 0.5168836796875 0.495724826171875 0.4793836796875 0.488693576171875 0.423828125 0.4983661953125 0.423828125 0.577756076171875 0.43355034765625 0.583224826171875 0.461328125 0.589474826171875 0.498828125 0.589474826171875 0.522439236328125 0.584006076171875
2 0.3435546875 0.583203126953125 0.3482421875 0.60542534765625 0.3732421875 0.654036458984375 0.38299560546875 0.66015625 0.396640625 0.66015625 0.4146484375 0.6401475703125 0.41796875 0.625390625 0.41796875 0.595008681640625 0.4177734375 0.591536458984375 0.4037109375 0.548480904296875 0.3919921875 0.527647568359375 0.3818359375 0.520703126953125 0.3630859375 0.52486979296875 0.3552734375 0.533203125 0.3451171875 0.556814236328125 0.3435546875 0.583203126953125
6 0.6302734375 0.612456599609375 0.6328125 0.598914931640625 0.6328125 0.5065538203125 0.6310546875 0.4971788203125 0.6218994140625 0.486328125 0.6194824296875 0.486328125 0.6099609375 0.487456599609375 0.6021484375 0.502734375 0.6021484375 0.5332899296875 0.5974609375 0.558289931640625 0.6013671875 0.60551215234375 0.609033203125 0.619140625 0.6242578125 0.619140625 0.6302734375 0.612456599609375
11 0.380859375 0.462699513671875 0.3587890625 0.407009548828125 0.3455078125 0.407009548828125 0.3337890625 0.413953994140625 0.3353515625 0.4403428828125 0.353708556640625 0.49609375 0.361934408203125 0.49609375 0.380859375 0.4932099453125 0.380859375 0.462699513671875
1 0.607430013671875 0.470703125 0.60888671875 0.470703125 0.6162109375 0.461588541015625 0.6171875 0.454644095703125 0.6171875 0.346465083984375 0.6115234375 0.324088541015625 0.6029296875 0.31575520703125 0.5912109375 0.32269965234375 0.5857421875 0.333810763671875 0.5880859375 0.37825520703125 0.5865234375 0.436588541015625 0.5951171875 0.4629774296875 0.607430013671875 0.470703125
8 0.566623263671875 0.2237413203125 0.6015625 0.221401638671875 0.6015625 0.189155470703125 0.56640625 0.188795919921875 0.56640625 0.223714193359375 0.566623263671875 0.2237413203125
9 0.440258791015625 0.42578125 0.455345458984375 0.42578125 0.4638671875 0.414127603515625 0.4646484375 0.389127603515625 0.4591796875 0.372460935546875 0.4435546875 0.366905380859375 0.4333984375 0.3780164921875 0.4318359375 0.407183158203125 0.4365234375 0.422460935546875 0.440258791015625 0.42578125
7 0.40913628515625 0.360460068359375 0.403580728515625 0.360460068359375 0.37109375 0.370902310546875 0.37109375 0.402793181640625 0.3869140625 0.403428818359375 0.4140625 0.39509918359375 0.4140625 0.3646165625 0.40913628515625 0.360460068359375
4 0.551640625 0.58203125 0.560546875 0.577083333984375 0.564453125 0.570138888671875 0.564453125 0.5475694453125 0.557421875 0.492361109375 0.548046875 0.47847222265625 0.529296875 0.48541666796875 0.523046875 0.5006944453125 0.523046875 0.5131944453125 0.535546875 0.57847222265625 0.5435546875 0.58203125 0.551640625 0.58203125
12 0.4342881953125 0.35455729296875 0.33984375 0.36002604296875 0.325954861328125 0.36393229296875 0.2953993046875 0.36315104296875 0.27734375 0.36861979296875 0.26171875 0.366736421875 0.26171875 0.741945826171875 0.6592881953125 0.77018229296875 0.7265625 0.7743180078125 0.7265625 0.33437955859375 0.7078993046875 0.33580729296875 0.69262152734375 0.33502604296875 0.678732638671875 0.32955729296875 0.65512152734375 0.33893229296875 0.541232638671875 0.34518229296875 0.52456597265625 0.34908854296875 0.460677083984375 0.349869791015625 0.4342881953125 0.35455729296875
3 0.55483941015625 0.593142361328125 0.546506076171875 0.594704861328125 0.50483941015625 0.626736111328125 0.486783853515625 0.636892361328125 0.46484375 0.643063015625 0.46484375 0.715248318359375 0.5145616328125 0.711892361328125 0.57289496484375 0.695486111328125 0.58984375 0.694619412109375 0.58984375 0.67823234375 0.5756727421875 0.675954861328125 0.549283853515625 0.676736111328125 0.543728298828125 0.673611111328125 0.546506076171875 0.668142361328125 0.521506076171875 0.648611111328125 0.528450521484375 0.634548611328125 0.5506727421875 0.618923611328125 0.55483941015625 0.593142361328125