10 0.384765625 0.791206337890625 0.439453125 0.806106544921875 0.439453125 0.770370513671875 0.4267578125 0.767881943359375 0.390646701171875 0.763194443359375 0.384765625 0.763014001953125 0.384765625 0.791206337890625
5 0.5572265625 0.618098958984375 0.54884765625 0.611328125 0.53748046875 0.611328125 0.5291015625 0.618098958984375 0.5197265625 0.65143229296875 0.5080078125 0.66948784765625 0.5064453125 0.709765625 0.5119140625 0.711154513671875 0.5166015625 0.68754340234375 0.5228515625 0.690321181640625 0.5244140625 0.708376736328125 0.5322265625 0.71948784765625 0.542480466796875 0.720703125 0.5441650390625 0.720703125 0.5509765625 0.715321181640625 0.564453125 0.659838724609375 0.564453125 0.633515625 0.5572265625 0.618098958984375
0 0.461027017578125 0.37890625 0.4509765625 0.384548611328125 0.4353515625 0.406770833984375 0.4251953125 0.465104166015625 0.4322265625 0.502604166015625 0.4423828125 0.5234375 0.4619140625 0.541493056640625 0.4876953125 0.54565972265625 0.4970703125 0.53315972265625 0.5056640625 0.53315972265625 0.5205078125 0.50815972265625 0.5234375 0.495510912109375 0.5234375 0.435763888671875 0.5197265625 0.419270833984375 0.5064453125 0.39565972265625 0.486147837890625 0.37890625 0.461027017578125 0.37890625
2 0.341796875 0.3739568984375 0.341796875 0.43149519140625 0.381510416015625 0.44446614453125 0.4092881953125 0.446028646484375 0.41796875 0.444075521484375 0.41796875 0.386542037109375 0.3953993046875 0.37493489453125 0.373177083984375 0.37024739453125 0.3467881953125 0.371809896484375 0.341796875 0.3739568984375
6 0.6291015625 0.427734375 0.6291015625 0.397178818359375 0.6212890625 0.38190104296875 0.6125 0.380859375 0.60927734375 0.380859375 0.6001953125 0.391623263671875 0.5962890625 0.412456595703125 0.5970703125 0.486067708984375 0.6009765625 0.506901041015625 0.607070314453125 0.513671875 0.62216796875 0.513671875 0.6298828125 0.49995659765625 0.6328125 0.464539931640625 0.6328125 0.447526041015625 0.6291015625 0.427734375
11 0.3349609375 0.5889539921875 0.3623046875 0.593120658203125 0.380859375 0.53676938671875 0.380859375 0.50874566015625 0.372692873046875 0.50390625 0.357195767578125 0.50390625 0.3333984375 0.5639539921875 0.3349609375 0.5889539921875
1 0.6134765625 0.53658854296875 0.6017578125 0.52964409765625 0.5931640625 0.537977431640625 0.5861328125 0.565755208984375 0.5869140625 0.6643663203125 0.5884765625 0.675477431640625 0.5962890625 0.685199654296875 0.6095703125 0.6768663203125 0.6171875 0.653476169921875 0.6171875 0.61401909765625 0.6166015625 0.59214409765625 0.6171875 0.581032986328125 0.6171875 0.5441282265625 0.6134765625 0.53658854296875
8 0.6015625 0.810844529296875 0.6015625 0.778598361328125 0.566623263671875 0.7762586796875 0.56640625 0.776285806640625 0.56640625 0.811204080078125 0.6015625 0.810844529296875
9 0.4376953125 0.578016494140625 0.4322265625 0.594683162109375 0.4330078125 0.619683162109375 0.4431640625 0.63357205078125 0.4541015625 0.63357205078125 0.4603515625 0.628016494140625 0.46484375 0.613375291015625 0.46484375 0.6090928828125 0.4634765625 0.58357205078125 0.454927060546875 0.57421875 0.44837646875 0.57421875 0.4376953125 0.578016494140625
7 0.403580728515625 0.639539931640625 0.40913628515625 0.639539931640625 0.4140625 0.6353834375 0.4140625 0.60490081640625 0.3869140625 0.596571181640625 0.37109375 0.597206818359375 0.37109375 0.629097689453125 0.403580728515625 0.639539931640625
4 0.535546875 0.42152777734375 0.523046875 0.4868055546875 0.523046875 0.4993055546875 0.529296875 0.51458333203125 0.548046875 0.52152777734375 0.557421875 0.507638890625 0.564453125 0.4524305546875 0.564453125 0.429861111328125 0.560546875 0.422916666015625 0.551640625 0.41796875 0.5435546875 0.41796875 0.535546875 0.42152777734375
12 0.27734375 0.63138020703125 0.2953993046875 0.63684895703125 0.325954861328125 0.63606770703125 0.33984375 0.63997395703125 0.4342881953125 0.64544270703125 0.460677083984375 0.650130208984375 0.52456597265625 0.65091145703125 0.541232638671875 0.65481770703125 0.65512152734375 0.66106770703125 0.678732638671875 0.67044270703125 0.69262152734375 0.66497395703125 0.7078993046875 0.66419270703125 0.7265625 0.66562044140625 0.7265625 0.2256819921875 0.6592881953125 0.22981770703125 0.26171875 0.258054173828125 0.26171875 0.633263578125 0.27734375 0.63138020703125
3 0.4802734375 0.5749131953125 0.4669921875 0.57630208203125 0.4560546875 0.570746529296875 0.4419921875 0.547135416015625 0.4287109375 0.604079861328125 0.4287109375 0.655468748046875 0.4099609375 0.72074652734375 0.4107421875 0.733246529296875 0.4169921875 0.741579859375 0.4208984375 0.74019097265625 0.4388671875 0.704079861328125 0.4443359375 0.670746529296875 0.4529296875 0.652690970703125 0.4638671875 0.64574652734375 0.4771484375 0.620746529296875 0.4904296875 0.631857638671875 0.5 0.62578125 0.5 0.60206597265625 0.4974609375 0.559635416015625 0.4943359375 0.556857638671875 0.4880859375 0.569357638671875 0.4802734375 0.5749131953125