0 0.48046875 0.3671875 0.5 0.373046875 0.509765625 0.37890625 0.509765625 0.453125 0.486328125 0.4609375 0.447265625 0.4609375 0.4453125 0.458984375 0.431640625 0.45703125 0.427734375 0.453125 0.423828125 0.453125 0.4140625 0.447265625 0.4140625 0.375 0.42578125 0.369140625 0.44140625 0.3671875 0.443359375 0.365234375 0.47265625 0.365234375 0.478515625 0.3671875
5 0.50390625 0.310546875 0.51171875 0.306640625 0.517578125 0.306640625 0.5234375 0.294921875 0.53125 0.287109375 0.546875 0.287109375 0.552734375 0.29296875 0.55859375 0.306640625 0.55859375 0.33203125 0.556640625 0.333984375 0.55859375 0.3359375 0.55859375 0.375 0.5546875 0.38671875 0.544921875 0.39453125 0.53515625 0.392578125 0.52734375 0.380859375 0.52734375 0.37109375 0.5234375 0.361328125 0.5234375 0.349609375 0.51953125 0.3359375 0.51171875 0.330078125 0.505859375 0.333984375 0.505859375 0.353515625 0.50390625 0.353515625 0.50390625 0.3359375 0.501953125 0.333984375 0.50390625 0.328125 0.50390625 0.3125
6 0.5 0.14453125 0.50390625 0.146484375 0.50390625 0.150390625 0.5078125 0.15625 0.5078125 0.193359375 0.51171875 0.19921875 0.51171875 0.205078125 0.515625 0.212890625 0.515625 0.25 0.505859375 0.265625 0.501953125 0.28515625 0.494140625 0.28515625 0.48828125 0.271484375 0.478515625 0.265625 0.47265625 0.2578125 0.470703125 0.234375 0.46875 0.232421875 0.470703125 0.203125 0.466796875 0.1953125 0.466796875 0.181640625 0.46484375 0.1796875 0.46484375 0.162109375 0.466796875 0.15625 0.478515625 0.146484375 0.498046875 0.14453125
1 0.342838541015625 0.609201388671875 0.41015625 0.581662326171875 0.41015625 0.542580837890625 0.3942274296875 0.543576388671875 0.33984375 0.568049044921875 0.33984375 0.609762912109375 0.342838541015625 0.609201388671875
10 0.650390625 0.363717796875 0.6360460078125 0.362565103515625 0.595768228515625 0.368815103515625 0.590212673828125 0.362565103515625 0.58984375 0.362530517578125 0.58984375 0.402473478515625 0.60132378515625 0.404752603515625 0.60687933984375 0.413346353515625 0.624934896484375 0.418815103515625 0.650390625 0.419657388671875 0.650390625 0.363717796875
7 0.588510744140625 0.310546875 0.59453125 0.3046006953125 0.61484375 0.30876736328125 0.6265625 0.28376736328125 0.62421875 0.262934029296875 0.60234375 0.244878474609375 0.58828125 0.27126736328125 0.584375 0.282378474609375 0.584375 0.3046006953125 0.58705078125 0.310546875 0.588510744140625 0.310546875
12 0.597092013671875 0.755121529296875 0.6762586796875 0.747309029296875 0.72265625 0.744788138671875 0.72265625 0.3654033984375 0.4262586796875 0.34418402734375 0.26171875 0.33430675390625 0.26171875 0.775448388671875 0.262369791015625 0.77543402734375 0.281814236328125 0.77230902734375 0.30542534765625 0.778559029296875 0.36098090234375 0.76762152734375 0.374869791015625 0.769184029296875 0.39848090234375 0.76449652734375 0.597092013671875 0.755121529296875
4 0.564453125 0.564849951171875 0.564453125 0.539453125 0.554296875 0.485286458984375 0.548046875 0.476953125 0.541796875 0.476953125 0.525390625 0.48667534765625 0.522265625 0.4963975703125 0.530078125 0.560286458984375 0.549374625 0.578125 0.55040283203125 0.578125 0.559765625 0.575564236328125 0.564453125 0.564849951171875
3 0.3375 0.842013888671875 0.34921875 0.864236111328125 0.35859375 0.90590277734375 0.35 0.915625 0.34375 0.93784722265625 0.34140625 0.96840277734375 0.325 0.979513888671875 0.2984375 0.979513888671875 0.2875 0.996180556640625 0.4265990625 0.998046875 0.494065162109375 0.998046875 0.48671875 0.983680556640625 0.47578125 0.979513888671875 0.4234375 0.929513888671875 0.39765625 0.883680556640625 0.38046875 0.8725694453125 0.35859375 0.8350694453125 0.3453125 0.79340277734375 0.3390625 0.783680556640625 0.33515625 0.786458333984375 0.3375 0.842013888671875
2 0.494140625 0.607421875 0.50390625 0.607421875 0.505859375 0.60546875 0.55859375 0.60546875 0.55859375 0.662109375 0.552734375 0.662109375 0.53515625 0.66796875 0.494140625 0.66796875 0.494140625 0.609375
8 0.427734375 0.2421875 0.435546875 0.25390625 0.44140625 0.294921875 0.443359375 0.296875 0.443359375 0.330078125 0.435546875 0.341796875 0.421875 0.341796875 0.41796875 0.33984375 0.40234375 0.279296875 0.40234375 0.26171875 0.40625 0.25 0.416015625 0.2421875 0.42578125 0.2421875
11 0.484375 0.619140625 0.494140625 0.6328125 0.494140625 0.646484375 0.490234375 0.650390625 0.490234375 0.654296875 0.486328125 0.658203125 0.482421875 0.669921875 0.478515625 0.673828125 0.474609375 0.673828125 0.455078125 0.646484375 0.455078125 0.642578125 0.451171875 0.640625 0.43359375 0.61328125 0.41796875 0.59375 0.416015625 0.587890625 0.416015625 0.572265625 0.419921875 0.568359375 0.419921875 0.564453125 0.4296875 0.544921875 0.43359375 0.546875 0.443359375 0.564453125 0.482421875 0.619140625