0 0.45043402734375 0.4618272578125 0.47543402734375 0.4626085078125 0.49487847265625 0.4579210078125 0.505989583984375 0.432139755859375 0.509765625 0.43054673828125 0.509765625 0.37963273828125 0.501822916015625 0.3743272578125 0.468489583984375 0.364171005859375 0.4407118046875 0.3649522578125 0.418489583984375 0.3704210078125 0.41015625 0.3751085078125 0.41015625 0.4457606796875 0.4282118046875 0.456358505859375 0.45043402734375 0.4618272578125
7 0.401171875 0.749891494140625 0.412890625 0.77905816015625 0.4163879375 0.783203125 0.4203552265625 0.783203125 0.428515625 0.77905816015625 0.443359375 0.760208955078125 0.443359375 0.748039642578125 0.442578125 0.742947048828125 0.431640625 0.719335939453125 0.428515625 0.705447048828125 0.424609375 0.7012803828125 0.412109375 0.709613716796875 0.398828125 0.727669271484375 0.397265625 0.731835939453125 0.401171875 0.749891494140625
8 0.3693359375 0.281618923828125 0.3552734375 0.285785591796875 0.3498046875 0.298285591796875 0.3498046875 0.310785591796875 0.3599609375 0.3705078125 0.3708984375 0.384396701171875 0.3794921875 0.384396701171875 0.3865234375 0.38023003515625 0.3943359375 0.3649522578125 0.3943359375 0.341341146484375 0.3771484375 0.288563369140625 0.3693359375 0.281618923828125
11 0.37406683984375 0.4243055546875 0.342122396484375 0.4336805546875 0.32421875 0.4434040859375 0.32421875 0.468774927734375 0.3643446171875 0.4524305546875 0.375 0.446658888671875 0.375 0.423675671875 0.37406683984375 0.4243055546875
2 0.6122178828125 0.310568576171875 0.625 0.31003598828125 0.625 0.25415769921875 0.568359375 0.253682169921875 0.568359375 0.3086708515625 0.6122178828125 0.310568576171875
6 0.48046875 0.245508490234375 0.51953125 0.241846380859375 0.51953125 0.20892815234375 0.514040798828125 0.20902777734375 0.48046875 0.21442328515625 0.48046875 0.245508490234375
4 0.521484375 0.51489954296875 0.521484375 0.551749181640625 0.527170138671875 0.552039931640625 0.564453125 0.54504937109375 0.564453125 0.508785841796875 0.5563368046875 0.509071181640625 0.521484375 0.51489954296875
10 0.39555121484375 0.530946181640625 0.441384548828125 0.534852431640625 0.466796875 0.526772966796875 0.466796875 0.475646359375 0.43305121484375 0.4762586796875 0.384440103515625 0.4950086796875 0.380859375 0.495628421875 0.380859375 0.55653415234375 0.3858289921875 0.550477431640625 0.39555121484375 0.5481336796875 0.38999566015625 0.5418836796875 0.39555121484375 0.530946181640625
1 0.401066080078125 0.623046875 0.4056640625 0.586263021484375 0.4158203125 0.56959635546875 0.4025390625 0.541818576171875 0.3978515625 0.520985244140625 0.372960068359375 0.49609375 0.37257690625 0.49609375 0.3658203125 0.498763021484375 0.3572265625 0.51820746484375 0.3564453125 0.539040798828125 0.3681640625 0.558485244140625 0.3798828125 0.6029296875 0.3908203125 0.61959635546875 0.399230955078125 0.623046875 0.401066080078125 0.623046875
5 0.4078125 0.62649739453125 0.40859375 0.6431640625 0.415625 0.659830728515625 0.422003173828125 0.666015625 0.437451169921875 0.666015625 0.44609375 0.657052951171875 0.45234375 0.641775171875 0.453125 0.609830728515625 0.43046875 0.57094183984375 0.41640625 0.5681640625 0.4046875 0.582052951171875 0.40234375 0.607052951171875 0.4078125 0.62649739453125
9 0.521045939453125 0.763671875 0.533203125 0.748415798828125 0.53515625 0.736841724609375 0.53515625 0.729665798828125 0.533984375 0.71508246484375 0.523046875 0.69702691015625 0.508203125 0.69702691015625 0.497265625 0.7178602421875 0.498046875 0.748415798828125 0.508203125 0.7623046875 0.513970947265625 0.763671875 0.521045939453125 0.763671875
3 0.283203125 0.958361267578125 0.30336371484375 0.96510416796875 0.3575303828125 0.93697916796875 0.386697048828125 0.90651041796875 0.4200303828125 0.88932291796875 0.431640625 0.885806353515625 0.431640625 0.869201232421875 0.411697048828125 0.86979166796875 0.3825303828125 0.88307291796875 0.346419271484375 0.89088541796875 0.33530816015625 0.88307291796875 0.3005859375 0.87447916796875 0.29086371484375 0.87760416796875 0.283203125 0.87267950390625 0.283203125 0.958361267578125
12 0.5220703125 0.1318359375 0.5087890625 0.1373914921875 0.3212890625 0.1568359375 0.3142578125 0.17766926953125 0.2830078125 0.633224826171875 0.2626953125 0.973502603515625 0.2642578125 0.995724826171875 0.316033974609375 0.99609375 0.7116882265625 0.99609375 0.7205078125 0.995724826171875 0.7283203125 0.983224826171875 0.7173828125 0.83461371484375 0.7158203125 0.7443359375 0.6962890625 0.508224826171875 0.6736328125 0.126280380859375 0.6705078125 0.1123914921875 0.5220703125 0.1318359375