0 0.45043402734375 0.5381727421875 0.4282118046875 0.543641494140625 0.41015625 0.5542393203125 0.41015625 0.6248914921875 0.418489583984375 0.6295789921875 0.4407118046875 0.6350477421875 0.468489583984375 0.635828994140625 0.501822916015625 0.6256727421875 0.509765625 0.62036726171875 0.509765625 0.56945326171875 0.505989583984375 0.567860244140625 0.49487847265625 0.5420789921875 0.47543402734375 0.5373914921875 0.45043402734375 0.5381727421875
7 0.396484375 0.2413598203125 0.396484375 0.266812607421875 0.3977647578125 0.267100693359375 0.4213758671875 0.278038193359375 0.436653646484375 0.280381943359375 0.443359375 0.275101181640625 0.443359375 0.242674423828125 0.4283203125 0.236631943359375 0.4102647578125 0.232725693359375 0.40609808984375 0.234288193359375 0.396484375 0.2413598203125
8 0.3673828125 0.621896701171875 0.3501953125 0.674674478515625 0.3501953125 0.69828558984375 0.3580078125 0.7135633671875 0.3650390625 0.717730033203125 0.3736328125 0.717730033203125 0.3845703125 0.70384114453125 0.39453125 0.645267427734375 0.39453125 0.63117249609375 0.3892578125 0.619118923828125 0.37614746484375 0.615234375 0.374877927734375 0.615234375 0.3673828125 0.621896701171875
11 0.369140625 0.510394966796875 0.364056396484375 0.5078125 0.36356580078125 0.5078125 0.341796875 0.547894966796875 0.332421875 0.57983941015625 0.327734375 0.58678385546875 0.326171875 0.59928385546875 0.328460693359375 0.607421875 0.340340169921875 0.607421875 0.360546875 0.5701171875 0.375 0.5346343828125 0.375 0.5208116328125 0.369140625 0.510394966796875
2 0.625 0.74584230078125 0.625 0.68996401171875 0.6122178828125 0.689431423828125 0.568359375 0.6913291484375 0.568359375 0.746317830078125 0.625 0.74584230078125
6 0.51953125 0.79107184765625 0.51953125 0.758153619140625 0.48046875 0.754491509765625 0.48046875 0.78557671484375 0.514040798828125 0.79097222265625 0.51953125 0.79107184765625
4 0.534765625 0.4243055546875 0.523046875 0.4868055546875 0.523828125 0.50208333203125 0.528515625 0.513194443359375 0.548046875 0.52152777734375 0.557421875 0.50902777734375 0.564453125 0.466982322265625 0.564453125 0.428125 0.563671875 0.425694443359375 0.550634765625 0.41796875 0.538330078125 0.41796875 0.534765625 0.4243055546875
10 0.4109375 0.51022135546875 0.4 0.51577691015625 0.39375 0.51022135546875 0.39140625 0.519943578125 0.38125 0.52827691015625 0.38203125 0.5379991328125 0.390625 0.544943578125 0.415625 0.54772135546875 0.44375 0.539388021484375 0.446875 0.521332466796875 0.465625 0.47272135546875 0.46640625 0.429665798828125 0.4569023984375 0.41796875 0.45057705859375 0.41796875 0.4328125 0.432443578125 0.4171875 0.432443578125 0.40703125 0.464388021484375 0.4109375 0.51022135546875
1 0.35546875 0.421042208984375 0.35546875 0.449691306640625 0.387174478515625 0.45805121484375 0.406618923828125 0.46976996484375 0.416015625 0.469417587890625 0.416015625 0.42641547265625 0.403841146484375 0.42367621484375 0.3760633671875 0.41039496484375 0.359396701171875 0.42055121484375 0.35546875 0.421042208984375
5 0.40234375 0.3960980625 0.420290798828125 0.4065538203125 0.4522352421875 0.4057725703125 0.453125 0.405408578125 0.453125 0.361999173828125 0.43695746484375 0.3612413203125 0.417513021484375 0.3557725703125 0.40234375 0.357194689453125 0.40234375 0.3960980625
9 0.49609375 0.253758748046875 0.49609375 0.284703369140625 0.498849826171875 0.28671875 0.5294053828125 0.2875 0.53515625 0.284480794921875 0.53515625 0.252582255859375 0.53218316015625 0.25078125 0.51273871484375 0.24921875 0.498849826171875 0.2515625 0.49609375 0.253758748046875
3 0.373046875 0.1764539921875 0.376171875 0.16673176953125 0.367578125 0.132009546875 0.359765625 0.120898435546875 0.367578125 0.08478732421875 0.380859375 0.05562066015625 0.382421875 0.002842880859375 0.37941894921875 0.001953125 0.37745361328125 0.001953125 0.372265625 0.01117621484375 0.361328125 0.04728732421875 0.344140625 0.080620658203125 0.313671875 0.10978732421875 0.285546875 0.1639539921875 0.302567435546875 0.21484375 0.431640625 0.21484375 0.431640625 0.21329609765625 0.418359375 0.195898435546875 0.392578125 0.195898435546875 0.379296875 0.18617621484375 0.373046875 0.1764539921875
12 0.2732421875 0.72350260546875 0.2623046875 0.872113716796875 0.2701171875 0.884613716796875 0.3365234375 0.887391494140625 0.7263671875 0.884613716796875 0.7279296875 0.8623914921875 0.7076171875 0.522113716796875 0.6763671875 0.06655816015625 0.6693359375 0.045724828125 0.4818359375 0.0262803828125 0.4685546875 0.020724828125 0.340162869140625 0.00390625 0.3195263671875 0.00390625 0.3169921875 0.015169271484375 0.2943359375 0.397113716796875 0.2748046875 0.633224828125 0.2732421875 0.72350260546875