11 0.4140625 0.353515625 0.423828125 0.349609375 0.435546875 0.353515625 0.447265625 0.365234375 0.494140625 0.396484375 0.494140625 0.42578125 0.4921875 0.427734375 0.4765625 0.427734375 0.466796875 0.423828125 0.455078125 0.412109375 0.443359375 0.40625 0.4375 0.400390625 0.423828125 0.392578125 0.421875 0.388671875 0.41796875 0.388671875 0.4140625 0.384765625 0.4140625 0.35546875
2 0.52734375 0.3623046875 0.06640625 0.14208984375
0 0.46875 0.51171875 0.482421875 0.517578125 0.494140625 0.53125 0.498046875 0.537109375 0.498046875 0.541015625 0.501953125 0.544921875 0.509765625 0.568359375 0.509765625 0.607421875 0.505859375 0.6171875 0.505859375 0.625 0.494140625 0.646484375 0.482421875 0.65625 0.4765625 0.65625 0.474609375 0.658203125 0.453125 0.65625 0.4375 0.646484375 0.4296875 0.63671875 0.42578125 0.625 0.421875 0.62109375 0.4140625 0.59375 0.4140625 0.564453125 0.416015625 0.5625 0.416015625 0.5546875 0.421875 0.537109375 0.427734375 0.52734375 0.44140625 0.513671875 0.466796875 0.51171875
5 0.548828125 0.60546875 0.5546875 0.611328125 0.55859375 0.623046875 0.55859375 0.69140625 0.552734375 0.705078125 0.546875 0.7109375 0.53125 0.7109375 0.5234375 0.703125 0.517578125 0.69140625 0.51171875 0.69140625 0.50390625 0.6875 0.50390625 0.669921875 0.501953125 0.66796875 0.50390625 0.64453125 0.505859375 0.64453125 0.505859375 0.6640625 0.509765625 0.66796875 0.513671875 0.66796875 0.51953125 0.662109375 0.521484375 0.65625 0.5234375 0.63671875 0.52734375 0.62890625 0.52734375 0.6171875 0.53125 0.609375 0.5390625 0.603515625 0.544921875 0.603515625 0.546875 0.60546875
6 0.46484375 0.759765625 0.470703125 0.759765625 0.48046875 0.763671875 0.4921875 0.763671875 0.494140625 0.76171875 0.513671875 0.763671875 0.513671875 0.80859375 0.490234375 0.80859375 0.46484375 0.80078125 0.46484375 0.76171875
10 0.58984375 0.63742534375 0.598025173828125 0.637825521484375 0.616080728515625 0.63548176953125 0.635525173828125 0.628450521484375 0.63969183984375 0.622200521484375 0.650390625 0.619793294921875 0.650390625 0.579556478515625 0.6438585078125 0.58470051953125 0.6049696171875 0.579231771484375 0.58984375 0.580540740234375 0.58984375 0.63742534375
1 0.4076171875 0.379383681640625 0.4013671875 0.365494791015625 0.393273927734375 0.36328125 0.39054972265625 0.36328125 0.3716796875 0.379383681640625 0.3404296875 0.457161458984375 0.3412109375 0.47660590234375 0.34776611328125 0.484375 0.35997314453125 0.484375 0.3748046875 0.473828125 0.3958984375 0.42105034765625 0.4060546875 0.404383681640625 0.4076171875 0.379383681640625
7 0.583984375 0.73382936328125 0.591623263671875 0.742730033203125 0.616623263671875 0.743511283203125 0.625 0.7384628046875 0.625 0.702105033203125 0.6096788203125 0.702105033203125 0.598567708984375 0.706011283203125 0.583984375 0.713782666015625 0.583984375 0.73382936328125
4 0.529296875 0.439713541015625 0.522265625 0.5036024296875 0.525390625 0.51332465234375 0.541015625 0.523046875 0.550390625 0.521657986328125 0.554296875 0.514713541015625 0.564453125 0.460546875 0.564453125 0.435150048828125 0.559765625 0.424435763671875 0.55040283203125 0.421875 0.549365234375 0.421875 0.529296875 0.439713541015625
3 0.4068359375 0.11614583203125 0.392947048828125 0.09661458203125 0.348502603515625 0.07317708203125 0.302669271484375 0.02786458203125 0.298502603515625 0.01223958203125 0.283224826171875 0.00364583203125 0.283224826171875 0.21380208203125 0.302669271484375 0.19895833203125 0.302669271484375 0.17395833203125 0.3123914921875 0.16067708203125 0.36655816015625 0.14817708203125 0.3762803828125 0.13958333203125 0.417947048828125 0.14895833203125 0.442947048828125 0.16067708203125 0.494140625 0.16295048046875 0.494140625 0.15587971875 0.4887803828125 0.15286458203125 0.452669271484375 0.14192708203125 0.420724826171875 0.12630208203125 0.4068359375 0.11614583203125
12 0.259765625 0.22415364453125 0.259765625 0.589933267578125 0.2671006953125 0.59680989453125 0.261545138671875 0.60618489453125 0.259765625 0.605974162109375 0.259765625 0.665115115234375 0.2907118046875 0.66321614453125 0.72265625 0.635448287109375 0.72265625 0.25427864453125 0.3046006953125 0.223372396484375 0.27265625 0.227278646484375 0.26293402734375 0.22415364453125 0.259765625 0.22415364453125
8 0.4375 0.66015625 0.443359375 0.669921875 0.443359375 0.71875 0.435546875 0.728515625 0.43359375 0.744140625 0.4296875 0.75 0.4296875 0.75390625 0.419921875 0.7578125 0.412109375 0.755859375 0.404296875 0.74609375 0.404296875 0.708984375 0.408203125 0.697265625 0.408203125 0.68359375 0.412109375 0.673828125 0.412109375 0.666015625 0.419921875 0.65625 0.43359375 0.65625 0.435546875 0.66015625