11 0.431640625 0.544921875 0.435546875 0.544921875 0.455078125 0.572265625 0.455078125 0.576171875 0.458984375 0.578125 0.466796875 0.591796875 0.47265625 0.59765625 0.478515625 0.609375 0.490234375 0.62109375 0.494140625 0.630859375 0.494140625 0.646484375 0.490234375 0.650390625 0.482421875 0.671875 0.48046875 0.673828125 0.478515625 0.671875 0.4765625 0.6640625 0.46484375 0.65234375 0.455078125 0.634765625 0.439453125 0.615234375 0.431640625 0.6015625 0.427734375 0.599609375 0.41796875 0.5859375 0.416015625 0.580078125 0.41796875 0.572265625 0.431640625 0.546875
2 0.55859375 0.60546875 0.55859375 0.662109375 0.54296875 0.6640625 0.53515625 0.66796875 0.494140625 0.66796875 0.494140625 0.607421875 0.505859375 0.607421875 0.5078125 0.60546875 0.556640625 0.60546875
0 0.48046875 0.3671875 0.482421875 0.369140625 0.490234375 0.369140625 0.509765625 0.37890625 0.509765625 0.453125 0.50390625 0.45703125 0.49609375 0.45703125 0.486328125 0.4609375 0.447265625 0.4609375 0.423828125 0.453125 0.4140625 0.447265625 0.4140625 0.375 0.42578125 0.369140625 0.44140625 0.3671875 0.443359375 0.365234375 0.47265625 0.365234375 0.478515625 0.3671875
5 0.51953125 0.314453125 0.53515625 0.314453125 0.537109375 0.3125 0.55859375 0.314453125 0.55859375 0.369140625 0.501953125 0.369140625 0.501953125 0.337890625 0.51171875 0.333984375 0.53125 0.33203125 0.537109375 0.330078125 0.54296875 0.32421875 0.54296875 0.3203125 0.5390625 0.31640625 0.51953125 0.31640625
6 0.513671875 0.189453125 0.513671875 0.234375 0.5078125 0.234375 0.505859375 0.236328125 0.48046875 0.234375 0.470703125 0.23828125 0.46484375 0.23828125 0.46484375 0.197265625 0.490234375 0.189453125 0.51171875 0.189453125
10 0.642599826171875 0.42115885546875 0.650390625 0.420777783203125 0.650390625 0.36384026953125 0.6356553828125 0.36256510546875 0.5967664921875 0.368033853515625 0.58984375 0.3625821953125 0.58984375 0.403038736328125 0.60093316015625 0.40553385546875 0.605099826171875 0.41178385546875 0.624544271484375 0.418815103515625 0.642599826171875 0.42115885546875
1 0.3934461796875 0.544552951171875 0.376779513671875 0.554709201171875 0.33984375 0.569471357421875 0.33984375 0.610144818359375 0.34066840234375 0.610177951171875 0.408203125 0.58304346484375 0.408203125 0.543630642578125 0.3934461796875 0.544552951171875
7 0.6146484375 0.30876736328125 0.625 0.2915914375 0.625 0.263820044921875 0.6029296875 0.244878474609375 0.5888671875 0.27126736328125 0.5849609375 0.282378474609375 0.5849609375 0.303211806640625 0.58839925 0.310546875 0.590327150390625 0.310546875 0.5990234375 0.3046006953125 0.6146484375 0.30876736328125
4 0.525217013671875 0.54995659765625 0.564453125 0.542599826171875 0.564453125 0.507544064453125 0.521484375 0.5122729609375 0.521484375 0.549765724609375 0.525217013671875 0.54995659765625
3 0.423828125 0.9541015625 0.434765625 0.99021267578125 0.43917236328125 0.998046875 0.4414184609375 0.998046875 0.444921875 0.997157119140625 0.442578125 0.94437933984375 0.430859375 0.919379341796875 0.421484375 0.87771267578125 0.430078125 0.867990453125 0.442578125 0.81382378515625 0.455859375 0.804101564453125 0.480859375 0.804101564453125 0.494140625 0.78670390234375 0.494140625 0.78515625 0.28582763671875 0.78515625 0.294140625 0.799934896484375 0.309765625 0.804101564453125 0.355078125 0.849934896484375 0.378515625 0.894379341796875 0.398046875 0.90826823046875 0.408203125 0.922157119140625 0.423828125 0.9541015625
12 0.7188368046875 0.70514323046875 0.72265625 0.7015625 0.72265625 0.332598587890625 0.71328125 0.33561198046875 0.6813368046875 0.33170573046875 0.259765625 0.362871884765625 0.259765625 0.7435556171875 0.6952256953125 0.77154948046875 0.72265625 0.77323271875 0.72265625 0.71158854296875 0.7188368046875 0.70514323046875
8 0.4140625 0.2421875 0.427734375 0.2421875 0.435546875 0.251953125 0.435546875 0.259765625 0.439453125 0.26953125 0.439453125 0.283203125 0.443359375 0.294921875 0.443359375 0.33203125 0.435546875 0.341796875 0.421875 0.341796875 0.41796875 0.33984375 0.41796875 0.3359375 0.4140625 0.330078125 0.412109375 0.314453125 0.40625 0.30859375 0.40234375 0.298828125 0.40234375 0.263671875 0.40625 0.25 0.4140625 0.244140625