12 0.5791015625 0.960243056640625 0.58654609375 0.961568056640625 0.60267578125 0.95826527734375 0.6072265625 0.95746527734375 0.6736328125 0.947743056640625 0.6869140625 0.781076390625 0.7181640625 0.289409720703125 0.724609375 0.157118056640625 0.724609375 0.11301279296875 0.3556640625 0.111631943359375 0.2634765625 0.1171875 0.3072265625 0.828298611328125 0.3173828125 0.975520833984375 0.32099914453125 0.99609375 0.3332011796875 0.99609375 0.5720703125 0.96302083203125 0.5791015625 0.960243056640625
10 0.4076171875 0.224001736328125 0.4240234375 0.2684461796875 0.430819630859375 0.326171875 0.436669921875 0.326171875 0.4388671875 0.325390625 0.44140625 0.309592013671875 0.44140625 0.2762586796875 0.4404296875 0.226779513671875 0.4201171875 0.11566840234375 0.4115234375 0.09761284765625 0.3958984375 0.099001736328125 0.388671875 0.1298350703125 0.388671875 0.1417100703125 0.3896484375 0.1573350703125 0.4076171875 0.224001736328125
5 0.5291015625 0.381901041015625 0.53748046875 0.388671875 0.54884765625 0.388671875 0.5572265625 0.381901041015625 0.564453125 0.366484375 0.564453125 0.341422240234375 0.5509765625 0.284678818359375 0.543408203125 0.279296875 0.541796873046875 0.279296875 0.5322265625 0.28051215234375 0.5251953125 0.288845486328125 0.5166015625 0.31245659765625 0.5119140625 0.288845486328125 0.5064453125 0.290234375 0.5080078125 0.33051215234375 0.5197265625 0.34856770703125 0.5291015625 0.381901041015625
0 0.468229166015625 0.590060763671875 0.493229166015625 0.588498263671875 0.525390625 0.580844455078125 0.525390625 0.499760775390625 0.5196180546875 0.496310763671875 0.490451388671875 0.489279513671875 0.4585069453125 0.488498263671875 0.427951388671875 0.494748263671875 0.423828125 0.497189669921875 0.423828125 0.57826571875 0.4335069453125 0.583029513671875 0.468229166015625 0.590060763671875
2 0.4001953125 0.65679253515625 0.4080078125 0.648459201171875 0.41796875 0.625302150390625 0.41796875 0.589084201171875 0.4158203125 0.577625869140625 0.3900390625 0.527625869140625 0.38243896484375 0.521484375 0.366640798828125 0.521484375 0.3494140625 0.540125869140625 0.3439453125 0.560959201171875 0.3447265625 0.58734808984375 0.3587890625 0.63179253515625 0.3712890625 0.6540147578125 0.38027099609375 0.66015625 0.38505859375 0.66015625 0.4001953125 0.65679253515625
4 0.5279296875 0.48541666796875 0.5216796875 0.5006944453125 0.5216796875 0.514583333984375 0.5333984375 0.5756944453125 0.536962890625 0.58203125 0.55089111328125 0.58203125 0.5583984375 0.57847222265625 0.5646484375 0.56875 0.5662109375 0.556250001953125 0.5615234375 0.535416666015625 0.5599609375 0.507638890625 0.5537109375 0.486805556640625 0.5466796875 0.47847222265625 0.5279296875 0.48541666796875
6 0.62016058984375 0.570247396484375 0.6328125 0.569720234375 0.6328125 0.53329441015625 0.595703125 0.532900560546875 0.595703125 0.56833665625 0.62016058984375 0.570247396484375
1 0.5859375 0.408875869140625 0.619140625 0.408875869140625 0.619140625 0.37906782421875 0.593489583984375 0.3799696171875 0.5859375 0.379197244140625 0.5859375 0.408875869140625
9 0.46254340234375 0.381705728515625 0.44448784765625 0.381705728515625 0.431640625 0.385319009765625 0.431640625 0.41318359375 0.4542100703125 0.415299478515625 0.46484375 0.41250813671875 0.46484375 0.382445125 0.46254340234375 0.381705728515625
7 0.4140625 0.39483323828125 0.4140625 0.36471218359375 0.40952691015625 0.360460068359375 0.39702691015625 0.3620225703125 0.3817491328125 0.3698350703125 0.37109375 0.372831896484375 0.37109375 0.4033217734375 0.37202691015625 0.4042100703125 0.4067491328125 0.398741318359375 0.4140625 0.39483323828125
11 0.33203125 0.44390287890625 0.33203125 0.4757466640625 0.346462673828125 0.474934896484375 0.380859375 0.46360915234375 0.380859375 0.42776625 0.371462673828125 0.428059896484375 0.33203125 0.44390287890625
8 0.59765625 0.254079859375 0.6015625 0.243167162109375 0.6015625 0.16411072265625 0.59609375 0.155468748046875 0.5828125 0.15269097265625 0.56953125 0.16796875 0.56796875 0.188802083984375 0.57421875 0.25269097265625 0.58085123828125 0.259765625 0.584863279296875 0.259765625 0.59765625 0.254079859375
3 0.40835503515625 0.66555989453125 0.402799478515625 0.67180989453125 0.402799478515625 0.68430989453125 0.38335503515625 0.71165364453125 0.372243923828125 0.72259114453125 0.37109375 0.723039048828125 0.37109375 0.794971328125 0.3805772578125 0.80071614453125 0.4430772578125 0.78430989453125 0.4680772578125 0.76790364453125 0.48891058984375 0.76009114453125 0.505859375 0.75614616796875 0.505859375 0.740737767578125 0.45835503515625 0.74837239453125 0.427799478515625 0.73118489453125 0.409743923828125 0.72571614453125 0.409743923828125 0.71009114453125 0.422243923828125 0.69602864453125 0.422243923828125 0.68665364453125 0.415299478515625 0.66868489453125 0.40835503515625 0.66555989453125