0 0.482421875 0.341796875 0.494140625 0.3515625 0.501953125 0.36328125 0.501953125 0.369140625 0.505859375 0.375 0.505859375 0.380859375 0.509765625 0.390625 0.509765625 0.4296875 0.5078125 0.431640625 0.505859375 0.4453125 0.501953125 0.44921875 0.501953125 0.453125 0.498046875 0.45703125 0.498046875 0.4609375 0.494140625 0.466796875 0.482421875 0.48046875 0.46875 0.486328125 0.44140625 0.484375 0.427734375 0.470703125 0.421875 0.4609375 0.416015625 0.443359375 0.416015625 0.435546875 0.4140625 0.43359375 0.4140625 0.404296875 0.421875 0.376953125 0.42578125 0.373046875 0.4296875 0.361328125 0.44140625 0.34765625 0.4453125 0.34765625 0.44921875 0.34375 0.4609375 0.33984375 0.48046875 0.341796875
5 0.501953125 0.314453125 0.521484375 0.314453125 0.5234375 0.31640625 0.525390625 0.314453125 0.55859375 0.314453125 0.55859375 0.34765625 0.5390625 0.349609375 0.525390625 0.353515625 0.51953125 0.361328125 0.5234375 0.3671875 0.54296875 0.3671875 0.54296875 0.369140625 0.501953125 0.369140625 0.501953125 0.31640625
6 0.486328125 0.14453125 0.4921875 0.158203125 0.501953125 0.1640625 0.5078125 0.171875 0.509765625 0.1953125 0.51171875 0.197265625 0.509765625 0.2265625 0.513671875 0.234375 0.513671875 0.248046875 0.515625 0.25 0.515625 0.267578125 0.513671875 0.2734375 0.501953125 0.283203125 0.49609375 0.28515625 0.48046875 0.28515625 0.4765625 0.283203125 0.4765625 0.279296875 0.47265625 0.2734375 0.47265625 0.236328125 0.46875 0.23046875 0.46875 0.224609375 0.46484375 0.216796875 0.46484375 0.1796875 0.474609375 0.1640625 0.478515625 0.14453125 0.48046875 0.142578125 0.484375 0.14453125
1 0.33984375 0.568049044921875 0.33984375 0.609762912109375 0.342838541015625 0.609201388671875 0.41015625 0.581662326171875 0.41015625 0.542580837890625 0.3942274296875 0.543576388671875 0.33984375 0.568049044921875
10 0.624934896484375 0.418815103515625 0.650390625 0.419657388671875 0.650390625 0.363717796875 0.6360460078125 0.362565103515625 0.595768228515625 0.368815103515625 0.590212673828125 0.362565103515625 0.58984375 0.362530517578125 0.58984375 0.402473478515625 0.60132378515625 0.404752603515625 0.60687933984375 0.413346353515625 0.624934896484375 0.418815103515625
7 0.6265625 0.273177083984375 0.6265625 0.25095486328125 0.62349609375 0.244140625 0.623305666015625 0.244140625 0.61640625 0.25095486328125 0.59609375 0.2467881953125 0.584375 0.2717881953125 0.58671875 0.292621529296875 0.608436 0.310546875 0.60866313671875 0.310546875 0.62265625 0.2842881953125 0.6265625 0.273177083984375
12 0.374869791015625 0.769184029296875 0.39848090234375 0.76449652734375 0.597092013671875 0.755121529296875 0.6762586796875 0.747309029296875 0.72265625 0.744788138671875 0.72265625 0.3654033984375 0.4262586796875 0.34418402734375 0.26171875 0.33430675390625 0.26171875 0.775448388671875 0.262369791015625 0.77543402734375 0.281814236328125 0.77230902734375 0.30542534765625 0.778559029296875 0.36098090234375 0.76762152734375 0.374869791015625 0.769184029296875
4 0.521484375 0.549633908203125 0.564453125 0.544379576171875 0.564453125 0.507018919921875 0.563845486328125 0.50698784765625 0.521484375 0.514930556640625 0.521484375 0.549633908203125
3 0.444391740234375 0.998046875 0.44483642578125 0.998046875 0.4484375 0.995486111328125 0.44609375 0.939930556640625 0.434375 0.917708333984375 0.425 0.87604166796875 0.43359375 0.8663194453125 0.43984375 0.84409722265625 0.4421875 0.81354166796875 0.45859375 0.802430556640625 0.48515625 0.802430556640625 0.494140625 0.788740080078125 0.494140625 0.78573768359375 0.305236802734375 0.783203125 0.28917347265625 0.783203125 0.296875 0.798263888671875 0.3078125 0.802430556640625 0.36015625 0.852430556640625 0.3859375 0.898263888671875 0.403125 0.909375 0.425 0.946875 0.43828125 0.98854166796875 0.444391740234375 0.998046875
2 0.494140625 0.61328125 0.521484375 0.60546875 0.55859375 0.60546875 0.55859375 0.666015625 0.552734375 0.666015625 0.55078125 0.66796875 0.494140625 0.66796875 0.494140625 0.615234375
8 0.40234375 0.310546875 0.40234375 0.27734375 0.404296875 0.275390625 0.416015625 0.275390625 0.4296875 0.271484375 0.443359375 0.271484375 0.443359375 0.3046875 0.4375 0.3046875 0.419921875 0.310546875 0.404296875 0.310546875
11 0.466796875 0.580078125 0.48046875 0.5703125 0.494140625 0.5703125 0.494140625 0.609375 0.490234375 0.609375 0.48828125 0.61328125 0.4609375 0.630859375 0.44140625 0.646484375 0.41796875 0.646484375 0.416015625 0.64453125 0.416015625 0.6171875 0.466796875 0.58203125