10 0.387109375 0.154275173828125 0.411328125 0.2431640625 0.416796875 0.25149739453125 0.426953125 0.320941841796875 0.42989501953125 0.326171875 0.435760498046875 0.326171875 0.439453125 0.320545015625 0.439453125 0.260293693359375 0.438671875 0.23483073046875 0.433984375 0.198719619140625 0.416015625 0.107052953125 0.408203125 0.09594183984375 0.396484375 0.09594183984375 0.391015625 0.101497396484375 0.387890625 0.113997396484375 0.387109375 0.154275173828125
5 0.532421875 0.36195746484375 0.5504774296875 0.35023871484375 0.564453125 0.34630805078125 0.564453125 0.304818095703125 0.54769965234375 0.30414496484375 0.50390625 0.314782283203125 0.50390625 0.346448900390625 0.511588541015625 0.34711371484375 0.5143663203125 0.35336371484375 0.50390625 0.355440345703125 0.50390625 0.363063673828125 0.532421875 0.36195746484375
0 0.4248046875 0.562326388671875 0.4302734375 0.5859375 0.4451171875 0.6109375 0.4537109375 0.6109375 0.461328125 0.62109375 0.477587892578125 0.62109375 0.4888671875 0.619270833984375 0.5083984375 0.60121527734375 0.5185546875 0.580381943359375 0.5234375 0.55434027734375 0.5234375 0.53054219921875 0.5154296875 0.484548611328125 0.4998046875 0.462326388671875 0.4849609375 0.4539930546875 0.4662109375 0.455381943359375 0.4443359375 0.4734375 0.4310546875 0.497048611328125 0.4248046875 0.524826388671875 0.4248046875 0.562326388671875
2 0.41796875 0.6159767734375 0.41796875 0.55577799609375 0.4164930546875 0.55514323046875 0.390104166015625 0.55358073046875 0.3678819453125 0.558268228515625 0.341796875 0.571683408203125 0.341796875 0.626617837890625 0.3539930546875 0.62936198046875 0.381770833984375 0.62779948046875 0.41796875 0.6159767734375
6 0.6302734375 0.612456599609375 0.6328125 0.598914931640625 0.6328125 0.5065538203125 0.6310546875 0.4971788203125 0.6218994140625 0.486328125 0.6194824296875 0.486328125 0.6099609375 0.487456599609375 0.6021484375 0.502734375 0.6021484375 0.5332899296875 0.5974609375 0.558289931640625 0.6013671875 0.60551215234375 0.609033203125 0.619140625 0.6242578125 0.619140625 0.6302734375 0.612456599609375
11 0.33203125 0.44171509765625 0.33203125 0.476254611328125 0.342165798828125 0.476888021484375 0.380859375 0.461553494140625 0.380859375 0.42858544140625 0.369943576171875 0.429231771484375 0.33203125 0.44171509765625
1 0.6134765625 0.46341145703125 0.6171875 0.4558717734375 0.6171875 0.418967013671875 0.6166015625 0.40785590234375 0.6171875 0.38598090234375 0.6171875 0.346523830078125 0.6095703125 0.3231336796875 0.5962890625 0.314800345703125 0.5884765625 0.324522568359375 0.5869140625 0.3356336796875 0.5861328125 0.434244791015625 0.5931640625 0.462022568359375 0.6017578125 0.47035590234375 0.6134765625 0.46341145703125
8 0.59296875 0.258246529296875 0.6015625 0.245515048828125 0.6015625 0.166171365234375 0.58984375 0.15269097265625 0.578125 0.155468748046875 0.57109375 0.163802083984375 0.56796875 0.188802083984375 0.571875 0.247135416015625 0.5818212890625 0.259765625 0.58741455078125 0.259765625 0.59296875 0.258246529296875
9 0.440258791015625 0.42578125 0.455345458984375 0.42578125 0.4638671875 0.414127603515625 0.4646484375 0.389127603515625 0.4591796875 0.372460935546875 0.4435546875 0.366905380859375 0.4333984375 0.3780164921875 0.4318359375 0.407183158203125 0.4365234375 0.422460935546875 0.440258791015625 0.42578125
7 0.40913628515625 0.360460068359375 0.403580728515625 0.360460068359375 0.37109375 0.370902310546875 0.37109375 0.402793181640625 0.3869140625 0.403428818359375 0.4140625 0.39509918359375 0.4140625 0.3646165625 0.40913628515625 0.360460068359375
4 0.551640625 0.58203125 0.560546875 0.577083333984375 0.564453125 0.570138888671875 0.564453125 0.5475694453125 0.557421875 0.492361109375 0.548046875 0.47847222265625 0.529296875 0.48541666796875 0.523046875 0.5006944453125 0.523046875 0.5131944453125 0.535546875 0.57847222265625 0.5435546875 0.58203125 0.551640625 0.58203125
12 0.4342881953125 0.35455729296875 0.33984375 0.36002604296875 0.325954861328125 0.36393229296875 0.2953993046875 0.36315104296875 0.27734375 0.36861979296875 0.26171875 0.366736421875 0.26171875 0.741945826171875 0.6592881953125 0.77018229296875 0.7265625 0.7743180078125 0.7265625 0.33437955859375 0.7078993046875 0.33580729296875 0.69262152734375 0.33502604296875 0.678732638671875 0.32955729296875 0.65512152734375 0.33893229296875 0.541232638671875 0.34518229296875 0.52456597265625 0.34908854296875 0.460677083984375 0.349869791015625 0.4342881953125 0.35455729296875
3 0.4353515625 0.36332465234375 0.4314453125 0.3549913203125 0.4251953125 0.359157986328125 0.4267578125 0.384157986328125 0.4322265625 0.4049913203125 0.4283203125 0.41471354296875 0.43115234375 0.43359375 0.4347412109375 0.43359375 0.4431640625 0.428602431640625 0.4478515625 0.411935763671875 0.4666015625 0.3924913203125 0.4908203125 0.3799913203125 0.5087890625 0.391102431640625 0.53125 0.391102431640625 0.53125 0.3710069453125 0.5009765625 0.35082465234375 0.4939453125 0.328602431640625 0.4791015625 0.310546875 0.4728515625 0.31332465234375 0.4650390625 0.348046875 0.4580078125 0.35776909765625 0.4455078125 0.36471354296875 0.4353515625 0.36332465234375