0 0.4765625 0.513671875 0.48046875 0.517578125 0.484375 0.517578125 0.49609375 0.53125 0.5 0.54296875 0.50390625 0.546875 0.509765625 0.56640625 0.509765625 0.61328125 0.5078125 0.615234375 0.5078125 0.62109375 0.498046875 0.640625 0.484375 0.654296875 0.478515625 0.654296875 0.4765625 0.65625 0.45703125 0.65625 0.443359375 0.650390625 0.427734375 0.630859375 0.427734375 0.626953125 0.419921875 0.615234375 0.419921875 0.609375 0.416015625 0.599609375 0.416015625 0.560546875 0.41796875 0.55859375 0.419921875 0.544921875 0.423828125 0.5390625 0.423828125 0.533203125 0.431640625 0.521484375 0.443359375 0.51171875 0.47265625 0.51171875 0.474609375 0.513671875
5 0.533203125 0.603515625 0.5390625 0.609375 0.544921875 0.62109375 0.55078125 0.62109375 0.55859375 0.625 0.55859375 0.66796875 0.556640625 0.66796875 0.556640625 0.6484375 0.55078125 0.64453125 0.54296875 0.650390625 0.5390625 0.6640625 0.5390625 0.67578125 0.53515625 0.685546875 0.53515625 0.6953125 0.53125 0.703125 0.5234375 0.708984375 0.513671875 0.70703125 0.5078125 0.701171875 0.50390625 0.689453125 0.50390625 0.650390625 0.505859375 0.6484375 0.50390625 0.646484375 0.50390625 0.62109375 0.509765625 0.607421875 0.513671875 0.603515625 0.53125 0.603515625
6 0.462890625 0.759765625 0.470703125 0.759765625 0.478515625 0.763671875 0.4921875 0.763671875 0.494140625 0.76171875 0.515625 0.763671875 0.515625 0.80859375 0.48828125 0.80859375 0.48046875 0.8046875 0.474609375 0.8046875 0.46875 0.80078125 0.462890625 0.80078125 0.462890625 0.76171875
1 0.407161458984375 0.456423611328125 0.41015625 0.456985134765625 0.41015625 0.415271267578125 0.3557725703125 0.390798611328125 0.33984375 0.389803060546875 0.33984375 0.428884548828125 0.407161458984375 0.456423611328125
10 0.58984375 0.597526521484375 0.58984375 0.637469482421875 0.590212673828125 0.637434896484375 0.595768228515625 0.631184896484375 0.6360460078125 0.637434896484375 0.650390625 0.636282203125 0.650390625 0.580342611328125 0.624934896484375 0.581184896484375 0.60687933984375 0.586653646484375 0.60132378515625 0.595247396484375 0.58984375 0.597526521484375
7 0.583984375 0.732926849609375 0.590625 0.74097222265625 0.611458333984375 0.743315970703125 0.626953125 0.736052787109375 0.626953125 0.701128470703125 0.6100694453125 0.701128470703125 0.598958333984375 0.705034720703125 0.583984375 0.713014265625 0.583984375 0.732926849609375
12 0.3096788203125 0.64175347265625 0.388845486328125 0.64956597265625 0.58745659765625 0.658940970703125 0.611067708984375 0.66362847265625 0.62495659765625 0.66206597265625 0.68051215234375 0.67300347265625 0.704123263671875 0.666753470703125 0.72265625 0.66973198828125 0.72265625 0.228844994140625 0.5596788203125 0.238628470703125 0.26171875 0.259959705078125 0.26171875 0.6391476875 0.3096788203125 0.64175347265625
4 0.534765625 0.428342013671875 0.523046875 0.490842013671875 0.523828125 0.506119791015625 0.529296875 0.518619791015625 0.539453125 0.5213975703125 0.558984375 0.503342013671875 0.564453125 0.458619791015625 0.564453125 0.43216145703125 0.563671875 0.42973090234375 0.550415041015625 0.421875 0.539615884765625 0.421875 0.534765625 0.428342013671875
3 0.45859375 0.197569443359375 0.4421875 0.18645833203125 0.43984375 0.15590277734375 0.43359375 0.1336805546875 0.425 0.12395833203125 0.434375 0.082291666015625 0.44609375 0.060069443359375 0.4484375 0.004513888671875 0.44483642578125 0.001953125 0.444391740234375 0.001953125 0.43828125 0.01145833203125 0.425 0.053125 0.403125 0.090625 0.3859375 0.101736111328125 0.36015625 0.147569443359375 0.3078125 0.197569443359375 0.296875 0.201736111328125 0.28917347265625 0.216796875 0.305236802734375 0.216796875 0.494140625 0.21426231640625 0.494140625 0.211259919921875 0.48515625 0.197569443359375 0.45859375 0.197569443359375
2 0.494140625 0.330078125 0.53515625 0.330078125 0.537109375 0.33203125 0.55859375 0.3359375 0.55859375 0.392578125 0.505859375 0.392578125 0.50390625 0.390625 0.494140625 0.390625 0.494140625 0.33203125
8 0.41796875 0.658203125 0.421875 0.65625 0.435546875 0.65625 0.443359375 0.66796875 0.443359375 0.701171875 0.44140625 0.703125 0.435546875 0.744140625 0.427734375 0.755859375 0.416015625 0.755859375 0.40625 0.748046875 0.40234375 0.736328125 0.40234375 0.71875 0.41015625 0.693359375 0.41015625 0.685546875 0.4140625 0.677734375 0.4140625 0.66796875 0.41796875 0.66015625
11 0.44140625 0.3515625 0.4609375 0.3671875 0.48828125 0.384765625 0.490234375 0.388671875 0.494140625 0.388671875 0.494140625 0.427734375 0.48046875 0.427734375 0.4765625 0.42578125 0.46484375 0.4140625 0.416015625 0.380859375 0.416015625 0.353515625 0.41796875 0.3515625 0.439453125 0.3515625