11 0.4921875 0.5703125 0.494140625 0.572265625 0.494140625 0.6015625 0.447265625 0.6328125 0.435546875 0.64453125 0.42578125 0.6484375 0.4140625 0.64453125 0.4140625 0.61328125 0.41796875 0.609375 0.421875 0.609375 0.423828125 0.60546875 0.4375 0.59765625 0.443359375 0.591796875 0.455078125 0.5859375 0.466796875 0.57421875 0.4765625 0.5703125 0.490234375 0.5703125
2 0.55859375 0.60546875 0.55859375 0.662109375 0.54296875 0.6640625 0.53515625 0.66796875 0.494140625 0.66796875 0.494140625 0.607421875 0.505859375 0.607421875 0.5078125 0.60546875 0.556640625 0.60546875
0 0.482421875 0.341796875 0.494140625 0.3515625 0.505859375 0.373046875 0.505859375 0.380859375 0.509765625 0.390625 0.509765625 0.4296875 0.501953125 0.453125 0.498046875 0.45703125 0.498046875 0.4609375 0.494140625 0.466796875 0.482421875 0.48046875 0.46875 0.486328125 0.44140625 0.484375 0.427734375 0.470703125 0.421875 0.4609375 0.416015625 0.443359375 0.416015625 0.435546875 0.4140625 0.43359375 0.4140625 0.404296875 0.421875 0.376953125 0.42578125 0.373046875 0.4296875 0.361328125 0.44140625 0.34765625 0.4609375 0.33984375 0.48046875 0.341796875
5 0.50390625 0.310546875 0.51171875 0.306640625 0.517578125 0.306640625 0.5234375 0.294921875 0.53125 0.287109375 0.546875 0.287109375 0.552734375 0.29296875 0.55859375 0.306640625 0.55859375 0.375 0.5546875 0.38671875 0.544921875 0.39453125 0.53515625 0.392578125 0.52734375 0.380859375 0.52734375 0.369140625 0.5234375 0.361328125 0.5234375 0.349609375 0.51953125 0.3359375 0.513671875 0.330078125 0.509765625 0.330078125 0.505859375 0.333984375 0.505859375 0.353515625 0.50390625 0.353515625 0.50390625 0.337890625 0.501953125 0.3359375 0.50390625 0.3125
6 0.513671875 0.19140625 0.513671875 0.232421875 0.498046875 0.23828125 0.46484375 0.23828125 0.46484375 0.1953125 0.47265625 0.1953125 0.474609375 0.193359375 0.5 0.1953125 0.51171875 0.19140625
10 0.642599826171875 0.42115885546875 0.650390625 0.420777783203125 0.650390625 0.36384026953125 0.6356553828125 0.36256510546875 0.5967664921875 0.368033853515625 0.58984375 0.3625821953125 0.58984375 0.403038736328125 0.60093316015625 0.40553385546875 0.605099826171875 0.41178385546875 0.624544271484375 0.418815103515625 0.642599826171875 0.42115885546875
1 0.40776909765625 0.542599826171875 0.33984375 0.569891259765625 0.33984375 0.609171548828125 0.3549913203125 0.608224826171875 0.371657986328125 0.598068576171875 0.408203125 0.58346254296875 0.408203125 0.542617265625 0.40776909765625 0.542599826171875
7 0.6212890625 0.2842881953125 0.625 0.273732638671875 0.625 0.2519270859375 0.62135009765625 0.244140625 0.621098634765625 0.244140625 0.6111328125 0.25095486328125 0.5955078125 0.2467881953125 0.583984375 0.26590856640625 0.583984375 0.272482640625 0.5845703125 0.291232640625 0.60707484765625 0.310546875 0.60729594921875 0.310546875 0.6212890625 0.2842881953125
4 0.521484375 0.54974430078125 0.564453125 0.545015404296875 0.564453125 0.507018919921875 0.563845486328125 0.50698784765625 0.521484375 0.514930556640625 0.521484375 0.54974430078125
3 0.283224826171875 0.78619791796875 0.283224826171875 0.99635416796875 0.298502603515625 0.98776041796875 0.302669271484375 0.97213541796875 0.348502603515625 0.92682291796875 0.392947048828125 0.90338541796875 0.4068359375 0.88385416796875 0.420724826171875 0.87369791796875 0.452669271484375 0.85807291796875 0.4887803828125 0.84713541796875 0.494140625 0.84412028125 0.494140625 0.83704951953125 0.442947048828125 0.83932291796875 0.417947048828125 0.85104166796875 0.3762803828125 0.86041666796875 0.36655816015625 0.85182291796875 0.3123914921875 0.83932291796875 0.302669271484375 0.82604166796875 0.302669271484375 0.80104166796875 0.283224826171875 0.78619791796875
12 0.7188368046875 0.70514323046875 0.72265625 0.7015625 0.72265625 0.332598587890625 0.71328125 0.33561198046875 0.6813368046875 0.33170573046875 0.259765625 0.362871884765625 0.259765625 0.7435556171875 0.6952256953125 0.77154948046875 0.72265625 0.77323271875 0.72265625 0.71158854296875 0.7188368046875 0.70514323046875
8 0.4296875 0.244140625 0.4296875 0.248046875 0.43359375 0.25390625 0.435546875 0.26953125 0.443359375 0.279296875 0.443359375 0.328125 0.44140625 0.333984375 0.43359375 0.341796875 0.419921875 0.341796875 0.412109375 0.33203125 0.412109375 0.32421875 0.408203125 0.314453125 0.408203125 0.30078125 0.404296875 0.2890625 0.404296875 0.251953125 0.412109375 0.2421875 0.419921875 0.240234375 0.427734375 0.244140625