0 0.41015625 0.602674697265625 0.417447916015625 0.6057508671875 0.42855902734375 0.631532119140625 0.44800347265625 0.636219619140625 0.47300347265625 0.635438369140625 0.4952256953125 0.6299696171875 0.509765625 0.621435310546875 0.509765625 0.546742080078125 0.504947916015625 0.544032119140625 0.4827256953125 0.538563369140625 0.454947916015625 0.5377821171875 0.421614583984375 0.547938369140625 0.41015625 0.555592177734375 0.41015625 0.602674697265625
7 0.400390625 0.256835935546875 0.398046875 0.27211371484375 0.414453125 0.292947046875 0.425390625 0.298502603515625 0.430078125 0.292947046875 0.441796875 0.263780380859375 0.443359375 0.256558158203125 0.443359375 0.24049606640625 0.430859375 0.223502603515625 0.420800783203125 0.216796875 0.416833494140625 0.216796875 0.414453125 0.219335935546875 0.411328125 0.233224826171875 0.400390625 0.256835935546875
8 0.39453125 0.651826607421875 0.3497178828125 0.644205728515625 0.349609375 0.644205728515625 0.349609375 0.678750984375 0.3802734375 0.688736978515625 0.39453125 0.688736978515625 0.39453125 0.651826607421875
11 0.36356580078125 0.5078125 0.341796875 0.547894966796875 0.332421875 0.57983941015625 0.327734375 0.58678385546875 0.326171875 0.59928385546875 0.328460693359375 0.607421875 0.340340169921875 0.607421875 0.360546875 0.5701171875 0.375 0.5346343828125 0.375 0.5208116328125 0.369140625 0.510394966796875 0.364056396484375 0.5078125 0.36356580078125 0.5078125
2 0.568359375 0.688902876953125 0.568359375 0.74464427734375 0.5838758671875 0.745290798828125 0.625 0.743511388671875 0.625 0.688427349609375 0.568359375 0.688902876953125
6 0.508764646484375 0.6953125 0.506109619140625 0.6953125 0.499609375 0.703016494140625 0.488671875 0.728016494140625 0.48046875 0.815516494140625 0.48046875 0.83461371484375 0.484765625 0.846072048828125 0.49537760546875 0.849609375 0.4976904296875 0.849609375 0.506640625 0.836349826171875 0.519140625 0.758572048828125 0.51953125 0.737044271484375 0.51953125 0.71463265625 0.511328125 0.696072048828125 0.508764646484375 0.6953125
4 0.522265625 0.503472220703125 0.525390625 0.513194443359375 0.541796875 0.522916666015625 0.550390625 0.52152777734375 0.554296875 0.51458333203125 0.564453125 0.460416666015625 0.564453125 0.434953703125 0.560546875 0.4256944453125 0.542439783203125 0.41796875 0.54055989453125 0.41796875 0.531640625 0.429861109375 0.523046875 0.481249998046875 0.522265625 0.503472220703125
10 0.39375 0.51022135546875 0.39140625 0.519943578125 0.38125 0.52827691015625 0.38203125 0.5379991328125 0.390625 0.544943578125 0.415625 0.54772135546875 0.44375 0.539388021484375 0.446875 0.521332466796875 0.465625 0.47272135546875 0.46640625 0.429665798828125 0.4569023984375 0.41796875 0.45057705859375 0.41796875 0.4328125 0.432443578125 0.4171875 0.432443578125 0.40703125 0.464388021484375 0.4109375 0.51022135546875 0.4 0.51577691015625 0.39375 0.51022135546875
1 0.4060546875 0.379318576171875 0.400067138671875 0.376953125 0.398611111328125 0.376953125 0.3740234375 0.401540798828125 0.3693359375 0.422374130859375 0.3560546875 0.45015191015625 0.3662109375 0.466818576171875 0.370846896484375 0.50390625 0.371903482421875 0.50390625 0.3810546875 0.50015191015625 0.3919921875 0.4834852421875 0.4037109375 0.439040798828125 0.4154296875 0.419596353515625 0.4146484375 0.39876301953125 0.4060546875 0.379318576171875
5 0.4522352421875 0.4057725703125 0.453125 0.405408578125 0.453125 0.361999173828125 0.43695746484375 0.3612413203125 0.417513021484375 0.3557725703125 0.40234375 0.357194689453125 0.40234375 0.3960980625 0.420290798828125 0.4065538203125 0.4522352421875 0.4057725703125
9 0.497265625 0.2821397578125 0.508203125 0.30297308984375 0.523046875 0.30297308984375 0.533984375 0.28491753515625 0.53515625 0.270334201171875 0.53515625 0.263158275390625 0.533203125 0.251584201171875 0.521045939453125 0.236328125 0.513970947265625 0.236328125 0.508203125 0.2376953125 0.498046875 0.251584201171875 0.497265625 0.2821397578125
3 0.367578125 0.132009546875 0.359765625 0.120898435546875 0.367578125 0.08478732421875 0.380859375 0.05562066015625 0.382421875 0.002842880859375 0.37941894921875 0.001953125 0.37745361328125 0.001953125 0.372265625 0.01117621484375 0.361328125 0.04728732421875 0.344140625 0.080620658203125 0.313671875 0.10978732421875 0.285546875 0.1639539921875 0.302567435546875 0.21484375 0.431640625 0.21484375 0.431640625 0.21329609765625 0.418359375 0.195898435546875 0.392578125 0.195898435546875 0.379296875 0.18617621484375 0.373046875 0.1764539921875 0.376171875 0.16673176953125 0.367578125 0.132009546875
12 0.2701171875 0.884613716796875 0.3365234375 0.887391494140625 0.7263671875 0.884613716796875 0.7279296875 0.8623914921875 0.7076171875 0.522113716796875 0.6763671875 0.06655816015625 0.6693359375 0.045724828125 0.4818359375 0.0262803828125 0.4685546875 0.020724828125 0.340162869140625 0.00390625 0.3195263671875 0.00390625 0.3169921875 0.015169271484375 0.2943359375 0.397113716796875 0.2748046875 0.633224828125 0.2732421875 0.72350260546875 0.2623046875 0.872113716796875 0.2701171875 0.884613716796875