0 0.4765625 0.341796875 0.478515625 0.34375 0.484375 0.34375 0.498046875 0.357421875 0.5078125 0.376953125 0.5078125 0.3828125 0.509765625 0.384765625 0.509765625 0.431640625 0.50390625 0.451171875 0.5 0.455078125 0.49609375 0.466796875 0.484375 0.48046875 0.48046875 0.48046875 0.47265625 0.486328125 0.443359375 0.486328125 0.431640625 0.4765625 0.423828125 0.46484375 0.423828125 0.458984375 0.419921875 0.453125 0.419921875 0.447265625 0.416015625 0.4375 0.416015625 0.3984375 0.41796875 0.396484375 0.419921875 0.3828125 0.423828125 0.37890625 0.427734375 0.3671875 0.443359375 0.34765625 0.45703125 0.341796875 0.474609375 0.341796875
5 0.50390625 0.310546875 0.51171875 0.306640625 0.517578125 0.306640625 0.5234375 0.294921875 0.53125 0.287109375 0.546875 0.287109375 0.552734375 0.29296875 0.55859375 0.306640625 0.55859375 0.33203125 0.556640625 0.333984375 0.55859375 0.3359375 0.55859375 0.375 0.5546875 0.38671875 0.544921875 0.39453125 0.53515625 0.392578125 0.52734375 0.380859375 0.52734375 0.37109375 0.5234375 0.361328125 0.5234375 0.349609375 0.51953125 0.3359375 0.51171875 0.330078125 0.505859375 0.333984375 0.505859375 0.353515625 0.50390625 0.353515625 0.50390625 0.3359375 0.501953125 0.333984375 0.50390625 0.328125 0.50390625 0.3125
6 0.462890625 0.1953125 0.470703125 0.1953125 0.47265625 0.193359375 0.501953125 0.1953125 0.509765625 0.19140625 0.515625 0.19140625 0.515625 0.232421875 0.4921875 0.240234375 0.462890625 0.240234375 0.462890625 0.197265625
1 0.33984375 0.568049044921875 0.33984375 0.609762912109375 0.342838541015625 0.609201388671875 0.41015625 0.581662326171875 0.41015625 0.542580837890625 0.3942274296875 0.543576388671875 0.33984375 0.568049044921875
10 0.650390625 0.419864908203125 0.650390625 0.380627201171875 0.64008246484375 0.378580728515625 0.63452691015625 0.369986978515625 0.616471353515625 0.364518228515625 0.58984375 0.36363716796875 0.58984375 0.4195213671875 0.6053602421875 0.420768228515625 0.645638021484375 0.414518228515625 0.650390625 0.419864908203125
7 0.584375 0.3046006953125 0.58705078125 0.310546875 0.588510744140625 0.310546875 0.59453125 0.3046006953125 0.61484375 0.30876736328125 0.6265625 0.28376736328125 0.62421875 0.262934029296875 0.60234375 0.244878474609375 0.58828125 0.27126736328125 0.584375 0.282378474609375 0.584375 0.3046006953125
12 0.374869791015625 0.769184029296875 0.39848090234375 0.76449652734375 0.597092013671875 0.755121529296875 0.6762586796875 0.747309029296875 0.72265625 0.744788138671875 0.72265625 0.3654033984375 0.4262586796875 0.34418402734375 0.26171875 0.33430675390625 0.26171875 0.775448388671875 0.262369791015625 0.77543402734375 0.281814236328125 0.77230902734375 0.30542534765625 0.778559029296875 0.36098090234375 0.76762152734375 0.374869791015625 0.769184029296875
4 0.55040283203125 0.578125 0.559765625 0.575564236328125 0.564453125 0.564849951171875 0.564453125 0.539453125 0.554296875 0.485286458984375 0.548046875 0.476953125 0.541796875 0.476953125 0.525390625 0.48667534765625 0.522265625 0.4963975703125 0.530078125 0.560286458984375 0.549374625 0.578125 0.55040283203125 0.578125
3 0.303255208984375 0.79761284765625 0.287109375 0.78701714453125 0.287109375 0.99201980859375 0.299088541015625 0.98589409765625 0.303255208984375 0.97495659765625 0.353255208984375 0.92261284765625 0.399088541015625 0.89683159765625 0.41019965234375 0.87964409765625 0.44769965234375 0.85776909765625 0.4893663203125 0.84448784765625 0.494140625 0.841418650390625 0.494140625 0.834423150390625 0.440755208984375 0.83667534765625 0.418532986328125 0.84839409765625 0.3768663203125 0.85776909765625 0.36714409765625 0.84917534765625 0.344921875 0.84292534765625 0.3143663203125 0.84058159765625 0.303255208984375 0.82417534765625 0.303255208984375 0.79761284765625
2 0.533203125 0.568359375 0.541015625 0.572265625 0.548828125 0.580078125 0.55859375 0.615234375 0.55859375 0.673828125 0.552734375 0.693359375 0.541015625 0.70703125 0.51953125 0.70703125 0.51171875 0.69921875 0.50390625 0.68359375 0.50390625 0.669921875 0.49609375 0.64453125 0.49609375 0.6015625 0.5 0.58984375 0.51171875 0.572265625 0.517578125 0.568359375 0.53125 0.568359375
8 0.427734375 0.2421875 0.435546875 0.25390625 0.44140625 0.294921875 0.443359375 0.296875 0.443359375 0.330078125 0.435546875 0.341796875 0.421875 0.341796875 0.41796875 0.33984375 0.40234375 0.279296875 0.40234375 0.26171875 0.40625 0.25 0.416015625 0.2421875 0.42578125 0.2421875
11 0.4375 0.544921875 0.45703125 0.572265625 0.45703125 0.576171875 0.4609375 0.578125 0.478515625 0.60546875 0.494140625 0.625 0.494140625 0.6484375 0.482421875 0.673828125 0.478515625 0.671875 0.4765625 0.666015625 0.455078125 0.634765625 0.439453125 0.615234375 0.431640625 0.6015625 0.427734375 0.599609375 0.41796875 0.5859375 0.41796875 0.572265625 0.421875 0.568359375 0.421875 0.564453125 0.42578125 0.560546875 0.4296875 0.548828125 0.435546875 0.544921875