11 0.46484375 0.58203125 0.478515625 0.572265625 0.484375 0.5703125 0.4921875 0.572265625 0.494140625 0.57421875 0.494140625 0.607421875 0.48828125 0.609375 0.486328125 0.61328125 0.455078125 0.6328125 0.453125 0.63671875 0.439453125 0.646484375 0.43359375 0.6484375 0.41796875 0.6484375 0.4140625 0.64453125 0.4140625 0.619140625 0.46484375 0.583984375
2 0.55859375 0.60546875 0.55859375 0.662109375 0.54296875 0.6640625 0.53515625 0.66796875 0.494140625 0.66796875 0.494140625 0.607421875 0.505859375 0.607421875 0.5078125 0.60546875 0.556640625 0.60546875
0 0.4765625 0.341796875 0.478515625 0.34375 0.484375 0.34375 0.498046875 0.357421875 0.5078125 0.376953125 0.5078125 0.3828125 0.509765625 0.384765625 0.509765625 0.431640625 0.5078125 0.43359375 0.5078125 0.44140625 0.49609375 0.466796875 0.484375 0.48046875 0.47265625 0.486328125 0.443359375 0.486328125 0.431640625 0.4765625 0.423828125 0.46484375 0.416015625 0.4375 0.416015625 0.3984375 0.427734375 0.3671875 0.443359375 0.34765625 0.45703125 0.341796875 0.474609375 0.341796875
5 0.52734375 0.291015625 0.53515625 0.302734375 0.53515625 0.314453125 0.5390625 0.322265625 0.5390625 0.333984375 0.54296875 0.34765625 0.548828125 0.353515625 0.552734375 0.353515625 0.556640625 0.349609375 0.556640625 0.330078125 0.55859375 0.330078125 0.55859375 0.373046875 0.55078125 0.376953125 0.544921875 0.376953125 0.5390625 0.388671875 0.533203125 0.39453125 0.513671875 0.39453125 0.509765625 0.390625 0.50390625 0.376953125 0.50390625 0.30859375 0.5078125 0.296875 0.513671875 0.291015625 0.517578125 0.2890625 0.5234375 0.2890625 0.525390625 0.291015625
6 0.486328125 0.14453125 0.4921875 0.158203125 0.501953125 0.1640625 0.5078125 0.171875 0.509765625 0.197265625 0.51171875 0.19921875 0.509765625 0.224609375 0.513671875 0.234375 0.513671875 0.2734375 0.505859375 0.28125 0.498046875 0.28515625 0.48046875 0.28515625 0.4765625 0.283203125 0.4765625 0.279296875 0.47265625 0.2734375 0.47265625 0.236328125 0.46875 0.23046875 0.46875 0.224609375 0.46484375 0.21484375 0.46484375 0.1796875 0.474609375 0.1640625 0.478515625 0.14453125 0.48046875 0.142578125 0.484375 0.14453125
10 0.6095703125 0.343120658203125 0.6095703125 0.3583984375 0.6064453125 0.372287326171875 0.6001953125 0.3764539921875 0.5931640625 0.3958984375 0.5908203125 0.413953994140625 0.5923828125 0.445898439453125 0.5986328125 0.46117621484375 0.6126953125 0.47367621484375 0.6337890625 0.476453994140625 0.6462890625 0.44312066015625 0.6494140625 0.40700955078125 0.6439453125 0.36812066015625 0.6494140625 0.361176216796875 0.650390625 0.3498914921875 0.650390625 0.3422982890625 0.6361328125 0.322287326171875 0.6064453125 0.307009548828125 0.5931640625 0.307009548828125 0.5900390625 0.31673176953125 0.5978515625 0.330620658203125 0.5955078125 0.343120658203125 0.6064453125 0.3389539921875 0.6095703125 0.343120658203125
1 0.4060546875 0.595616318359375 0.3958984375 0.57894965234375 0.3748046875 0.526171875 0.35997314453125 0.515625 0.34776611328125 0.515625 0.3412109375 0.52339409765625 0.3404296875 0.542838541015625 0.3716796875 0.620616318359375 0.39054972265625 0.63671875 0.393273927734375 0.63671875 0.4013671875 0.634505208984375 0.4076171875 0.620616318359375 0.4060546875 0.595616318359375
7 0.625 0.2615371953125 0.616623263671875 0.256488716796875 0.591623263671875 0.257269966796875 0.583984375 0.26617063671875 0.583984375 0.286217333984375 0.598567708984375 0.293988716796875 0.6096788203125 0.297894966796875 0.625 0.297894966796875 0.625 0.2615371953125
4 0.55040283203125 0.578125 0.559765625 0.575564236328125 0.564453125 0.564849951171875 0.564453125 0.539453125 0.554296875 0.485286458984375 0.550390625 0.478342013671875 0.541015625 0.476953125 0.525390625 0.48667534765625 0.522265625 0.4963975703125 0.529296875 0.560286458984375 0.549365234375 0.578125 0.55040283203125 0.578125
3 0.283224826171875 0.78619791796875 0.283224826171875 0.99635416796875 0.298502603515625 0.98776041796875 0.302669271484375 0.97213541796875 0.348502603515625 0.92682291796875 0.392947048828125 0.90338541796875 0.4068359375 0.88385416796875 0.420724826171875 0.87369791796875 0.452669271484375 0.85807291796875 0.4887803828125 0.84713541796875 0.494140625 0.84412028125 0.494140625 0.83704951953125 0.442947048828125 0.83932291796875 0.417947048828125 0.85104166796875 0.3762803828125 0.86041666796875 0.36655816015625 0.85182291796875 0.3123914921875 0.83932291796875 0.302669271484375 0.82604166796875 0.302669271484375 0.80104166796875 0.283224826171875 0.78619791796875
12 0.7188368046875 0.70514323046875 0.72265625 0.7015625 0.72265625 0.332598587890625 0.71328125 0.33561198046875 0.6813368046875 0.33170573046875 0.259765625 0.362871884765625 0.259765625 0.7435556171875 0.6952256953125 0.77154948046875 0.72265625 0.77323271875 0.72265625 0.71158854296875 0.7188368046875 0.70514323046875
8 0.443359375 0.271484375 0.443359375 0.306640625 0.4375 0.310546875 0.40234375 0.310546875 0.40234375 0.275390625 0.44140625 0.271484375