0 0.4440266953125 0.513671875 0.4322265625 0.519965279296875 0.4189453125 0.543576390625 0.4134765625 0.565798609375 0.4126953125 0.593576390625 0.4228515625 0.62690972265625 0.4376953125 0.6491319453125 0.4595703125 0.6602430546875 0.4720703125 0.6602430546875 0.4759765625 0.654687501953125 0.4759765625 0.642187501953125 0.4806640625 0.631076388671875 0.5064453125 0.619965279296875 0.509765625 0.606192130859375 0.509765625 0.57313987890625 0.5048828125 0.553298611328125 0.4861328125 0.52135416796875 0.468230326171875 0.513671875 0.4440266953125 0.513671875
7 0.414453125 0.219335935546875 0.411328125 0.233224826171875 0.400390625 0.256835935546875 0.398046875 0.27211371484375 0.414453125 0.292947046875 0.425390625 0.298502603515625 0.430078125 0.292947046875 0.441796875 0.263780380859375 0.443359375 0.256558158203125 0.443359375 0.24049606640625 0.430859375 0.223502603515625 0.420800783203125 0.216796875 0.416833494140625 0.216796875 0.414453125 0.219335935546875
8 0.3673828125 0.621896701171875 0.3501953125 0.674674478515625 0.3501953125 0.69828558984375 0.3580078125 0.7135633671875 0.3650390625 0.717730033203125 0.3736328125 0.717730033203125 0.3845703125 0.70384114453125 0.39453125 0.645267427734375 0.39453125 0.63117249609375 0.3892578125 0.619118923828125 0.37614746484375 0.615234375 0.374877927734375 0.615234375 0.3673828125 0.621896701171875
11 0.32421875 0.5588550703125 0.3379991328125 0.5663194453125 0.375 0.581390919921875 0.375 0.555595779296875 0.360221353515625 0.5475694453125 0.32827691015625 0.5381944453125 0.32421875 0.5354551875 0.32421875 0.5588550703125
2 0.5771484375 0.653190103515625 0.5716796875 0.665690103515625 0.5701171875 0.703190103515625 0.5724609375 0.757356771484375 0.5779296875 0.77680121484375 0.5841796875 0.787912326171875 0.5982421875 0.794856771484375 0.6083984375 0.7934678828125 0.6146484375 0.790690103515625 0.6232421875 0.77680121484375 0.625 0.77117621484375 0.625 0.6684678828125 0.6154296875 0.6490234375 0.6044921875 0.640690103515625 0.5857421875 0.6434678828125 0.5771484375 0.653190103515625
6 0.51953125 0.707747396484375 0.516015625 0.698372396484375 0.50683593359375 0.6953125 0.5027685546875 0.6953125 0.494140625 0.708094619140625 0.481640625 0.785872396484375 0.480859375 0.828927951171875 0.489453125 0.848372396484375 0.493627927734375 0.849609375 0.494268798828125 0.849609375 0.501171875 0.841427951171875 0.512109375 0.816427951171875 0.51953125 0.73726128515625 0.51953125 0.707747396484375
4 0.561892361328125 0.490928818359375 0.564453125 0.49079787109375 0.564453125 0.453265837890625 0.5327256953125 0.447960068359375 0.521484375 0.4475648671875 0.521484375 0.4833523203125 0.561892361328125 0.490928818359375
10 0.38125 0.53422308984375 0.39140625 0.546723091796875 0.39609375 0.546723091796875 0.41484375 0.5314453125 0.43046875 0.5314453125 0.440625 0.4995008671875 0.43671875 0.45366753515625 0.44765625 0.44811198046875 0.45390625 0.45366753515625 0.45625 0.4439453125 0.46640625 0.43561198046875 0.465625 0.4258897578125 0.45703125 0.4189453125 0.448242185546875 0.41796875 0.425952150390625 0.41796875 0.40390625 0.424500869140625 0.40078125 0.442556423828125 0.38203125 0.49116753515625 0.38125 0.53422308984375
1 0.35546875 0.45405219140625 0.368033853515625 0.45687933984375 0.3958116328125 0.47016058984375 0.412478298828125 0.46000433984375 0.416015625 0.459562173828125 0.416015625 0.430761251953125 0.384700521484375 0.42250433984375 0.365256076171875 0.41078558984375 0.35546875 0.411152615234375 0.35546875 0.45405219140625
5 0.40234375 0.401417712890625 0.4034071171875 0.4018663203125 0.42007378515625 0.4026475703125 0.439518228515625 0.4081163203125 0.453125 0.406840685546875 0.453125 0.366880533203125 0.436740451171875 0.3573350703125 0.4047960078125 0.3581163203125 0.40234375 0.359119515625 0.40234375 0.401417712890625
9 0.49609375 0.253758748046875 0.49609375 0.284703369140625 0.498849826171875 0.28671875 0.5294053828125 0.2875 0.53515625 0.284480794921875 0.53515625 0.252582255859375 0.53218316015625 0.25078125 0.51273871484375 0.24921875 0.498849826171875 0.2515625 0.49609375 0.253758748046875
3 0.371549478515625 0.10755208203125 0.3354383671875 0.09973958203125 0.306271701171875 0.08645833203125 0.283203125 0.085775380859375 0.283203125 0.10152650390625 0.2979383671875 0.10598958203125 0.331271701171875 0.12317708203125 0.3604383671875 0.15364583203125 0.41460503515625 0.18177083203125 0.431640625 0.1760731171875 0.431640625 0.091355095703125 0.42710503515625 0.09427083203125 0.4173828125 0.09114583203125 0.38266058984375 0.09973958203125 0.371549478515625 0.10755208203125
12 0.26171875 0.666056869140625 0.417643228515625 0.6567491328125 0.728515625 0.635424044921875 0.728515625 0.25449349609375 0.542643228515625 0.2434678828125 0.3065321171875 0.2239366328125 0.26171875 0.223161017578125 0.26171875 0.666056869140625