11 0.4921875 0.5703125 0.494140625 0.572265625 0.494140625 0.6015625 0.447265625 0.6328125 0.435546875 0.64453125 0.42578125 0.6484375 0.4140625 0.64453125 0.4140625 0.61328125 0.41796875 0.609375 0.421875 0.609375 0.423828125 0.60546875 0.4375 0.59765625 0.443359375 0.591796875 0.455078125 0.5859375 0.466796875 0.57421875 0.4765625 0.5703125 0.490234375 0.5703125
2 0.494140625 0.61328125 0.505859375 0.609375 0.513671875 0.609375 0.521484375 0.60546875 0.55859375 0.60546875 0.55859375 0.666015625 0.55078125 0.666015625 0.548828125 0.66796875 0.494140625 0.66796875 0.494140625 0.615234375
0 0.478515625 0.3671875 0.509765625 0.37890625 0.509765625 0.455078125 0.4921875 0.4609375 0.4453125 0.4609375 0.443359375 0.458984375 0.435546875 0.458984375 0.4296875 0.455078125 0.42578125 0.455078125 0.421875 0.451171875 0.4140625 0.44921875 0.4140625 0.375 0.421875 0.37109375 0.4296875 0.37109375 0.439453125 0.3671875 0.4765625 0.3671875
5 0.51953125 0.314453125 0.53515625 0.314453125 0.537109375 0.3125 0.55859375 0.314453125 0.55859375 0.369140625 0.501953125 0.369140625 0.501953125 0.337890625 0.51171875 0.333984375 0.53125 0.33203125 0.537109375 0.330078125 0.54296875 0.32421875 0.54296875 0.3203125 0.5390625 0.31640625 0.51953125 0.31640625
6 0.50390625 0.146484375 0.50390625 0.150390625 0.5078125 0.15625 0.5078125 0.193359375 0.513671875 0.20703125 0.513671875 0.25390625 0.505859375 0.265625 0.501953125 0.28515625 0.494140625 0.28515625 0.48828125 0.271484375 0.478515625 0.265625 0.47265625 0.2578125 0.470703125 0.232421875 0.46875 0.23046875 0.470703125 0.205078125 0.466796875 0.1953125 0.466796875 0.15625 0.474609375 0.1484375 0.482421875 0.14453125 0.5 0.14453125 0.501953125 0.146484375
10 0.6095703125 0.343120658203125 0.6095703125 0.3583984375 0.6064453125 0.372287326171875 0.6001953125 0.3764539921875 0.5931640625 0.3958984375 0.5908203125 0.413953994140625 0.5923828125 0.445898439453125 0.5986328125 0.46117621484375 0.6126953125 0.47367621484375 0.6337890625 0.476453994140625 0.6462890625 0.44312066015625 0.6494140625 0.40700955078125 0.6439453125 0.36812066015625 0.6494140625 0.361176216796875 0.650390625 0.3498914921875 0.650390625 0.3422982890625 0.6361328125 0.322287326171875 0.6064453125 0.307009548828125 0.5931640625 0.307009548828125 0.5900390625 0.31673176953125 0.5978515625 0.330620658203125 0.5955078125 0.343120658203125 0.6064453125 0.3389539921875 0.6095703125 0.343120658203125
1 0.3934461796875 0.544552951171875 0.376779513671875 0.554709201171875 0.33984375 0.569471357421875 0.33984375 0.610144818359375 0.34066840234375 0.610177951171875 0.408203125 0.58304346484375 0.408203125 0.543630642578125 0.3934461796875 0.544552951171875
7 0.625 0.268713736328125 0.611588541015625 0.261566841796875 0.6004774296875 0.257660591796875 0.583984375 0.257660591796875 0.583984375 0.293312095703125 0.593532986328125 0.29906683984375 0.618532986328125 0.298285591796875 0.625 0.290750365234375 0.625 0.268713736328125
4 0.551046318359375 0.578125 0.563671875 0.57026909765625 0.564453125 0.56783854296875 0.564453125 0.539250578125 0.559765625 0.496657986328125 0.539453125 0.4786024296875 0.529296875 0.481380208984375 0.523828125 0.493880208984375 0.523046875 0.509157986328125 0.534765625 0.571657986328125 0.5384033203125 0.578125 0.551046318359375 0.578125
3 0.2916883671875 0.93619791796875 0.28335503515625 0.94088541796875 0.284743923828125 0.94635416796875 0.337521701171875 0.94401041796875 0.362521701171875 0.93229166796875 0.4041883671875 0.92291666796875 0.41391058984375 0.93151041796875 0.4680772578125 0.94401041796875 0.477799478515625 0.95729166796875 0.477799478515625 0.98229166796875 0.494140625 0.9947663828125 0.494140625 0.7887247734375 0.481966146484375 0.79557291796875 0.477799478515625 0.81119791796875 0.431966146484375 0.85651041796875 0.387521701171875 0.87994791796875 0.3736328125 0.89947916796875 0.359743923828125 0.90963541796875 0.327799478515625 0.92526041796875 0.2916883671875 0.93619791796875
12 0.26293402734375 0.77584635546875 0.27265625 0.772721353515625 0.3046006953125 0.776627603515625 0.72265625 0.74572135546875 0.72265625 0.364551712890625 0.2907118046875 0.33678385546875 0.259765625 0.334884884765625 0.259765625 0.394025837890625 0.261545138671875 0.39381510546875 0.2671006953125 0.40319010546875 0.259765625 0.410066732421875 0.259765625 0.77584635546875 0.26293402734375 0.77584635546875
8 0.4140625 0.2421875 0.427734375 0.2421875 0.435546875 0.251953125 0.435546875 0.259765625 0.439453125 0.26953125 0.439453125 0.283203125 0.443359375 0.294921875 0.443359375 0.33203125 0.435546875 0.341796875 0.421875 0.341796875 0.41796875 0.33984375 0.41796875 0.3359375 0.4140625 0.330078125 0.412109375 0.314453125 0.40625 0.30859375 0.40234375 0.298828125 0.40234375 0.263671875 0.40625 0.25 0.4140625 0.244140625