11 0.43359375 0.349609375 0.443359375 0.353515625 0.455078125 0.365234375 0.486328125 0.384765625 0.48828125 0.388671875 0.494140625 0.390625 0.494140625 0.423828125 0.486328125 0.427734375 0.474609375 0.423828125 0.462890625 0.412109375 0.4140625 0.37890625 0.4140625 0.353515625 0.41796875 0.349609375 0.431640625 0.349609375
2 0.494140625 0.330078125 0.548828125 0.330078125 0.55078125 0.33203125 0.55859375 0.33203125 0.55859375 0.392578125 0.521484375 0.392578125 0.513671875 0.388671875 0.505859375 0.388671875 0.494140625 0.384765625 0.494140625 0.33203125
0 0.4765625 0.513671875 0.484375 0.517578125 0.49609375 0.53125 0.5078125 0.556640625 0.5078125 0.564453125 0.509765625 0.56640625 0.509765625 0.61328125 0.5078125 0.615234375 0.5078125 0.62109375 0.498046875 0.640625 0.484375 0.654296875 0.478515625 0.654296875 0.4765625 0.65625 0.45703125 0.65625 0.443359375 0.650390625 0.427734375 0.630859375 0.416015625 0.599609375 0.416015625 0.560546875 0.419921875 0.55078125 0.419921875 0.54296875 0.431640625 0.521484375 0.443359375 0.51171875 0.47265625 0.51171875 0.474609375 0.513671875
5 0.533203125 0.603515625 0.5390625 0.609375 0.544921875 0.62109375 0.55078125 0.62109375 0.55859375 0.625 0.55859375 0.66796875 0.556640625 0.66796875 0.556640625 0.6484375 0.552734375 0.64453125 0.548828125 0.64453125 0.54296875 0.650390625 0.5390625 0.6640625 0.5390625 0.67578125 0.53515625 0.68359375 0.53515625 0.6953125 0.53125 0.703125 0.5234375 0.708984375 0.513671875 0.70703125 0.5078125 0.701171875 0.50390625 0.689453125 0.50390625 0.62109375 0.509765625 0.607421875 0.513671875 0.603515625 0.53125 0.603515625
6 0.494140625 0.712890625 0.501953125 0.712890625 0.505859375 0.732421875 0.513671875 0.744140625 0.513671875 0.791015625 0.5078125 0.8046875 0.5078125 0.841796875 0.50390625 0.84765625 0.50390625 0.8515625 0.5 0.853515625 0.482421875 0.853515625 0.474609375 0.849609375 0.466796875 0.841796875 0.466796875 0.802734375 0.470703125 0.79296875 0.470703125 0.78125 0.46875 0.779296875 0.470703125 0.748046875 0.474609375 0.736328125 0.48828125 0.7265625 0.490234375 0.71875 0.494140625 0.71484375
10 0.58984375 0.559513201171875 0.58984375 0.56204426953125 0.5912109375 0.5778428828125 0.5966796875 0.584787326171875 0.5912109375 0.623676216796875 0.5943359375 0.659787326171875 0.6068359375 0.69312066015625 0.6279296875 0.6903428828125 0.6419921875 0.677842880859375 0.6482421875 0.66256510546875 0.6498046875 0.63062066015625 0.6474609375 0.612565103515625 0.6404296875 0.593120658203125 0.6341796875 0.5889539921875 0.6310546875 0.57506510546875 0.6310546875 0.55978732421875 0.6341796875 0.55562066015625 0.6451171875 0.55978732421875 0.6427734375 0.54728732421875 0.650390625 0.533745658203125 0.650390625 0.532790796875 0.6474609375 0.52367621484375 0.6341796875 0.52367621484375 0.6044921875 0.538953994140625 0.58984375 0.559513201171875
1 0.376779513671875 0.445290798828125 0.3934461796875 0.455447048828125 0.408203125 0.456369357421875 0.408203125 0.41695653515625 0.34066840234375 0.389822048828125 0.33984375 0.389855181640625 0.33984375 0.430528642578125 0.376779513671875 0.445290798828125
7 0.583984375 0.73382936328125 0.591623263671875 0.742730033203125 0.616623263671875 0.743511283203125 0.625 0.7384628046875 0.625 0.702105033203125 0.6096788203125 0.702105033203125 0.598567708984375 0.706011283203125 0.583984375 0.713782666015625 0.583984375 0.73382936328125
4 0.529296875 0.439713541015625 0.522265625 0.5036024296875 0.525390625 0.51332465234375 0.541015625 0.523046875 0.550390625 0.521657986328125 0.554296875 0.514713541015625 0.564453125 0.460546875 0.564453125 0.435150048828125 0.559765625 0.424435763671875 0.55040283203125 0.421875 0.549365234375 0.421875 0.529296875 0.439713541015625
3 0.41391058984375 0.06848958203125 0.4041883671875 0.07708333203125 0.362521701171875 0.06770833203125 0.337521701171875 0.05598958203125 0.284743923828125 0.05364583203125 0.28335503515625 0.05911458203125 0.2916883671875 0.06380208203125 0.327799478515625 0.07473958203125 0.359743923828125 0.09036458203125 0.3736328125 0.10052083203125 0.387521701171875 0.12005208203125 0.431966146484375 0.14348958203125 0.477799478515625 0.18880208203125 0.481966146484375 0.20442708203125 0.494140625 0.2112752265625 0.494140625 0.0052336171875 0.477799478515625 0.01770833203125 0.477799478515625 0.04270833203125 0.4680772578125 0.05598958203125 0.41391058984375 0.06848958203125
12 0.259765625 0.22415364453125 0.259765625 0.589933267578125 0.2671006953125 0.59680989453125 0.261545138671875 0.60618489453125 0.259765625 0.605974162109375 0.259765625 0.665115115234375 0.2907118046875 0.66321614453125 0.72265625 0.635448287109375 0.72265625 0.25427864453125 0.3046006953125 0.223372396484375 0.27265625 0.227278646484375 0.26293402734375 0.22415364453125 0.259765625 0.22415364453125
8 0.40234375 0.6875 0.421875 0.6875 0.43359375 0.69140625 0.443359375 0.69140625 0.443359375 0.728515625 0.41796875 0.728515625 0.408203125 0.724609375 0.40234375 0.71875 0.40234375 0.689453125