10 0.384765625 0.791206337890625 0.439453125 0.806106544921875 0.439453125 0.770370513671875 0.4267578125 0.767881943359375 0.390646701171875 0.763194443359375 0.384765625 0.763014001953125 0.384765625 0.791206337890625
5 0.564453125 0.645872791015625 0.52417534765625 0.63608941015625 0.50473090234375 0.63687066015625 0.50390625 0.637257216796875 0.50390625 0.6772637265625 0.5213975703125 0.68218316015625 0.539453125 0.69390191015625 0.564453125 0.69487173828125 0.564453125 0.6866868359375 0.5575086796875 0.68530816015625 0.560286458984375 0.67905816015625 0.564453125 0.678697583984375 0.564453125 0.645872791015625
0 0.461027017578125 0.37890625 0.4509765625 0.384548611328125 0.4353515625 0.406770833984375 0.4251953125 0.465104166015625 0.4322265625 0.502604166015625 0.4423828125 0.5234375 0.4619140625 0.541493056640625 0.4876953125 0.54565972265625 0.4970703125 0.53315972265625 0.5056640625 0.53315972265625 0.5205078125 0.50815972265625 0.5234375 0.495510912109375 0.5234375 0.435763888671875 0.5197265625 0.419270833984375 0.5064453125 0.39565972265625 0.486147837890625 0.37890625 0.461027017578125 0.37890625
2 0.341796875 0.428316591796875 0.3678819453125 0.441731771484375 0.390104166015625 0.44641926953125 0.4164930546875 0.44485676953125 0.41796875 0.44422200390625 0.41796875 0.3840232265625 0.381770833984375 0.37220051953125 0.3539930546875 0.37063801953125 0.341796875 0.373382162109375 0.341796875 0.428316591796875
6 0.6291015625 0.427734375 0.6291015625 0.397178818359375 0.6212890625 0.38190104296875 0.6125 0.380859375 0.60927734375 0.380859375 0.6001953125 0.391623263671875 0.5962890625 0.412456595703125 0.5970703125 0.486067708984375 0.6009765625 0.506901041015625 0.607070314453125 0.513671875 0.62216796875 0.513671875 0.6298828125 0.49995659765625 0.6328125 0.464539931640625 0.6328125 0.447526041015625 0.6291015625 0.427734375
11 0.374240451171875 0.572721353515625 0.380859375 0.572307669921875 0.380859375 0.53639084765625 0.346462673828125 0.525065103515625 0.33203125 0.524210611328125 0.33203125 0.55599355859375 0.374240451171875 0.572721353515625
1 0.5951171875 0.5370225703125 0.5865234375 0.563411458984375 0.5880859375 0.62174479296875 0.5857421875 0.666189236328125 0.5912109375 0.67730034765625 0.6029296875 0.68424479296875 0.6115234375 0.675911458984375 0.6171875 0.653534916015625 0.6171875 0.545355904296875 0.6162109375 0.538411458984375 0.60888671875 0.529296875 0.607430013671875 0.529296875 0.5951171875 0.5370225703125
8 0.6015625 0.774923009765625 0.56640625 0.7752825625 0.56640625 0.807408119140625 0.6015625 0.80976233203125 0.6015625 0.774923009765625
9 0.4435546875 0.633094619140625 0.4591796875 0.627539064453125 0.4646484375 0.610872396484375 0.4638671875 0.585872396484375 0.455345458984375 0.57421875 0.440258791015625 0.57421875 0.4365234375 0.577539064453125 0.4318359375 0.592816841796875 0.4333984375 0.6219835078125 0.4435546875 0.633094619140625
7 0.403580728515625 0.639539931640625 0.40913628515625 0.639539931640625 0.4140625 0.6353834375 0.4140625 0.60490081640625 0.3869140625 0.596571181640625 0.37109375 0.597206818359375 0.37109375 0.629097689453125 0.403580728515625 0.639539931640625
4 0.564453125 0.48973667578125 0.564453125 0.45509936328125 0.527170138671875 0.447960068359375 0.521484375 0.447960068359375 0.521484375 0.4842642421875 0.564453125 0.48973667578125
12 0.64921875 0.251692708984375 0.5547743046875 0.24622395703125 0.528385416015625 0.24153645703125 0.46449652734375 0.24075520703125 0.447829861328125 0.23684895703125 0.33394097265625 0.23059895703125 0.310329861328125 0.22122395703125 0.29644097265625 0.22669270703125 0.2811631953125 0.22747395703125 0.26171875 0.22598645703125 0.26171875 0.66603269921875 0.3297743046875 0.66184895703125 0.7265625 0.6336679765625 0.7265625 0.258497255859375 0.71171875 0.26028645703125 0.6936631953125 0.25481770703125 0.663107638671875 0.255598958984375 0.64921875 0.251692708984375
3 0.462890625 0.59950909765625 0.462890625 0.594791666015625 0.4623046875 0.582291666015625 0.45732421875 0.580078125 0.455631509765625 0.580078125 0.4498046875 0.58784722265625 0.4380859375 0.610069443359375 0.4287109375 0.642013888671875 0.3935546875 0.68090277734375 0.3833984375 0.676736111328125 0.375 0.6835227265625 0.375 0.68625 0.3787109375 0.735069443359375 0.3943359375 0.719791666015625 0.4107421875 0.7211805546875 0.4240234375 0.73645833203125 0.4224609375 0.753125 0.426910400390625 0.763671875 0.4272991953125 0.763671875 0.4419921875 0.7086805546875 0.4443359375 0.6836805546875 0.4404296875 0.66284722265625 0.462890625 0.59950909765625