10 0.411328125 0.683441841796875 0.393359375 0.775108505859375 0.388671875 0.8112196171875 0.386328125 0.887608505859375 0.386328125 0.894552951171875 0.391796875 0.902886283203125 0.396484375 0.904275171875 0.400390625 0.897330728515625 0.410546875 0.827886283203125 0.416015625 0.819552951171875 0.439453125 0.733531443359375 0.439453125 0.69038628515625 0.436328125 0.677886283203125 0.432333375 0.673828125 0.418087767578125 0.673828125 0.411328125 0.683441841796875
5 0.50390625 0.644559654296875 0.5143663203125 0.64663628515625 0.511588541015625 0.65288628515625 0.50390625 0.653551099609375 0.50390625 0.685217716796875 0.54769965234375 0.69585503515625 0.564453125 0.695181904296875 0.564453125 0.65369194921875 0.5504774296875 0.64976128515625 0.532421875 0.63804253515625 0.50390625 0.636936326171875 0.50390625 0.644559654296875
0 0.461027017578125 0.37890625 0.4509765625 0.384548611328125 0.4353515625 0.406770833984375 0.4251953125 0.465104166015625 0.4322265625 0.502604166015625 0.4423828125 0.5234375 0.4619140625 0.541493056640625 0.4876953125 0.54565972265625 0.4970703125 0.53315972265625 0.5056640625 0.53315972265625 0.5205078125 0.50815972265625 0.5234375 0.495510912109375 0.5234375 0.435763888671875 0.5197265625 0.419270833984375 0.5064453125 0.39565972265625 0.486147837890625 0.37890625 0.461027017578125 0.37890625
2 0.3778271484375 0.33984375 0.3712890625 0.344314234375 0.3595703125 0.3651475703125 0.3455078125 0.408203125 0.3439453125 0.43598090234375 0.3486328125 0.456814236328125 0.3673828125 0.477647568359375 0.3767578125 0.47903645703125 0.3900390625 0.470703125 0.4150390625 0.42209201171875 0.41796875 0.408203125 0.41796875 0.373026841796875 0.4080078125 0.349869791015625 0.4001953125 0.341536458984375 0.39257812109375 0.33984375 0.3778271484375 0.33984375
6 0.595703125 0.466400619140625 0.6328125 0.46600676953125 0.6328125 0.43002394921875 0.62113715234375 0.429058158203125 0.59613715234375 0.43374566015625 0.595703125 0.43374566015625 0.595703125 0.466400619140625
11 0.3349609375 0.5889539921875 0.3623046875 0.593120658203125 0.380859375 0.53676938671875 0.380859375 0.50874566015625 0.372692873046875 0.50390625 0.357195767578125 0.50390625 0.3333984375 0.5639539921875 0.3349609375 0.5889539921875
1 0.5951171875 0.5370225703125 0.5865234375 0.563411458984375 0.5880859375 0.62174479296875 0.5857421875 0.666189236328125 0.5912109375 0.67730034765625 0.6029296875 0.68424479296875 0.6115234375 0.675911458984375 0.6171875 0.653534916015625 0.6171875 0.545355904296875 0.6162109375 0.538411458984375 0.60888671875 0.529296875 0.607430013671875 0.529296875 0.5951171875 0.5370225703125
8 0.6015625 0.810844529296875 0.6015625 0.778598361328125 0.566623263671875 0.7762586796875 0.56640625 0.776285806640625 0.56640625 0.811204080078125 0.6015625 0.810844529296875
9 0.4403428828125 0.618988716796875 0.46484375 0.618223064453125 0.46484375 0.588153755859375 0.4583984375 0.586176216796875 0.431640625 0.587609671875 0.431640625 0.6161332890625 0.4403428828125 0.618988716796875
7 0.403580728515625 0.639539931640625 0.40913628515625 0.639539931640625 0.4140625 0.6353834375 0.4140625 0.60490081640625 0.3869140625 0.596571181640625 0.37109375 0.597206818359375 0.37109375 0.629097689453125 0.403580728515625 0.639539931640625
4 0.564453125 0.48973667578125 0.564453125 0.45509936328125 0.527170138671875 0.447960068359375 0.521484375 0.447960068359375 0.521484375 0.4842642421875 0.564453125 0.48973667578125
12 0.262890625 0.02690972265625 0.278515625 0.281076388671875 0.317578125 0.83107638671875 0.334765625 0.84357638671875 0.350390625 0.846354166015625 0.565234375 0.874131943359375 0.592578125 0.8727430546875 0.653515625 0.88802083203125 0.669140625 0.88802083203125 0.671484375 0.883854166015625 0.677734375 0.801909720703125 0.676171875 0.7727430546875 0.679296875 0.764409720703125 0.682421875 0.68246527734375 0.680078125 0.66302083203125 0.685546875 0.64496527734375 0.684765625 0.614409720703125 0.688671875 0.60052083203125 0.694140625 0.50607638671875 0.698828125 0.479687498046875 0.699609375 0.415798611328125 0.703515625 0.399131943359375 0.709765625 0.2852430546875 0.719140625 0.2616319453125 0.713671875 0.247743056640625 0.712890625 0.23246527734375 0.726171875 0.058854166015625 0.7265625 0.034548609375 0.7265625 0.010203931640625 0.68318483203125 0.005859375 0.328051130859375 0.005859375 0.264453125 0.00607638671875 0.262890625 0.02690972265625
3 0.584375 0.44858941015625 0.56875 0.4513671875 0.559375 0.444422744140625 0.54453125 0.4208116328125 0.539170736328125 0.400390625 0.53819275 0.400390625 0.515625 0.41108941015625 0.503125 0.4388671875 0.46484375 0.462478298828125 0.46171875 0.4708116328125 0.46328125 0.484700521484375 0.490625 0.484700521484375 0.496875 0.47358941015625 0.51640625 0.472200521484375 0.52578125 0.48608941015625 0.5453125 0.4958116328125 0.55078125 0.509700521484375 0.54921875 0.522200521484375 0.553125 0.531922744140625 0.5630648515625 0.546875 0.5671875 0.546875 0.5671875 0.51664496484375 0.57734375 0.493033853515625 0.58515625 0.45414496484375 0.584375 0.44858941015625