11 0.466796875 0.580078125 0.48046875 0.5703125 0.494140625 0.5703125 0.494140625 0.609375 0.490234375 0.609375 0.48828125 0.61328125 0.4609375 0.630859375 0.44140625 0.646484375 0.41796875 0.646484375 0.416015625 0.64453125 0.416015625 0.6171875 0.466796875 0.58203125
0 0.478515625 0.3671875 0.48046875 0.369140625 0.494140625 0.37109375 0.498046875 0.375 0.509765625 0.37890625 0.509765625 0.455078125 0.4921875 0.4609375 0.4453125 0.4609375 0.4140625 0.44921875 0.4140625 0.375 0.439453125 0.3671875 0.4765625 0.3671875
5 0.50390625 0.310546875 0.51171875 0.306640625 0.517578125 0.306640625 0.5234375 0.294921875 0.53125 0.287109375 0.546875 0.287109375 0.552734375 0.29296875 0.55859375 0.306640625 0.55859375 0.33203125 0.556640625 0.333984375 0.55859375 0.3359375 0.55859375 0.375 0.5546875 0.38671875 0.544921875 0.39453125 0.53515625 0.392578125 0.52734375 0.380859375 0.52734375 0.37109375 0.5234375 0.361328125 0.5234375 0.349609375 0.51953125 0.3359375 0.51171875 0.330078125 0.505859375 0.333984375 0.505859375 0.353515625 0.50390625 0.353515625 0.50390625 0.3359375 0.501953125 0.333984375 0.50390625 0.328125 0.50390625 0.3125
6 0.462890625 0.1953125 0.470703125 0.1953125 0.47265625 0.193359375 0.501953125 0.1953125 0.509765625 0.19140625 0.515625 0.19140625 0.515625 0.232421875 0.4921875 0.240234375 0.462890625 0.240234375 0.462890625 0.197265625
1 0.33984375 0.568049044921875 0.33984375 0.609762912109375 0.342838541015625 0.609201388671875 0.41015625 0.581662326171875 0.41015625 0.542580837890625 0.3942274296875 0.543576388671875 0.33984375 0.568049044921875
10 0.5978515625 0.326323783203125 0.5939453125 0.3471571171875 0.5916015625 0.376323783203125 0.5978515625 0.4166015625 0.5916015625 0.4221571171875 0.5900390625 0.438823783203125 0.6095703125 0.463823783203125 0.6384765625 0.477712673828125 0.6462890625 0.477712673828125 0.6501953125 0.4721571171875 0.6501953125 0.463823783203125 0.6439453125 0.4541015625 0.6455078125 0.438823783203125 0.6353515625 0.44437933984375 0.6291015625 0.4346571171875 0.6337890625 0.411046005859375 0.6423828125 0.405490451171875 0.6478515625 0.38743489453125 0.6494140625 0.340212673828125 0.6416015625 0.320768228515625 0.6337890625 0.313823783203125 0.6181640625 0.305490451171875 0.6072265625 0.30687933984375 0.5978515625 0.326323783203125
7 0.626953125 0.263947212890625 0.611458333984375 0.256684029296875 0.590625 0.25902777734375 0.583984375 0.267073150390625 0.583984375 0.286985734375 0.598958333984375 0.294965279296875 0.6100694453125 0.298871529296875 0.626953125 0.298871529296875 0.626953125 0.263947212890625
12 0.2671875 0.365234375 0.278125 0.4207899296875 0.2765625 0.4346788203125 0.28125 0.458289931640625 0.290625 0.656901041015625 0.2984375 0.736067708984375 0.31171875 0.98051215234375 0.316318359375 0.994140625 0.31814778125 0.994140625 0.48359375 0.969401041015625 0.4921875 0.9582899296875 0.51015625 0.959678818359375 0.515625 0.965234375 0.66875 0.94440104296875 0.7015625 0.486067708984375 0.72265625 0.1346788203125 0.72265625 0.118012154296875 0.718896484375 0.111328125 0.71567383984375 0.111328125 0.70234375 0.112456599609375 0.69140625 0.129123263671875 0.671875 0.1346788203125 0.659375 0.13190104296875 0.65859375 0.13745659765625 0.6453125 0.14301215234375 0.6453125 0.1707899296875 0.63828125 0.191623263671875 0.63125 0.19995659765625 0.63828125 0.2221788203125 0.6390625 0.240234375 0.61875 0.265234376953125 0.60078125 0.236067708984375 0.5796875 0.2221788203125 0.54765625 0.1596788203125 0.53515625 0.154123265625 0.51953125 0.13190104296875 0.49609375 0.127734375 0.48455810546875 0.111328125 0.28461914453125 0.111328125 0.271875 0.113845486328125 0.26875 0.119401041015625 0.26171875 0.116623263671875 0.2625 0.20551215234375 0.26875 0.25134548828125 0.2703125 0.3221788203125 0.2734375 0.341623265625 0.2671875 0.365234375
4 0.55040283203125 0.578125 0.559765625 0.575564236328125 0.564453125 0.564849951171875 0.564453125 0.539453125 0.554296875 0.485286458984375 0.548046875 0.476953125 0.541796875 0.476953125 0.525390625 0.48667534765625 0.522265625 0.4963975703125 0.530078125 0.560286458984375 0.549374625 0.578125 0.55040283203125 0.578125
3 0.303255208984375 0.79761284765625 0.287109375 0.78701714453125 0.287109375 0.99201980859375 0.299088541015625 0.98589409765625 0.303255208984375 0.97495659765625 0.353255208984375 0.92261284765625 0.399088541015625 0.89683159765625 0.41019965234375 0.87964409765625 0.44769965234375 0.85776909765625 0.4893663203125 0.84448784765625 0.494140625 0.841418650390625 0.494140625 0.834423150390625 0.440755208984375 0.83667534765625 0.418532986328125 0.84839409765625 0.3768663203125 0.85776909765625 0.36714409765625 0.84917534765625 0.344921875 0.84292534765625 0.3143663203125 0.84058159765625 0.303255208984375 0.82417534765625 0.303255208984375 0.79761284765625
2 0.533203125 0.568359375 0.541015625 0.572265625 0.548828125 0.580078125 0.55859375 0.615234375 0.55859375 0.673828125 0.552734375 0.693359375 0.541015625 0.70703125 0.51953125 0.70703125 0.51171875 0.69921875 0.50390625 0.68359375 0.50390625 0.669921875 0.49609375 0.64453125 0.49609375 0.6015625 0.5 0.58984375 0.51171875 0.572265625 0.517578125 0.568359375 0.53125 0.568359375
8 0.40234375 0.310546875 0.40234375 0.279296875 0.4375 0.26953125 0.443359375 0.26953125 0.443359375 0.306640625 0.43359375 0.306640625 0.419921875 0.310546875 0.404296875 0.310546875