10 0.436697048828125 0.8131944453125 0.439453125 0.813279005859375 0.439453125 0.784331111328125 0.384765625 0.76943090234375 0.384765625 0.8054058046875 0.4005859375 0.8085069453125 0.436697048828125 0.8131944453125
5 0.564453125 0.647352431640625 0.564453125 0.6219308046875 0.5599609375 0.620789931640625 0.5552734375 0.64440104296875 0.5490234375 0.641623263671875 0.5474609375 0.623567708984375 0.5396484375 0.61245659765625 0.530126947265625 0.611328125 0.52760009765625 0.611328125 0.5208984375 0.616623263671875 0.5060546875 0.677734375 0.5068359375 0.6971788203125 0.5146484375 0.713845486328125 0.523134763671875 0.720703125 0.534287111328125 0.720703125 0.5427734375 0.713845486328125 0.5521484375 0.68051215234375 0.5638671875 0.66245659765625 0.564453125 0.647352431640625
0 0.423828125 0.503548177734375 0.428342013671875 0.506228298828125 0.451953125 0.511697048828125 0.489453125 0.511697048828125 0.51723090234375 0.505447048828125 0.5234375 0.501955837890625 0.5234375 0.419976322265625 0.4713975703125 0.410915798828125 0.4338975703125 0.417947048828125 0.423828125 0.42285590234375 0.423828125 0.503548177734375
2 0.341796875 0.428316591796875 0.3678819453125 0.441731771484375 0.390104166015625 0.44641926953125 0.4164930546875 0.44485676953125 0.41796875 0.44422200390625 0.41796875 0.3840232265625 0.381770833984375 0.37220051953125 0.3539930546875 0.37063801953125 0.341796875 0.373382162109375 0.341796875 0.428316591796875
6 0.6291015625 0.427734375 0.6291015625 0.397178818359375 0.6212890625 0.38190104296875 0.6125 0.380859375 0.60927734375 0.380859375 0.6001953125 0.391623263671875 0.5962890625 0.412456595703125 0.5970703125 0.486067708984375 0.6009765625 0.506901041015625 0.607070314453125 0.513671875 0.62216796875 0.513671875 0.6298828125 0.49995659765625 0.6328125 0.464539931640625 0.6328125 0.447526041015625 0.6291015625 0.427734375
11 0.3337890625 0.586046005859375 0.3455078125 0.592990451171875 0.3587890625 0.592990451171875 0.380859375 0.537300486328125 0.380859375 0.5067900546875 0.361934408203125 0.50390625 0.353708556640625 0.50390625 0.3353515625 0.5596571171875 0.3337890625 0.586046005859375
1 0.6171875 0.622711458984375 0.6171875 0.59189259375 0.58754340234375 0.5926866328125 0.583984375 0.59249894921875 0.583984375 0.62297451171875 0.6171875 0.622711458984375
8 0.58671875 0.847135416015625 0.59765625 0.83324652734375 0.6015625 0.774913193359375 0.5984375 0.7499131953125 0.59140625 0.741579859375 0.585729986328125 0.740234375 0.578442380859375 0.740234375 0.56640625 0.754079859375 0.5671875 0.830468751953125 0.5765625 0.844357640625 0.58671875 0.847135416015625
9 0.4376953125 0.578016494140625 0.4322265625 0.594683162109375 0.4330078125 0.619683162109375 0.4431640625 0.63357205078125 0.4541015625 0.63357205078125 0.4603515625 0.628016494140625 0.46484375 0.613375291015625 0.46484375 0.6090928828125 0.4634765625 0.58357205078125 0.454927060546875 0.57421875 0.44837646875 0.57421875 0.4376953125 0.578016494140625
7 0.37109375 0.623719619140625 0.371875 0.643164064453125 0.39296875 0.65983073046875 0.3984375 0.655664064453125 0.4140625 0.607052953125 0.4140625 0.601497396484375 0.4 0.58483073046875 0.390625 0.57649739453125 0.38046875 0.593164064453125 0.37109375 0.623719619140625
4 0.535546875 0.42152777734375 0.523046875 0.4868055546875 0.523046875 0.4993055546875 0.529296875 0.51458333203125 0.548046875 0.52152777734375 0.557421875 0.507638890625 0.564453125 0.4524305546875 0.564453125 0.429861111328125 0.560546875 0.422916666015625 0.551640625 0.41796875 0.5435546875 0.41796875 0.535546875 0.42152777734375
12 0.27734375 0.63138020703125 0.2953993046875 0.63684895703125 0.325954861328125 0.63606770703125 0.33984375 0.63997395703125 0.4342881953125 0.64544270703125 0.460677083984375 0.650130208984375 0.52456597265625 0.65091145703125 0.541232638671875 0.65481770703125 0.65512152734375 0.66106770703125 0.678732638671875 0.67044270703125 0.69262152734375 0.66497395703125 0.7078993046875 0.66419270703125 0.7265625 0.66562044140625 0.7265625 0.2256819921875 0.6592881953125 0.22981770703125 0.26171875 0.258054173828125 0.26171875 0.633263578125 0.27734375 0.63138020703125
3 0.4455078125 0.446419271484375 0.4275390625 0.4450303828125 0.4166015625 0.4325303828125 0.4142578125 0.408919271484375 0.411840818359375 0.408203125 0.4092041015625 0.408203125 0.3861328125 0.4505859375 0.3783203125 0.4936414921875 0.3501953125 0.5380859375 0.3509765625 0.5505859375 0.3556640625 0.554752603515625 0.3791015625 0.542252603515625 0.3916015625 0.5186414921875 0.4072265625 0.51030816015625 0.4134765625 0.5200303828125 0.4345703125 0.52280816015625 0.4486328125 0.5450303828125 0.4533203125 0.56586371484375 0.47265625 0.58098871484375 0.47265625 0.556969484375 0.4634765625 0.5255859375 0.4666015625 0.48530816015625 0.4626953125 0.433919271484375 0.4455078125 0.446419271484375