0 0.482421875 0.341796875 0.494140625 0.3515625 0.501953125 0.36328125 0.501953125 0.369140625 0.505859375 0.375 0.505859375 0.380859375 0.509765625 0.390625 0.509765625 0.4296875 0.5078125 0.431640625 0.505859375 0.4453125 0.501953125 0.44921875 0.501953125 0.453125 0.498046875 0.45703125 0.498046875 0.4609375 0.494140625 0.466796875 0.482421875 0.48046875 0.46875 0.486328125 0.44140625 0.484375 0.427734375 0.470703125 0.421875 0.4609375 0.416015625 0.443359375 0.416015625 0.435546875 0.4140625 0.43359375 0.4140625 0.404296875 0.421875 0.376953125 0.42578125 0.373046875 0.4296875 0.361328125 0.44140625 0.34765625 0.4453125 0.34765625 0.44921875 0.34375 0.4609375 0.33984375 0.48046875 0.341796875
5 0.52734375 0.291015625 0.53515625 0.302734375 0.53515625 0.3125 0.5390625 0.322265625 0.5390625 0.333984375 0.54296875 0.34765625 0.55078125 0.353515625 0.556640625 0.349609375 0.556640625 0.330078125 0.55859375 0.330078125 0.55859375 0.373046875 0.55078125 0.376953125 0.544921875 0.376953125 0.5390625 0.388671875 0.533203125 0.39453125 0.513671875 0.39453125 0.509765625 0.390625 0.50390625 0.376953125 0.50390625 0.3515625 0.505859375 0.349609375 0.50390625 0.34765625 0.50390625 0.30859375 0.5078125 0.296875 0.513671875 0.291015625 0.517578125 0.2890625 0.5234375 0.2890625 0.525390625 0.291015625
6 0.515625 0.189453125 0.515625 0.234375 0.509765625 0.234375 0.5078125 0.236328125 0.478515625 0.234375 0.470703125 0.23828125 0.462890625 0.23828125 0.462890625 0.197265625 0.46875 0.197265625 0.474609375 0.193359375 0.48046875 0.193359375 0.48828125 0.189453125 0.513671875 0.189453125
1 0.393798828125 0.638671875 0.40625 0.632161458984375 0.409375 0.6168836796875 0.4078125 0.60855034765625 0.3765625 0.532161458984375 0.35234375 0.51410590234375 0.340625 0.532161458984375 0.3421875 0.557161458984375 0.3734375 0.62660590234375 0.39229058203125 0.638671875 0.393798828125 0.638671875
10 0.650390625 0.363717796875 0.6360460078125 0.362565103515625 0.595768228515625 0.368815103515625 0.590212673828125 0.362565103515625 0.58984375 0.362530517578125 0.58984375 0.402473478515625 0.60132378515625 0.404752603515625 0.60687933984375 0.413346353515625 0.624934896484375 0.418815103515625 0.650390625 0.419657388671875 0.650390625 0.363717796875
7 0.588510744140625 0.310546875 0.59453125 0.3046006953125 0.61484375 0.30876736328125 0.6265625 0.28376736328125 0.62421875 0.262934029296875 0.60234375 0.244878474609375 0.58828125 0.27126736328125 0.584375 0.282378474609375 0.584375 0.3046006953125 0.58705078125 0.310546875 0.588510744140625 0.310546875
12 0.5596788203125 0.761371529296875 0.72265625 0.771155005859375 0.72265625 0.33026801171875 0.704123263671875 0.333246529296875 0.68051215234375 0.32699652734375 0.62495659765625 0.33793402734375 0.611067708984375 0.33637152734375 0.58745659765625 0.341059029296875 0.388845486328125 0.35043402734375 0.3096788203125 0.35824652734375 0.26171875 0.3608523125 0.26171875 0.740040294921875 0.5596788203125 0.761371529296875
4 0.564453125 0.56783854296875 0.564453125 0.541380208984375 0.558984375 0.496657986328125 0.539453125 0.4786024296875 0.529296875 0.481380208984375 0.523828125 0.493880208984375 0.523046875 0.509157986328125 0.534765625 0.571657986328125 0.539615884765625 0.578125 0.550415041015625 0.578125 0.563671875 0.57026909765625 0.564453125 0.56783854296875
3 0.3375 0.842013888671875 0.34921875 0.864236111328125 0.35859375 0.90590277734375 0.35 0.915625 0.34375 0.93784722265625 0.34140625 0.96840277734375 0.325 0.979513888671875 0.2984375 0.979513888671875 0.2875 0.996180556640625 0.4265990625 0.998046875 0.494065162109375 0.998046875 0.48671875 0.983680556640625 0.47578125 0.979513888671875 0.4234375 0.929513888671875 0.39765625 0.883680556640625 0.38046875 0.8725694453125 0.35859375 0.8350694453125 0.3453125 0.79340277734375 0.3390625 0.783680556640625 0.33515625 0.786458333984375 0.3375 0.842013888671875
2 0.494140625 0.607421875 0.50390625 0.607421875 0.505859375 0.60546875 0.55859375 0.60546875 0.55859375 0.662109375 0.552734375 0.662109375 0.53515625 0.66796875 0.494140625 0.66796875 0.494140625 0.609375
8 0.40234375 0.310546875 0.40234375 0.27734375 0.404296875 0.275390625 0.416015625 0.275390625 0.4296875 0.271484375 0.443359375 0.271484375 0.443359375 0.3046875 0.4375 0.3046875 0.419921875 0.310546875 0.404296875 0.310546875
11 0.466796875 0.580078125 0.48046875 0.5703125 0.494140625 0.5703125 0.494140625 0.609375 0.490234375 0.609375 0.48828125 0.61328125 0.4609375 0.630859375 0.44140625 0.646484375 0.41796875 0.646484375 0.416015625 0.64453125 0.416015625 0.6171875 0.466796875 0.58203125