10 0.384765625 0.23056909765625 0.439453125 0.215668888671875 0.439453125 0.186720994140625 0.436697048828125 0.1868055546875 0.4005859375 0.1914930546875 0.384765625 0.1945941953125 0.384765625 0.23056909765625
5 0.5552734375 0.35559895703125 0.5599609375 0.379210068359375 0.564453125 0.3780691953125 0.564453125 0.352647568359375 0.5638671875 0.33754340234375 0.5521484375 0.31948784765625 0.5427734375 0.286154513671875 0.534287111328125 0.279296875 0.523134763671875 0.279296875 0.5146484375 0.286154513671875 0.5068359375 0.3028211796875 0.5060546875 0.322265625 0.5208984375 0.383376736328125 0.52760009765625 0.388671875 0.530126947265625 0.388671875 0.5396484375 0.38754340234375 0.5474609375 0.376432291015625 0.5490234375 0.358376736328125 0.5552734375 0.35559895703125
0 0.5234375 0.498044162109375 0.51723090234375 0.494552951171875 0.489453125 0.488302951171875 0.451953125 0.488302951171875 0.428342013671875 0.493771701171875 0.423828125 0.496451822265625 0.423828125 0.57714409765625 0.4338975703125 0.582052951171875 0.4713975703125 0.589084201171875 0.5234375 0.580023677734375 0.5234375 0.498044162109375
2 0.4164930546875 0.55514323046875 0.390104166015625 0.55358073046875 0.3678819453125 0.558268228515625 0.341796875 0.571683408203125 0.341796875 0.626617837890625 0.3539930546875 0.62936198046875 0.381770833984375 0.62779948046875 0.41796875 0.6159767734375 0.41796875 0.55577799609375 0.4164930546875 0.55514323046875
6 0.6328125 0.552473958984375 0.6328125 0.535460068359375 0.6298828125 0.50004340234375 0.62216796875 0.486328125 0.607070314453125 0.486328125 0.6009765625 0.493098958984375 0.5970703125 0.513932291015625 0.5962890625 0.587543404296875 0.6001953125 0.608376736328125 0.60927734375 0.619140625 0.6125 0.619140625 0.6212890625 0.61809895703125 0.6291015625 0.602821181640625 0.6291015625 0.572265625 0.6328125 0.552473958984375
11 0.342165798828125 0.476888021484375 0.380859375 0.461553494140625 0.380859375 0.42858544140625 0.369943576171875 0.429231771484375 0.33203125 0.44171509765625 0.33203125 0.476254611328125 0.342165798828125 0.476888021484375
1 0.6171875 0.377288541015625 0.583984375 0.37702548828125 0.583984375 0.40750105078125 0.58754340234375 0.4073133671875 0.6171875 0.40810740625 0.6171875 0.377288541015625
8 0.6015625 0.189155470703125 0.56640625 0.188795919921875 0.56640625 0.223714193359375 0.566623263671875 0.2237413203125 0.6015625 0.221401638671875 0.6015625 0.189155470703125
9 0.4565321171875 0.413433158203125 0.46484375 0.410705904296875 0.46484375 0.382033185546875 0.4384765625 0.380620658203125 0.431640625 0.382718048828125 0.431640625 0.412655298828125 0.4565321171875 0.413433158203125
7 0.38671875 0.419552953125 0.3921875 0.423719619140625 0.41328125 0.407052953125 0.4140625 0.3876085078125 0.4046875 0.357052953125 0.39453125 0.340386283203125 0.38515625 0.3487196171875 0.37109375 0.365386283203125 0.37109375 0.370941841796875 0.38671875 0.419552953125
4 0.564453125 0.51026332421875 0.521484375 0.5157357578125 0.521484375 0.552039931640625 0.527170138671875 0.552039931640625 0.564453125 0.54490063671875 0.564453125 0.51026332421875
12 0.262109375 0.118576388671875 0.262890625 0.1671875 0.276171875 0.34079861328125 0.275390625 0.356076390625 0.269921875 0.369965279296875 0.279296875 0.393576390625 0.285546875 0.507465279296875 0.289453125 0.5241319453125 0.290234375 0.58802083203125 0.294921875 0.61440972265625 0.300390625 0.70885416796875 0.304296875 0.7227430546875 0.303515625 0.75329861328125 0.308984375 0.77135416796875 0.306640625 0.79079861328125 0.309765625 0.872743056640625 0.312890625 0.881076390625 0.311328125 0.9102430546875 0.317578125 0.9921875 0.3186767578125 0.994140625 0.344375884765625 0.994140625 0.396484375 0.981076388671875 0.423828125 0.98246527734375 0.638671875 0.954687501953125 0.654296875 0.95190972265625 0.671484375 0.93940972265625 0.710546875 0.38940972265625 0.726171875 0.135243056640625 0.724609375 0.11440972265625 0.317578125 0.113020833984375 0.262109375 0.118576388671875
3 0.39921875 0.431640625 0.403125 0.430251736328125 0.41328125 0.420529515625 0.4171875 0.408029515625 0.42734375 0.395529515625 0.46015625 0.37330729296875 0.46875 0.37330729296875 0.48203125 0.384418404296875 0.503125 0.381640625 0.503125 0.36636284765625 0.49765625 0.358029515625 0.46875 0.337196181640625 0.46015625 0.314973958984375 0.4453125 0.306640625 0.440625 0.31636284765625 0.4390625 0.334418404296875 0.43046875 0.3385850703125 0.42734375 0.3510850703125 0.41015625 0.358029515625 0.39609375 0.345529515625 0.3953125 0.371918404296875 0.40078125 0.399696181640625 0.39609375 0.41080729296875 0.39609375 0.4260850703125 0.39921875 0.431640625