11 0.494140625 0.568359375 0.494140625 0.6015625 0.44921875 0.6328125 0.447265625 0.63671875 0.43359375 0.646484375 0.419921875 0.646484375 0.416015625 0.642578125 0.416015625 0.611328125 0.419921875 0.607421875 0.423828125 0.607421875 0.42578125 0.603515625 0.453125 0.5859375 0.47265625 0.5703125 0.4921875 0.568359375
0 0.482421875 0.341796875 0.494140625 0.3515625 0.501953125 0.36328125 0.501953125 0.369140625 0.505859375 0.375 0.505859375 0.380859375 0.509765625 0.390625 0.509765625 0.4296875 0.5078125 0.431640625 0.505859375 0.4453125 0.501953125 0.44921875 0.501953125 0.453125 0.498046875 0.45703125 0.498046875 0.4609375 0.494140625 0.466796875 0.482421875 0.48046875 0.46875 0.486328125 0.44140625 0.484375 0.427734375 0.470703125 0.421875 0.4609375 0.416015625 0.443359375 0.416015625 0.435546875 0.4140625 0.43359375 0.4140625 0.404296875 0.421875 0.376953125 0.42578125 0.373046875 0.4296875 0.361328125 0.44140625 0.34765625 0.4453125 0.34765625 0.44921875 0.34375 0.4609375 0.33984375 0.48046875 0.341796875
5 0.50390625 0.310546875 0.51171875 0.306640625 0.517578125 0.306640625 0.5234375 0.294921875 0.53125 0.287109375 0.546875 0.287109375 0.552734375 0.29296875 0.55859375 0.306640625 0.55859375 0.33203125 0.556640625 0.333984375 0.55859375 0.3359375 0.55859375 0.375 0.5546875 0.38671875 0.544921875 0.39453125 0.53515625 0.392578125 0.52734375 0.380859375 0.52734375 0.37109375 0.5234375 0.361328125 0.5234375 0.349609375 0.51953125 0.3359375 0.51171875 0.330078125 0.505859375 0.333984375 0.505859375 0.353515625 0.50390625 0.353515625 0.50390625 0.3359375 0.501953125 0.333984375 0.50390625 0.328125 0.50390625 0.3125
6 0.486328125 0.14453125 0.4921875 0.158203125 0.501953125 0.1640625 0.5078125 0.171875 0.509765625 0.1953125 0.51171875 0.197265625 0.509765625 0.2265625 0.513671875 0.234375 0.513671875 0.248046875 0.515625 0.25 0.515625 0.267578125 0.513671875 0.2734375 0.501953125 0.283203125 0.49609375 0.28515625 0.48046875 0.28515625 0.4765625 0.283203125 0.4765625 0.279296875 0.47265625 0.2734375 0.47265625 0.236328125 0.46875 0.23046875 0.46875 0.224609375 0.46484375 0.216796875 0.46484375 0.1796875 0.474609375 0.1640625 0.478515625 0.14453125 0.48046875 0.142578125 0.484375 0.14453125
1 0.340625 0.53589409765625 0.3421875 0.5442274296875 0.3734375 0.620616318359375 0.39765625 0.638671875 0.409375 0.620616318359375 0.4078125 0.595616318359375 0.3765625 0.526171875 0.35703125 0.513671875 0.34375 0.520616318359375 0.340625 0.53589409765625
10 0.624934896484375 0.418815103515625 0.650390625 0.419657388671875 0.650390625 0.363717796875 0.6360460078125 0.362565103515625 0.595768228515625 0.368815103515625 0.590212673828125 0.362565103515625 0.58984375 0.362530517578125 0.58984375 0.402473478515625 0.60132378515625 0.404752603515625 0.60687933984375 0.413346353515625 0.624934896484375 0.418815103515625
7 0.626953125 0.263947212890625 0.611458333984375 0.256684029296875 0.590625 0.25902777734375 0.583984375 0.267073150390625 0.583984375 0.286985734375 0.598958333984375 0.294965279296875 0.6100694453125 0.298871529296875 0.626953125 0.298871529296875 0.626953125 0.263947212890625
3 0.301171875 0.9778428828125 0.285261232421875 0.998046875 0.494140625 0.998046875 0.494140625 0.997287328125 0.486328125 0.9833984375 0.474609375 0.979231771484375 0.426171875 0.934787328125 0.405078125 0.89312066015625 0.372265625 0.861176216796875 0.358203125 0.833398439453125 0.344921875 0.791731771484375 0.34122314453125 0.78515625 0.340289310546875 0.78515625 0.335546875 0.78756510546875 0.337109375 0.834787328125 0.350390625 0.8653428828125 0.358984375 0.904231771484375 0.350390625 0.9153428828125 0.338671875 0.96950955078125 0.326953125 0.9778428828125 0.301171875 0.9778428828125
12 0.26171875 0.3608523125 0.26171875 0.740040294921875 0.5596788203125 0.761371529296875 0.72265625 0.771155005859375 0.72265625 0.33026801171875 0.704123263671875 0.333246529296875 0.68051215234375 0.32699652734375 0.62495659765625 0.33793402734375 0.611067708984375 0.33637152734375 0.58745659765625 0.341059029296875 0.388845486328125 0.35043402734375 0.3096788203125 0.35824652734375 0.26171875 0.3608523125
4 0.560546875 0.57417534765625 0.564453125 0.564254712890625 0.564453125 0.540842013671875 0.553515625 0.482508681640625 0.541015625 0.476953125 0.525390625 0.48667534765625 0.522265625 0.4963975703125 0.530078125 0.56167534765625 0.5493550625 0.578125 0.55017903515625 0.578125 0.560546875 0.57417534765625
8 0.40234375 0.310546875 0.40234375 0.27734375 0.404296875 0.275390625 0.416015625 0.275390625 0.4296875 0.271484375 0.443359375 0.271484375 0.443359375 0.3046875 0.4375 0.3046875 0.419921875 0.310546875 0.404296875 0.310546875
11 0.484375 0.619140625 0.494140625 0.6328125 0.494140625 0.646484375 0.490234375 0.650390625 0.490234375 0.654296875 0.486328125 0.658203125 0.482421875 0.669921875 0.478515625 0.673828125 0.474609375 0.673828125 0.455078125 0.646484375 0.455078125 0.642578125 0.451171875 0.640625 0.43359375 0.61328125 0.41796875 0.59375 0.416015625 0.587890625 0.416015625 0.572265625 0.419921875 0.568359375 0.419921875 0.564453125 0.4296875 0.544921875 0.43359375 0.546875 0.443359375 0.564453125 0.482421875 0.619140625
2 0.55859375 0.663441345703125 0.55859375 0.60462266796875 0.55726996484375 0.604275173828125 0.5100477421875 0.605056423828125 0.49476996484375 0.607400173828125 0.494140625 0.60764238671875 0.494140625 0.668160671875 0.4975477421875 0.669118923828125 0.5364366328125 0.668337673828125 0.55859375 0.663441345703125
3 0.3137803828125 0.84010416796875 0.30405816015625 0.82838541796875 0.30405816015625 0.80182291796875 0.283224826171875 0.78619791796875 0.283224826171875 0.99635416796875 0.3012803828125 0.98463541796875 0.30405816015625 0.96666666796875 0.3262803828125 0.94869791796875 0.3387803828125 0.93229166796875 0.3887803828125 0.90651041796875 0.4012803828125 0.89635416796875 0.4068359375 0.88385416796875 0.4248914921875 0.87135416796875 0.452669271484375 0.85807291796875 0.4887803828125 0.84713541796875 0.494140625 0.84412028125 0.494140625 0.837006171875 0.4498914921875 0.83776041796875 0.43461371484375 0.84166666796875 0.417947048828125 0.85104166796875 0.37211371484375 0.85885416796875 0.367947048828125 0.85182291796875 0.35405816015625 0.85104166796875 0.3443359375 0.84557291796875 0.3137803828125 0.84010416796875