0 0.421614583984375 0.452061630859375 0.454947916015625 0.4622178828125 0.4827256953125 0.461436630859375 0.504947916015625 0.455967880859375 0.509765625 0.453257919921875 0.509765625 0.378564689453125 0.4952256953125 0.3700303828125 0.47300347265625 0.364561630859375 0.44800347265625 0.363780380859375 0.42855902734375 0.368467880859375 0.417447916015625 0.3942491328125 0.41015625 0.397325302734375 0.41015625 0.444407822265625 0.421614583984375 0.452061630859375
7 0.414453125 0.780664064453125 0.416833494140625 0.783203125 0.420800783203125 0.783203125 0.430859375 0.776497396484375 0.443359375 0.75950393359375 0.443359375 0.743441841796875 0.441796875 0.736219619140625 0.430078125 0.707052953125 0.425390625 0.701497396484375 0.414453125 0.707052953125 0.398046875 0.72788628515625 0.400390625 0.743164064453125 0.411328125 0.766775173828125 0.414453125 0.780664064453125
8 0.3642578125 0.355403646484375 0.39453125 0.34554486328125 0.39453125 0.310920373046875 0.349609375 0.318559703125 0.349609375 0.355403646484375 0.3642578125 0.355403646484375
11 0.37406683984375 0.4243055546875 0.342122396484375 0.4336805546875 0.32421875 0.4434040859375 0.32421875 0.468774927734375 0.3643446171875 0.4524305546875 0.375 0.446658888671875 0.375 0.423675671875 0.37406683984375 0.4243055546875
2 0.5701171875 0.296809896484375 0.5716796875 0.334309896484375 0.5771484375 0.346809896484375 0.5857421875 0.3565321171875 0.6044921875 0.359309896484375 0.6154296875 0.3509765625 0.625 0.3315321171875 0.625 0.22882378515625 0.6232421875 0.22319878515625 0.6146484375 0.209309896484375 0.6083984375 0.2065321171875 0.5982421875 0.205143228515625 0.5841796875 0.212087673828125 0.5779296875 0.22319878515625 0.5724609375 0.242643228515625 0.5701171875 0.296809896484375
6 0.48046875 0.245508490234375 0.51953125 0.241846380859375 0.51953125 0.20892815234375 0.514040798828125 0.20902777734375 0.48046875 0.21442328515625 0.48046875 0.245508490234375
4 0.550634765625 0.58203125 0.563671875 0.574305556640625 0.564453125 0.571875 0.564453125 0.533017677734375 0.557421875 0.49097222265625 0.548046875 0.47847222265625 0.528515625 0.486805556640625 0.523828125 0.49791666796875 0.523046875 0.5131944453125 0.534765625 0.5756944453125 0.538330078125 0.58203125 0.550634765625 0.58203125
10 0.440625 0.5004991328125 0.43046875 0.4685546875 0.41484375 0.4685546875 0.39609375 0.453276908203125 0.39140625 0.453276908203125 0.38125 0.46577691015625 0.38203125 0.50883246484375 0.40078125 0.557443576171875 0.40390625 0.575499130859375 0.425952150390625 0.58203125 0.448242185546875 0.58203125 0.45703125 0.5810546875 0.465625 0.5741102421875 0.46640625 0.56438801953125 0.45625 0.5560546875 0.45390625 0.54633246484375 0.44765625 0.55188801953125 0.43671875 0.54633246484375 0.440625 0.5004991328125
1 0.416015625 0.569238748046875 0.416015625 0.540437826171875 0.412478298828125 0.53999566015625 0.3958116328125 0.52983941015625 0.368033853515625 0.54312066015625 0.35546875 0.54594780859375 0.35546875 0.588847384765625 0.365256076171875 0.58921441015625 0.384700521484375 0.57749566015625 0.416015625 0.569238748046875
5 0.4078125 0.62649739453125 0.40859375 0.6431640625 0.415625 0.659830728515625 0.422003173828125 0.666015625 0.437451169921875 0.666015625 0.44609375 0.657052951171875 0.45234375 0.641775171875 0.453125 0.609830728515625 0.43046875 0.57094183984375 0.41640625 0.5681640625 0.4046875 0.582052951171875 0.40234375 0.607052951171875 0.4078125 0.62649739453125
9 0.50789325390625 0.763671875 0.524773763671875 0.763671875 0.534765625 0.7446397578125 0.533984375 0.714084201171875 0.523828125 0.7001953125 0.512109375 0.69741753515625 0.498828125 0.714084201171875 0.496484375 0.72797308984375 0.498046875 0.74741753515625 0.50789325390625 0.763671875
3 0.37941894921875 0.998046875 0.382421875 0.997157119140625 0.380859375 0.94437933984375 0.367578125 0.91521267578125 0.359765625 0.879101564453125 0.367578125 0.867990453125 0.376171875 0.83326823046875 0.373046875 0.8235460078125 0.379296875 0.81382378515625 0.392578125 0.804101564453125 0.418359375 0.804101564453125 0.431640625 0.78670390234375 0.431640625 0.78515625 0.302567435546875 0.78515625 0.285546875 0.8360460078125 0.313671875 0.89021267578125 0.344140625 0.919379341796875 0.361328125 0.95271267578125 0.372265625 0.98882378515625 0.37745361328125 0.998046875 0.37941894921875 0.998046875
12 0.3365234375 0.112608505859375 0.2701171875 0.115386283203125 0.2623046875 0.127886283203125 0.2732421875 0.27649739453125 0.2748046875 0.366775171875 0.2943359375 0.602886283203125 0.3169921875 0.984830728515625 0.3195263671875 0.99609375 0.340162869140625 0.99609375 0.4685546875 0.979275171875 0.4818359375 0.9737196171875 0.6693359375 0.954275171875 0.6763671875 0.93344183984375 0.7076171875 0.477886283203125 0.7279296875 0.1376085078125 0.7263671875 0.115386283203125 0.3365234375 0.112608505859375