10 0.384765625 0.236985998046875 0.390646701171875 0.236805556640625 0.4267578125 0.232118056640625 0.439453125 0.229629486328125 0.439453125 0.193893455078125 0.384765625 0.208793662109375 0.384765625 0.236985998046875
5 0.532421875 0.36195746484375 0.5504774296875 0.35023871484375 0.564453125 0.34630805078125 0.564453125 0.304818095703125 0.54769965234375 0.30414496484375 0.50390625 0.314782283203125 0.50390625 0.346448900390625 0.511588541015625 0.34711371484375 0.5143663203125 0.35336371484375 0.50390625 0.355440345703125 0.50390625 0.363063673828125 0.532421875 0.36195746484375
0 0.4248046875 0.562326388671875 0.4302734375 0.5859375 0.4451171875 0.6109375 0.4537109375 0.6109375 0.461328125 0.62109375 0.477587892578125 0.62109375 0.4888671875 0.619270833984375 0.5083984375 0.60121527734375 0.5185546875 0.580381943359375 0.5234375 0.55434027734375 0.5234375 0.53054219921875 0.5154296875 0.484548611328125 0.4998046875 0.462326388671875 0.4849609375 0.4539930546875 0.4662109375 0.455381943359375 0.4443359375 0.4734375 0.4310546875 0.497048611328125 0.4248046875 0.524826388671875 0.4248046875 0.562326388671875
2 0.3595703125 0.6348524296875 0.3712890625 0.655685765625 0.3778271484375 0.66015625 0.39257812109375 0.66015625 0.4001953125 0.658463541015625 0.4080078125 0.650130208984375 0.41796875 0.626973158203125 0.41796875 0.591796875 0.4150390625 0.57790798828125 0.3900390625 0.529296875 0.3767578125 0.52096354296875 0.3673828125 0.522352431640625 0.3486328125 0.543185763671875 0.3439453125 0.56401909765625 0.3455078125 0.591796875 0.3595703125 0.6348524296875
6 0.6302734375 0.612456599609375 0.6328125 0.598914931640625 0.6328125 0.5065538203125 0.6310546875 0.4971788203125 0.6218994140625 0.486328125 0.6194824296875 0.486328125 0.6099609375 0.487456599609375 0.6021484375 0.502734375 0.6021484375 0.5332899296875 0.5974609375 0.558289931640625 0.6013671875 0.60551215234375 0.609033203125 0.619140625 0.6242578125 0.619140625 0.6302734375 0.612456599609375
11 0.380859375 0.462699513671875 0.3587890625 0.407009548828125 0.3455078125 0.407009548828125 0.3337890625 0.413953994140625 0.3353515625 0.4403428828125 0.353708556640625 0.49609375 0.361934408203125 0.49609375 0.380859375 0.4932099453125 0.380859375 0.462699513671875
1 0.6134765625 0.46341145703125 0.6171875 0.4558717734375 0.6171875 0.418967013671875 0.6166015625 0.40785590234375 0.6171875 0.38598090234375 0.6171875 0.346523830078125 0.6095703125 0.3231336796875 0.5962890625 0.314800345703125 0.5884765625 0.324522568359375 0.5869140625 0.3356336796875 0.5861328125 0.434244791015625 0.5931640625 0.462022568359375 0.6017578125 0.47035590234375 0.6134765625 0.46341145703125
8 0.6015625 0.19023766796875 0.56640625 0.192591880859375 0.56640625 0.2247174375 0.6015625 0.225076990234375 0.6015625 0.19023766796875
9 0.431640625 0.3838667109375 0.431640625 0.412390328125 0.4583984375 0.413823783203125 0.46484375 0.411846244140625 0.46484375 0.381776935546875 0.4403428828125 0.381011283203125 0.431640625 0.3838667109375
7 0.3982421875 0.360460068359375 0.37109375 0.368789705078125 0.37109375 0.39927232421875 0.37601996484375 0.403428818359375 0.381575521484375 0.403428818359375 0.4140625 0.392986576171875 0.4140625 0.36109570703125 0.3982421875 0.360460068359375
4 0.559765625 0.5756944453125 0.564453125 0.56423611328125 0.564453125 0.5397569453125 0.553515625 0.482638890625 0.541015625 0.477083333984375 0.528515625 0.484027779296875 0.522265625 0.495138890625 0.531640625 0.568750001953125 0.540605466796875 0.58203125 0.54265625390625 0.58203125 0.559765625 0.5756944453125
12 0.4342881953125 0.35455729296875 0.33984375 0.36002604296875 0.325954861328125 0.36393229296875 0.2953993046875 0.36315104296875 0.27734375 0.36861979296875 0.26171875 0.366736421875 0.26171875 0.741945826171875 0.6592881953125 0.77018229296875 0.7265625 0.7743180078125 0.7265625 0.33437955859375 0.7078993046875 0.33580729296875 0.69262152734375 0.33502604296875 0.678732638671875 0.32955729296875 0.65512152734375 0.33893229296875 0.541232638671875 0.34518229296875 0.52456597265625 0.34908854296875 0.460677083984375 0.349869791015625 0.4342881953125 0.35455729296875
3 0.4220703125 0.260438369140625 0.4181640625 0.2743272578125 0.4189453125 0.318771703125 0.4166015625 0.324327255859375 0.4283203125 0.328493923828125 0.4423828125 0.322938369140625 0.4541015625 0.34654948046875 0.4673828125 0.3604383671875 0.4884765625 0.43266058984375 0.4923828125 0.43404948046875 0.4962890625 0.445160591796875 0.505859375 0.439925546875 0.505859375 0.42038762109375 0.4869140625 0.34654948046875 0.4908203125 0.313216146484375 0.4783203125 0.253493923828125 0.4751953125 0.252105033203125 0.4642578125 0.272938369140625 0.4556640625 0.27710503515625 0.4416015625 0.27710503515625 0.4220703125 0.260438369140625