10 0.416796875 0.25149739453125 0.426953125 0.320941841796875 0.42989501953125 0.326171875 0.435760498046875 0.326171875 0.439453125 0.320545015625 0.439453125 0.260293693359375 0.438671875 0.23483073046875 0.433984375 0.198719619140625 0.416015625 0.107052953125 0.408203125 0.09594183984375 0.396484375 0.09594183984375 0.391015625 0.101497396484375 0.387890625 0.113997396484375 0.387109375 0.154275173828125 0.411328125 0.2431640625 0.416796875 0.25149739453125
5 0.5575086796875 0.31469183984375 0.564453125 0.3133131640625 0.564453125 0.30512826171875 0.539453125 0.30609808984375 0.5213975703125 0.31781683984375 0.50390625 0.3227362734375 0.50390625 0.362742783203125 0.50473090234375 0.36312933984375 0.52417534765625 0.36391058984375 0.564453125 0.354127208984375 0.564453125 0.321302416015625 0.560286458984375 0.32094183984375 0.5575086796875 0.31469183984375
0 0.4509765625 0.615451388671875 0.461027017578125 0.62109375 0.486147837890625 0.62109375 0.5064453125 0.60434027734375 0.5197265625 0.580729166015625 0.5234375 0.564236111328125 0.5234375 0.504489087890625 0.5205078125 0.49184027734375 0.5056640625 0.46684027734375 0.4970703125 0.46684027734375 0.4876953125 0.45434027734375 0.4619140625 0.458506943359375 0.4423828125 0.4765625 0.4322265625 0.497395833984375 0.4251953125 0.534895833984375 0.4353515625 0.593229166015625 0.4509765625 0.615451388671875
2 0.4092881953125 0.553971353515625 0.381510416015625 0.55553385546875 0.341796875 0.56850480859375 0.341796875 0.6260431015625 0.3467881953125 0.628190103515625 0.373177083984375 0.62975260546875 0.3953993046875 0.62506510546875 0.41796875 0.613457962890625 0.41796875 0.555924478515625 0.4092881953125 0.553971353515625
6 0.6328125 0.53886990234375 0.61011284765625 0.53461371484375 0.595703125 0.5358056953125 0.595703125 0.5715333046875 0.6328125 0.571927154296875 0.6328125 0.53886990234375
11 0.3455078125 0.407009548828125 0.3337890625 0.413953994140625 0.3353515625 0.4403428828125 0.353708556640625 0.49609375 0.361934408203125 0.49609375 0.380859375 0.4932099453125 0.380859375 0.462699513671875 0.3587890625 0.407009548828125 0.3455078125 0.407009548828125
1 0.6162109375 0.461588541015625 0.6171875 0.454644095703125 0.6171875 0.346465083984375 0.6115234375 0.324088541015625 0.6029296875 0.31575520703125 0.5912109375 0.32269965234375 0.5857421875 0.333810763671875 0.5880859375 0.37825520703125 0.5865234375 0.436588541015625 0.5951171875 0.4629774296875 0.607430013671875 0.470703125 0.60888671875 0.470703125 0.6162109375 0.461588541015625
8 0.6015625 0.166171365234375 0.58984375 0.15269097265625 0.578125 0.155468748046875 0.57109375 0.163802083984375 0.56796875 0.188802083984375 0.571875 0.247135416015625 0.5818212890625 0.259765625 0.58741455078125 0.259765625 0.59296875 0.258246529296875 0.6015625 0.245515048828125 0.6015625 0.166171365234375
9 0.4565321171875 0.413433158203125 0.46484375 0.410705904296875 0.46484375 0.382033185546875 0.4384765625 0.380620658203125 0.431640625 0.382718048828125 0.431640625 0.412655298828125 0.4565321171875 0.413433158203125
7 0.37109375 0.39927232421875 0.37601996484375 0.403428818359375 0.381575521484375 0.403428818359375 0.4140625 0.392986576171875 0.4140625 0.36109570703125 0.3982421875 0.360460068359375 0.37109375 0.368789705078125 0.37109375 0.39927232421875
4 0.564453125 0.509071181640625 0.561892361328125 0.509071181640625 0.521484375 0.516808880859375 0.521484375 0.55124578125 0.564453125 0.54577334765625 0.564453125 0.509071181640625
12 0.262109375 0.118576388671875 0.262890625 0.1671875 0.276171875 0.34079861328125 0.275390625 0.356076390625 0.269921875 0.369965279296875 0.279296875 0.393576390625 0.285546875 0.507465279296875 0.289453125 0.5241319453125 0.290234375 0.58802083203125 0.294921875 0.61440972265625 0.300390625 0.70885416796875 0.304296875 0.7227430546875 0.303515625 0.75329861328125 0.308984375 0.77135416796875 0.306640625 0.79079861328125 0.309765625 0.872743056640625 0.312890625 0.881076390625 0.311328125 0.9102430546875 0.317578125 0.9921875 0.3186767578125 0.994140625 0.344375884765625 0.994140625 0.396484375 0.981076388671875 0.423828125 0.98246527734375 0.638671875 0.954687501953125 0.654296875 0.95190972265625 0.671484375 0.93940972265625 0.710546875 0.38940972265625 0.726171875 0.135243056640625 0.724609375 0.11440972265625 0.317578125 0.113020833984375 0.262109375 0.118576388671875
3 0.3110243046875 0.375 0.334635416015625 0.38515625 0.35269097265625 0.4125 0.35269097265625 0.41875 0.34296875 0.42734375 0.34574652734375 0.4515625 0.35269097265625 0.45234375 0.36519097265625 0.44765625 0.38046875 0.4234375 0.408203125 0.4132371171875 0.408203125 0.3954050703125 0.3874131953125 0.39296875 0.369357638671875 0.38203125 0.366579861328125 0.3671875 0.38046875 0.35078125 0.35824652734375 0.3484375 0.3235243046875 0.35234375 0.30546875 0.346875 0.302734375 0.34702880859375 0.302734375 0.367713927734375 0.3110243046875 0.375