10 0.411328125 0.683441841796875 0.393359375 0.775108505859375 0.388671875 0.8112196171875 0.386328125 0.887608505859375 0.386328125 0.894552951171875 0.391796875 0.902886283203125 0.396484375 0.904275171875 0.400390625 0.897330728515625 0.410546875 0.827886283203125 0.416015625 0.819552951171875 0.439453125 0.733531443359375 0.439453125 0.69038628515625 0.436328125 0.677886283203125 0.432333375 0.673828125 0.418087767578125 0.673828125 0.411328125 0.683441841796875
5 0.50390625 0.644559654296875 0.5143663203125 0.64663628515625 0.511588541015625 0.65288628515625 0.50390625 0.653551099609375 0.50390625 0.685217716796875 0.54769965234375 0.69585503515625 0.564453125 0.695181904296875 0.564453125 0.65369194921875 0.5504774296875 0.64976128515625 0.532421875 0.63804253515625 0.50390625 0.636936326171875 0.50390625 0.644559654296875
0 0.423828125 0.503548177734375 0.428342013671875 0.506228298828125 0.451953125 0.511697048828125 0.489453125 0.511697048828125 0.51723090234375 0.505447048828125 0.5234375 0.501955837890625 0.5234375 0.419976322265625 0.4713975703125 0.410915798828125 0.4338975703125 0.417947048828125 0.423828125 0.42285590234375 0.423828125 0.503548177734375
2 0.3778271484375 0.33984375 0.3712890625 0.344314234375 0.3595703125 0.3651475703125 0.3455078125 0.408203125 0.3439453125 0.43598090234375 0.3486328125 0.456814236328125 0.3673828125 0.477647568359375 0.3767578125 0.47903645703125 0.3900390625 0.470703125 0.4150390625 0.42209201171875 0.41796875 0.408203125 0.41796875 0.373026841796875 0.4080078125 0.349869791015625 0.4001953125 0.341536458984375 0.39257812109375 0.33984375 0.3778271484375 0.33984375
6 0.6328125 0.46113009765625 0.6328125 0.428072845703125 0.595703125 0.4284666953125 0.595703125 0.4641943046875 0.61011284765625 0.46538628515625 0.6328125 0.46113009765625
11 0.3349609375 0.5889539921875 0.3623046875 0.593120658203125 0.380859375 0.53676938671875 0.380859375 0.50874566015625 0.372692873046875 0.50390625 0.357195767578125 0.50390625 0.3333984375 0.5639539921875 0.3349609375 0.5889539921875
1 0.6171875 0.621204546875 0.6171875 0.59094223046875 0.583984375 0.591205283203125 0.583984375 0.62209046484375 0.61714409765625 0.6212022578125 0.6171875 0.621204546875
8 0.571875 0.752864583984375 0.56796875 0.811197916015625 0.57109375 0.836197916015625 0.578125 0.844531251953125 0.58984375 0.84730902734375 0.6015625 0.833828634765625 0.6015625 0.754484951171875 0.59296875 0.741753470703125 0.58741455078125 0.740234375 0.5818212890625 0.740234375 0.571875 0.752864583984375
9 0.4403428828125 0.618988716796875 0.46484375 0.618223064453125 0.46484375 0.588153755859375 0.4583984375 0.586176216796875 0.431640625 0.587609671875 0.431640625 0.6161332890625 0.4403428828125 0.618988716796875
7 0.4140625 0.6123914921875 0.41328125 0.592947046875 0.3921875 0.576280380859375 0.38671875 0.580447046875 0.37109375 0.629058158203125 0.37109375 0.634613716796875 0.38515625 0.6512803828125 0.39453125 0.659613716796875 0.4046875 0.642947046875 0.4140625 0.6123914921875
12 0.309765625 0.127256943359375 0.306640625 0.20920138671875 0.308984375 0.22864583203125 0.303515625 0.24670138671875 0.304296875 0.2772569453125 0.300390625 0.29114583203125 0.294921875 0.38559027734375 0.290234375 0.41197916796875 0.289453125 0.4758680546875 0.285546875 0.492534720703125 0.279296875 0.606423609375 0.269921875 0.630034720703125 0.275390625 0.643923609375 0.276171875 0.65920138671875 0.262890625 0.8328125 0.262109375 0.881423611328125 0.317578125 0.886979166015625 0.724609375 0.88559027734375 0.726171875 0.864756943359375 0.710546875 0.61059027734375 0.671484375 0.06059027734375 0.654296875 0.04809027734375 0.638671875 0.045312498046875 0.423828125 0.01753472265625 0.396484375 0.018923611328125 0.344375884765625 0.005859375 0.3186767578125 0.005859375 0.317578125 0.0078125 0.311328125 0.0897569453125 0.312890625 0.118923609375 0.309765625 0.127256943359375
4 0.564453125 0.490928818359375 0.564453125 0.45422665234375 0.521484375 0.44875421875 0.521484375 0.483191119140625 0.561892361328125 0.490928818359375 0.564453125 0.490928818359375
3 0.5999131953125 0.203515625 0.609635416015625 0.199609375 0.63324652734375 0.200390625 0.634765625 0.199820962890625 0.634765625 0.180078125 0.613802083984375 0.180078125 0.563802083984375 0.170703125 0.525390625 0.17111079296875 0.525390625 0.236649068359375 0.531857638671875 0.239453125 0.5499131953125 0.240234375 0.57769097265625 0.248828125 0.634765625 0.27794615234375 0.634765625 0.274001734375 0.6249131953125 0.254296875 0.594357638671875 0.239453125 0.5874131953125 0.232421875 0.5999131953125 0.203515625