11 0.431640625 0.544921875 0.435546875 0.544921875 0.455078125 0.572265625 0.455078125 0.576171875 0.458984375 0.578125 0.466796875 0.591796875 0.47265625 0.59765625 0.478515625 0.609375 0.490234375 0.62109375 0.494140625 0.630859375 0.494140625 0.646484375 0.490234375 0.650390625 0.482421875 0.671875 0.48046875 0.673828125 0.478515625 0.671875 0.4765625 0.6640625 0.46484375 0.65234375 0.455078125 0.634765625 0.439453125 0.615234375 0.431640625 0.6015625 0.427734375 0.599609375 0.41796875 0.5859375 0.416015625 0.580078125 0.41796875 0.572265625 0.431640625 0.546875
2 0.494140625 0.61328125 0.505859375 0.609375 0.513671875 0.609375 0.521484375 0.60546875 0.55859375 0.60546875 0.55859375 0.666015625 0.55078125 0.666015625 0.548828125 0.66796875 0.494140625 0.66796875 0.494140625 0.615234375
0 0.48046875 0.3671875 0.482421875 0.369140625 0.490234375 0.369140625 0.509765625 0.37890625 0.509765625 0.453125 0.50390625 0.45703125 0.49609375 0.45703125 0.486328125 0.4609375 0.447265625 0.4609375 0.423828125 0.453125 0.4140625 0.447265625 0.4140625 0.375 0.42578125 0.369140625 0.44140625 0.3671875 0.443359375 0.365234375 0.47265625 0.365234375 0.478515625 0.3671875
5 0.51953125 0.314453125 0.53515625 0.314453125 0.537109375 0.3125 0.55859375 0.314453125 0.55859375 0.369140625 0.501953125 0.369140625 0.501953125 0.337890625 0.51171875 0.333984375 0.53125 0.33203125 0.537109375 0.330078125 0.54296875 0.32421875 0.54296875 0.3203125 0.5390625 0.31640625 0.51953125 0.31640625
6 0.513671875 0.19140625 0.513671875 0.232421875 0.498046875 0.23828125 0.46484375 0.23828125 0.46484375 0.1953125 0.47265625 0.1953125 0.474609375 0.193359375 0.5 0.1953125 0.51171875 0.19140625
10 0.6095703125 0.343120658203125 0.6095703125 0.3583984375 0.6064453125 0.372287326171875 0.6001953125 0.3764539921875 0.5931640625 0.3958984375 0.5908203125 0.413953994140625 0.5923828125 0.445898439453125 0.5986328125 0.46117621484375 0.6126953125 0.47367621484375 0.6337890625 0.476453994140625 0.6462890625 0.44312066015625 0.6494140625 0.40700955078125 0.6439453125 0.36812066015625 0.6494140625 0.361176216796875 0.650390625 0.3498914921875 0.650390625 0.3422982890625 0.6361328125 0.322287326171875 0.6064453125 0.307009548828125 0.5931640625 0.307009548828125 0.5900390625 0.31673176953125 0.5978515625 0.330620658203125 0.5955078125 0.343120658203125 0.6064453125 0.3389539921875 0.6095703125 0.343120658203125
1 0.3934461796875 0.544552951171875 0.376779513671875 0.554709201171875 0.33984375 0.569471357421875 0.33984375 0.610144818359375 0.34066840234375 0.610177951171875 0.408203125 0.58304346484375 0.408203125 0.543630642578125 0.3934461796875 0.544552951171875
7 0.6212890625 0.2842881953125 0.625 0.273732638671875 0.625 0.2519270859375 0.62135009765625 0.244140625 0.621098634765625 0.244140625 0.6111328125 0.25095486328125 0.5955078125 0.2467881953125 0.583984375 0.26590856640625 0.583984375 0.272482640625 0.5845703125 0.291232640625 0.60707484765625 0.310546875 0.60729594921875 0.310546875 0.6212890625 0.2842881953125
4 0.525217013671875 0.54995659765625 0.564453125 0.542599826171875 0.564453125 0.507544064453125 0.521484375 0.5122729609375 0.521484375 0.549765724609375 0.525217013671875 0.54995659765625
3 0.283224826171875 0.78619791796875 0.283224826171875 0.99635416796875 0.298502603515625 0.98776041796875 0.302669271484375 0.97213541796875 0.348502603515625 0.92682291796875 0.392947048828125 0.90338541796875 0.4068359375 0.88385416796875 0.420724826171875 0.87369791796875 0.452669271484375 0.85807291796875 0.4887803828125 0.84713541796875 0.494140625 0.84412028125 0.494140625 0.83704951953125 0.442947048828125 0.83932291796875 0.417947048828125 0.85104166796875 0.3762803828125 0.86041666796875 0.36655816015625 0.85182291796875 0.3123914921875 0.83932291796875 0.302669271484375 0.82604166796875 0.302669271484375 0.80104166796875 0.283224826171875 0.78619791796875
12 0.7188368046875 0.70514323046875 0.72265625 0.7015625 0.72265625 0.332598587890625 0.71328125 0.33561198046875 0.6813368046875 0.33170573046875 0.259765625 0.362871884765625 0.259765625 0.7435556171875 0.6952256953125 0.77154948046875 0.72265625 0.77323271875 0.72265625 0.71158854296875 0.7188368046875 0.70514323046875
8 0.443359375 0.271484375 0.443359375 0.306640625 0.4375 0.310546875 0.40234375 0.310546875 0.40234375 0.275390625 0.44140625 0.271484375