11 0.4140625 0.353515625 0.423828125 0.349609375 0.435546875 0.353515625 0.447265625 0.365234375 0.494140625 0.396484375 0.494140625 0.42578125 0.4921875 0.427734375 0.4765625 0.427734375 0.466796875 0.423828125 0.455078125 0.412109375 0.443359375 0.40625 0.4375 0.400390625 0.423828125 0.392578125 0.421875 0.388671875 0.41796875 0.388671875 0.4140625 0.384765625 0.4140625 0.35546875
2 0.494140625 0.330078125 0.548828125 0.330078125 0.55078125 0.33203125 0.55859375 0.33203125 0.55859375 0.392578125 0.521484375 0.392578125 0.513671875 0.388671875 0.505859375 0.388671875 0.494140625 0.384765625 0.494140625 0.33203125
0 0.46875 0.51171875 0.482421875 0.517578125 0.494140625 0.53125 0.498046875 0.537109375 0.498046875 0.541015625 0.501953125 0.544921875 0.509765625 0.568359375 0.509765625 0.607421875 0.505859375 0.6171875 0.505859375 0.625 0.494140625 0.646484375 0.482421875 0.65625 0.4765625 0.65625 0.474609375 0.658203125 0.453125 0.65625 0.4375 0.646484375 0.4296875 0.63671875 0.42578125 0.625 0.421875 0.62109375 0.4140625 0.59375 0.4140625 0.564453125 0.416015625 0.5625 0.416015625 0.5546875 0.421875 0.537109375 0.427734375 0.52734375 0.44140625 0.513671875 0.466796875 0.51171875
5 0.501953125 0.62890625 0.55859375 0.62890625 0.55859375 0.68359375 0.544921875 0.68359375 0.54296875 0.685546875 0.51953125 0.68359375 0.51953125 0.681640625 0.5390625 0.681640625 0.54296875 0.677734375 0.54296875 0.673828125 0.537109375 0.66796875 0.5234375 0.6640625 0.51171875 0.6640625 0.501953125 0.66015625 0.501953125 0.630859375
6 0.494140625 0.712890625 0.501953125 0.712890625 0.505859375 0.732421875 0.513671875 0.744140625 0.513671875 0.791015625 0.5078125 0.8046875 0.5078125 0.841796875 0.50390625 0.84765625 0.50390625 0.8515625 0.5 0.853515625 0.482421875 0.853515625 0.474609375 0.849609375 0.466796875 0.841796875 0.466796875 0.802734375 0.470703125 0.79296875 0.470703125 0.78125 0.46875 0.779296875 0.470703125 0.748046875 0.474609375 0.736328125 0.48828125 0.7265625 0.490234375 0.71875 0.494140625 0.71484375
10 0.58984375 0.63742534375 0.598025173828125 0.637825521484375 0.616080728515625 0.63548176953125 0.635525173828125 0.628450521484375 0.63969183984375 0.622200521484375 0.650390625 0.619793294921875 0.650390625 0.579556478515625 0.6438585078125 0.58470051953125 0.6049696171875 0.579231771484375 0.58984375 0.580540740234375 0.58984375 0.63742534375
1 0.33984375 0.430108740234375 0.40776909765625 0.457400173828125 0.408203125 0.457382734375 0.408203125 0.41653745703125 0.371657986328125 0.401931423828125 0.3549913203125 0.391775173828125 0.33984375 0.390828451171875 0.33984375 0.430108740234375
7 0.60729594921875 0.689453125 0.60707484765625 0.689453125 0.5845703125 0.708767359375 0.583984375 0.727517359375 0.583984375 0.73409143359375 0.5955078125 0.7532118046875 0.6111328125 0.74904513671875 0.621098634765625 0.755859375 0.62135009765625 0.755859375 0.625 0.7480729140625 0.625 0.726267361328125 0.6212890625 0.7157118046875 0.60729594921875 0.689453125
4 0.564453125 0.492981080078125 0.564453125 0.454984595703125 0.521484375 0.45025569921875 0.521484375 0.485069443359375 0.563845486328125 0.49301215234375 0.564453125 0.492981080078125
3 0.41391058984375 0.06848958203125 0.4041883671875 0.07708333203125 0.362521701171875 0.06770833203125 0.337521701171875 0.05598958203125 0.284743923828125 0.05364583203125 0.28335503515625 0.05911458203125 0.2916883671875 0.06380208203125 0.327799478515625 0.07473958203125 0.359743923828125 0.09036458203125 0.3736328125 0.10052083203125 0.387521701171875 0.12005208203125 0.431966146484375 0.14348958203125 0.477799478515625 0.18880208203125 0.481966146484375 0.20442708203125 0.494140625 0.2112752265625 0.494140625 0.0052336171875 0.477799478515625 0.01770833203125 0.477799478515625 0.04270833203125 0.4680772578125 0.05598958203125 0.41391058984375 0.06848958203125
12 0.6952256953125 0.22845051953125 0.259765625 0.2564443828125 0.259765625 0.637128115234375 0.6813368046875 0.66829426953125 0.71328125 0.66438801953125 0.72265625 0.667401412109375 0.72265625 0.2984375 0.7188368046875 0.29485676953125 0.72265625 0.28841145703125 0.72265625 0.22676728125 0.6952256953125 0.22845051953125
8 0.41796875 0.658203125 0.421875 0.65625 0.435546875 0.65625 0.443359375 0.666015625 0.443359375 0.703125 0.439453125 0.71484375 0.439453125 0.728515625 0.435546875 0.73828125 0.435546875 0.74609375 0.427734375 0.755859375 0.4140625 0.755859375 0.40625 0.748046875 0.40234375 0.734375 0.40234375 0.69921875 0.40625 0.689453125 0.412109375 0.68359375 0.4140625 0.66796875 0.41796875 0.66015625