0 0.478515625 0.3671875 0.48046875 0.369140625 0.494140625 0.37109375 0.498046875 0.375 0.509765625 0.37890625 0.509765625 0.455078125 0.4921875 0.4609375 0.4453125 0.4609375 0.4140625 0.44921875 0.4140625 0.375 0.439453125 0.3671875 0.4765625 0.3671875
5 0.501953125 0.314453125 0.521484375 0.314453125 0.5234375 0.31640625 0.525390625 0.314453125 0.55859375 0.314453125 0.55859375 0.34765625 0.5390625 0.349609375 0.525390625 0.353515625 0.51953125 0.361328125 0.5234375 0.3671875 0.54296875 0.3671875 0.54296875 0.369140625 0.501953125 0.369140625 0.501953125 0.31640625
6 0.5 0.14453125 0.50390625 0.146484375 0.50390625 0.150390625 0.5078125 0.15625 0.5078125 0.193359375 0.51171875 0.19921875 0.51171875 0.205078125 0.515625 0.212890625 0.515625 0.25 0.505859375 0.265625 0.501953125 0.28515625 0.494140625 0.28515625 0.48828125 0.271484375 0.478515625 0.265625 0.47265625 0.2578125 0.470703125 0.234375 0.46875 0.232421875 0.470703125 0.203125 0.466796875 0.1953125 0.466796875 0.181640625 0.46484375 0.1796875 0.46484375 0.162109375 0.466796875 0.15625 0.478515625 0.146484375 0.498046875 0.14453125
1 0.33984375 0.571115451171875 0.33984375 0.610196939453125 0.3557725703125 0.609201388671875 0.41015625 0.584728732421875 0.41015625 0.543014865234375 0.407161458984375 0.543576388671875 0.33984375 0.571115451171875
10 0.650390625 0.419864908203125 0.650390625 0.380627201171875 0.64008246484375 0.378580728515625 0.63452691015625 0.369986978515625 0.616471353515625 0.364518228515625 0.58984375 0.36363716796875 0.58984375 0.4195213671875 0.6053602421875 0.420768228515625 0.645638021484375 0.414518228515625 0.650390625 0.419864908203125
7 0.584375 0.3046006953125 0.58705078125 0.310546875 0.588510744140625 0.310546875 0.59453125 0.3046006953125 0.61484375 0.30876736328125 0.6265625 0.28376736328125 0.62421875 0.262934029296875 0.60234375 0.244878474609375 0.58828125 0.27126736328125 0.584375 0.282378474609375 0.584375 0.3046006953125
12 0.26171875 0.3608523125 0.26171875 0.740040294921875 0.5596788203125 0.761371529296875 0.72265625 0.771155005859375 0.72265625 0.33026801171875 0.704123263671875 0.333246529296875 0.68051215234375 0.32699652734375 0.62495659765625 0.33793402734375 0.611067708984375 0.33637152734375 0.58745659765625 0.341059029296875 0.388845486328125 0.35043402734375 0.3096788203125 0.35824652734375 0.26171875 0.3608523125
4 0.550415041015625 0.578125 0.563671875 0.57026909765625 0.564453125 0.56783854296875 0.564453125 0.541380208984375 0.558984375 0.496657986328125 0.539453125 0.4786024296875 0.529296875 0.481380208984375 0.523828125 0.493880208984375 0.523046875 0.509157986328125 0.534765625 0.571657986328125 0.539615884765625 0.578125 0.550415041015625 0.578125
3 0.444391740234375 0.998046875 0.44483642578125 0.998046875 0.4484375 0.995486111328125 0.44609375 0.939930556640625 0.434375 0.917708333984375 0.425 0.87604166796875 0.43359375 0.8663194453125 0.43984375 0.84409722265625 0.4421875 0.81354166796875 0.45859375 0.802430556640625 0.48515625 0.802430556640625 0.494140625 0.788740080078125 0.494140625 0.78573768359375 0.305236802734375 0.783203125 0.28917347265625 0.783203125 0.296875 0.798263888671875 0.3078125 0.802430556640625 0.36015625 0.852430556640625 0.3859375 0.898263888671875 0.403125 0.909375 0.425 0.946875 0.43828125 0.98854166796875 0.444391740234375 0.998046875
2 0.494140625 0.607421875 0.50390625 0.607421875 0.505859375 0.60546875 0.55859375 0.60546875 0.55859375 0.662109375 0.552734375 0.662109375 0.53515625 0.66796875 0.494140625 0.66796875 0.494140625 0.609375
8 0.40234375 0.310546875 0.40234375 0.27734375 0.404296875 0.275390625 0.416015625 0.275390625 0.4296875 0.271484375 0.443359375 0.271484375 0.443359375 0.3046875 0.4375 0.3046875 0.419921875 0.310546875 0.404296875 0.310546875
11 0.494140625 0.568359375 0.494140625 0.6015625 0.44921875 0.6328125 0.447265625 0.63671875 0.43359375 0.646484375 0.419921875 0.646484375 0.416015625 0.642578125 0.416015625 0.611328125 0.419921875 0.607421875 0.423828125 0.607421875 0.42578125 0.603515625 0.453125 0.5859375 0.47265625 0.5703125 0.4921875 0.568359375