10 0.4267578125 0.232118056640625 0.439453125 0.229629486328125 0.439453125 0.193893455078125 0.384765625 0.208793662109375 0.384765625 0.236985998046875 0.390646701171875 0.236805556640625 0.4267578125 0.232118056640625
5 0.5552734375 0.35559895703125 0.5599609375 0.379210068359375 0.564453125 0.3780691953125 0.564453125 0.352647568359375 0.5638671875 0.33754340234375 0.5521484375 0.31948784765625 0.5427734375 0.286154513671875 0.534287111328125 0.279296875 0.523134763671875 0.279296875 0.5146484375 0.286154513671875 0.5068359375 0.3028211796875 0.5060546875 0.322265625 0.5208984375 0.383376736328125 0.52760009765625 0.388671875 0.530126947265625 0.388671875 0.5396484375 0.38754340234375 0.5474609375 0.376432291015625 0.5490234375 0.358376736328125 0.5552734375 0.35559895703125
0 0.5234375 0.4989198125 0.5168836796875 0.495724826171875 0.4793836796875 0.488693576171875 0.423828125 0.4983661953125 0.423828125 0.577756076171875 0.43355034765625 0.583224826171875 0.461328125 0.589474826171875 0.498828125 0.589474826171875 0.522439236328125 0.584006076171875 0.5234375 0.583413357421875 0.5234375 0.4989198125
2 0.4164930546875 0.55514323046875 0.390104166015625 0.55358073046875 0.3678819453125 0.558268228515625 0.341796875 0.571683408203125 0.341796875 0.626617837890625 0.3539930546875 0.62936198046875 0.381770833984375 0.62779948046875 0.41796875 0.6159767734375 0.41796875 0.55577799609375 0.4164930546875 0.55514323046875
6 0.6328125 0.552473958984375 0.6328125 0.535460068359375 0.6298828125 0.50004340234375 0.62216796875 0.486328125 0.607070314453125 0.486328125 0.6009765625 0.493098958984375 0.5970703125 0.513932291015625 0.5962890625 0.587543404296875 0.6001953125 0.608376736328125 0.60927734375 0.619140625 0.6125 0.619140625 0.6212890625 0.61809895703125 0.6291015625 0.602821181640625 0.6291015625 0.572265625 0.6328125 0.552473958984375
11 0.3455078125 0.407009548828125 0.3337890625 0.413953994140625 0.3353515625 0.4403428828125 0.353708556640625 0.49609375 0.361934408203125 0.49609375 0.380859375 0.4932099453125 0.380859375 0.462699513671875 0.3587890625 0.407009548828125 0.3455078125 0.407009548828125
1 0.6162109375 0.461588541015625 0.6171875 0.454644095703125 0.6171875 0.346465083984375 0.6115234375 0.324088541015625 0.6029296875 0.31575520703125 0.5912109375 0.32269965234375 0.5857421875 0.333810763671875 0.5880859375 0.37825520703125 0.5865234375 0.436588541015625 0.5951171875 0.4629774296875 0.607430013671875 0.470703125 0.60888671875 0.470703125 0.6162109375 0.461588541015625
8 0.585729986328125 0.259765625 0.59140625 0.258420140625 0.5984375 0.2500868046875 0.6015625 0.225086806640625 0.59765625 0.16675347265625 0.58671875 0.152864583984375 0.5765625 0.155642359375 0.5671875 0.169531248046875 0.56640625 0.245920140625 0.578442380859375 0.259765625 0.585729986328125 0.259765625
9 0.46484375 0.3909071171875 0.46484375 0.386624708984375 0.4603515625 0.371983505859375 0.4541015625 0.36642794921875 0.4431640625 0.36642794921875 0.4330078125 0.380316837890625 0.4322265625 0.405316837890625 0.4376953125 0.421983505859375 0.44837646875 0.42578125 0.454927060546875 0.42578125 0.4634765625 0.41642794921875 0.46484375 0.3909071171875
7 0.37109375 0.39927232421875 0.37601996484375 0.403428818359375 0.381575521484375 0.403428818359375 0.4140625 0.392986576171875 0.4140625 0.36109570703125 0.3982421875 0.360460068359375 0.37109375 0.368789705078125 0.37109375 0.39927232421875
3 0.459375 0.679383681640625 0.45 0.669661458984375 0.4421875 0.65160590234375 0.41171875 0.6293836796875 0.40234375 0.616883681640625 0.384375 0.658550345703125 0.37109375 0.67660590234375 0.38671875 0.737717013671875 0.39296875 0.752994791015625 0.4046875 0.766883681640625 0.41171875 0.786328125 0.42109375 0.825217013671875 0.4234375 0.852994791015625 0.424169923828125 0.853515625 0.427605123046875 0.853515625 0.4328125 0.80855034765625 0.425 0.7557725703125 0.4421875 0.723828125 0.45703125 0.70855034765625 0.47890625 0.722439236328125 0.50390625 0.71410590234375 0.5078125 0.70855034765625 0.50234375 0.701605900390625 0.48046875 0.696050345703125 0.459375 0.679383681640625
12 0.528385416015625 0.75846354296875 0.5547743046875 0.75377604296875 0.64921875 0.748307291015625 0.663107638671875 0.744401041015625 0.6936631953125 0.74518229296875 0.71171875 0.73971354296875 0.7265625 0.741502744140625 0.7265625 0.3663320234375 0.3297743046875 0.33815104296875 0.26171875 0.33396730078125 0.26171875 0.77401354296875 0.2811631953125 0.77252604296875 0.29644097265625 0.77330729296875 0.310329861328125 0.77877604296875 0.33394097265625 0.76940104296875 0.447829861328125 0.76315104296875 0.46449652734375 0.75924479296875 0.528385416015625 0.75846354296875
4 0.564453125 0.570138888671875 0.564453125 0.5475694453125 0.557421875 0.492361109375 0.548046875 0.47847222265625 0.529296875 0.48541666796875 0.523046875 0.5006944453125 0.523046875 0.5131944453125 0.535546875 0.57847222265625 0.5435546875 0.58203125 0.551640625 0.58203125 0.560546875 0.577083333984375 0.564453125 0.570138888671875