11 0.474609375 0.32421875 0.478515625 0.32421875 0.48046875 0.33203125 0.4921875 0.3515625 0.494140625 0.359375 0.490234375 0.369140625 0.478515625 0.380859375 0.447265625 0.42578125 0.4453125 0.431640625 0.43359375 0.443359375 0.43359375 0.447265625 0.4296875 0.453125 0.419921875 0.43359375 0.419921875 0.4296875 0.416015625 0.42578125 0.416015625 0.41015625 0.419921875 0.400390625 0.431640625 0.388671875 0.4375 0.376953125 0.443359375 0.37109375 0.451171875 0.357421875 0.455078125 0.35546875 0.455078125 0.3515625 0.474609375 0.326171875
2 0.537109375 0.291015625 0.546875 0.298828125 0.556640625 0.318359375 0.556640625 0.32421875 0.55859375 0.326171875 0.55859375 0.3671875 0.5546875 0.375 0.5546875 0.3828125 0.55078125 0.392578125 0.55078125 0.40625 0.546875 0.412109375 0.546875 0.416015625 0.53515625 0.4296875 0.529296875 0.431640625 0.513671875 0.4296875 0.50390625 0.41796875 0.498046875 0.404296875 0.498046875 0.3984375 0.49609375 0.396484375 0.49609375 0.33984375 0.498046875 0.337890625 0.498046875 0.32421875 0.5078125 0.30078125 0.521484375 0.291015625 0.53515625 0.291015625
0 0.46875 0.51171875 0.482421875 0.517578125 0.494140625 0.53125 0.498046875 0.537109375 0.498046875 0.541015625 0.501953125 0.544921875 0.509765625 0.568359375 0.509765625 0.607421875 0.505859375 0.6171875 0.505859375 0.625 0.494140625 0.646484375 0.482421875 0.65625 0.4765625 0.65625 0.474609375 0.658203125 0.453125 0.65625 0.4375 0.646484375 0.4296875 0.63671875 0.42578125 0.625 0.421875 0.62109375 0.4140625 0.59375 0.4140625 0.564453125 0.416015625 0.5625 0.416015625 0.5546875 0.421875 0.537109375 0.427734375 0.52734375 0.44140625 0.513671875 0.466796875 0.51171875
5 0.548828125 0.60546875 0.5546875 0.611328125 0.55859375 0.623046875 0.55859375 0.69140625 0.552734375 0.705078125 0.546875 0.7109375 0.53125 0.7109375 0.5234375 0.703125 0.517578125 0.69140625 0.51171875 0.69140625 0.50390625 0.6875 0.50390625 0.669921875 0.501953125 0.66796875 0.50390625 0.64453125 0.505859375 0.64453125 0.505859375 0.6640625 0.509765625 0.66796875 0.513671875 0.66796875 0.51953125 0.662109375 0.521484375 0.65625 0.5234375 0.63671875 0.52734375 0.62890625 0.52734375 0.6171875 0.53125 0.609375 0.5390625 0.603515625 0.544921875 0.603515625 0.546875 0.60546875
6 0.46484375 0.759765625 0.498046875 0.759765625 0.513671875 0.765625 0.513671875 0.806640625 0.5 0.802734375 0.474609375 0.8046875 0.47265625 0.802734375 0.46484375 0.802734375 0.46484375 0.76171875
10 0.6462890625 0.55687933984375 0.6337890625 0.523546005859375 0.6126953125 0.52632378515625 0.5986328125 0.53882378515625 0.5923828125 0.554101560546875 0.5908203125 0.586046005859375 0.5931640625 0.6041015625 0.6001953125 0.6235460078125 0.6064453125 0.627712673828125 0.6095703125 0.6416015625 0.6095703125 0.656879341796875 0.6064453125 0.6610460078125 0.5955078125 0.656879341796875 0.5978515625 0.669379341796875 0.5900390625 0.68326823046875 0.5931640625 0.692990451171875 0.6064453125 0.692990451171875 0.6361328125 0.677712673828125 0.650390625 0.6577017109375 0.650390625 0.6501085078125 0.6494140625 0.638823783203125 0.6439453125 0.63187933984375 0.6494140625 0.59299044921875 0.6462890625 0.55687933984375
1 0.33984375 0.430108740234375 0.40776909765625 0.457400173828125 0.408203125 0.457382734375 0.408203125 0.41653745703125 0.371657986328125 0.401931423828125 0.3549913203125 0.391775173828125 0.33984375 0.390828451171875 0.33984375 0.430108740234375
7 0.58839925 0.689453125 0.5849609375 0.696788193359375 0.5849609375 0.717621525390625 0.5888671875 0.72873263671875 0.6029296875 0.755121525390625 0.625 0.736179955078125 0.625 0.7084085625 0.6146484375 0.69123263671875 0.5990234375 0.6953993046875 0.590327150390625 0.689453125 0.58839925 0.689453125
4 0.534765625 0.428342013671875 0.523046875 0.490842013671875 0.523828125 0.506119791015625 0.529296875 0.518619791015625 0.539453125 0.5213975703125 0.559765625 0.503342013671875 0.564453125 0.460749421875 0.564453125 0.43216145703125 0.563671875 0.42973090234375 0.551046318359375 0.421875 0.5384033203125 0.421875 0.534765625 0.428342013671875
3 0.41391058984375 0.06848958203125 0.4041883671875 0.07708333203125 0.362521701171875 0.06770833203125 0.337521701171875 0.05598958203125 0.284743923828125 0.05364583203125 0.28335503515625 0.05911458203125 0.2916883671875 0.06380208203125 0.327799478515625 0.07473958203125 0.359743923828125 0.09036458203125 0.3736328125 0.10052083203125 0.387521701171875 0.12005208203125 0.431966146484375 0.14348958203125 0.477799478515625 0.18880208203125 0.481966146484375 0.20442708203125 0.494140625 0.2112752265625 0.494140625 0.0052336171875 0.477799478515625 0.01770833203125 0.477799478515625 0.04270833203125 0.4680772578125 0.05598958203125 0.41391058984375 0.06848958203125
12 0.333117671875 0.005859375 0.316048177734375 0.005859375 0.3134765625 0.01614583203125 0.3064453125 0.148090279296875 0.2705078125 0.63420138671875 0.2744140625 0.66614583203125 0.2712890625 0.6758680546875 0.2712890625 0.72309027734375 0.2681640625 0.742534720703125 0.2705078125 0.76614583203125 0.2666015625 0.76753472265625 0.2619140625 0.831423609375 0.2626953125 0.881423611328125 0.2798828125 0.88559027734375 0.4845703125 0.886979166015625 0.4923828125 0.87309027734375 0.5072265625 0.864756943359375 0.5205078125 0.864756943359375 0.5369140625 0.84114583203125 0.5478515625 0.836979166015625 0.5830078125 0.770312498046875 0.5994140625 0.761979166015625 0.6134765625 0.743923611328125 0.6275390625 0.7133680546875 0.6361328125 0.680034720703125 0.6439453125 0.671701388671875 0.6533203125 0.677256943359375 0.6501953125 0.70364583203125 0.6517578125 0.734201388671875 0.6400390625 0.756423609375 0.6408203125 0.77170138671875 0.6322265625 0.795312498046875 0.6392578125 0.805034720703125 0.6400390625 0.817534720703125 0.6470703125 0.825868056640625 0.6462890625 0.85364583203125 0.6642578125 0.86614583203125 0.6767578125 0.859201388671875 0.6923828125 0.867534720703125 0.7025390625 0.88420138671875 0.7212890625 0.88559027734375 0.72265625 0.881944443359375 0.72265625 0.848611111328125 0.7103515625 0.648090279296875 0.6822265625 0.210590279296875 0.6689453125 0.0508680546875 0.333117671875 0.005859375
8 0.41796875 0.658203125 0.421875 0.65625 0.435546875 0.65625 0.443359375 0.666015625 0.443359375 0.703125 0.439453125 0.71484375 0.439453125 0.728515625 0.435546875 0.73828125 0.435546875 0.74609375 0.427734375 0.755859375 0.4140625 0.755859375 0.40625 0.748046875 0.40234375 0.734375 0.40234375 0.69921875 0.40625 0.689453125 0.412109375 0.68359375 0.4140625 0.66796875 0.41796875 0.66015625