0 0.4123046875 0.426909720703125 0.4169921875 0.446354166015625 0.4427734375 0.45746527734375 0.4474609375 0.468576390625 0.4474609375 0.481076390625 0.451153564453125 0.486328125 0.464465330078125 0.486328125 0.4857421875 0.475520833984375 0.5005859375 0.453298609375 0.509765625 0.42317040625 0.509765625 0.39139384765625 0.5044921875 0.369965279296875 0.4912109375 0.34635416796875 0.4755859375 0.33802083203125 0.4599609375 0.33802083203125 0.4373046875 0.3477430546875 0.4185546875 0.3796875 0.4130859375 0.401909720703125 0.4123046875 0.426909720703125
7 0.414453125 0.780664064453125 0.416833494140625 0.783203125 0.420800783203125 0.783203125 0.430859375 0.776497396484375 0.443359375 0.75950393359375 0.443359375 0.743441841796875 0.441796875 0.736219619140625 0.430078125 0.707052953125 0.425390625 0.701497396484375 0.414453125 0.707052953125 0.398046875 0.72788628515625 0.400390625 0.743164064453125 0.411328125 0.766775173828125 0.414453125 0.780664064453125
8 0.3642578125 0.355403646484375 0.39453125 0.34554486328125 0.39453125 0.310920373046875 0.349609375 0.318559703125 0.349609375 0.355403646484375 0.3642578125 0.355403646484375
11 0.341796875 0.456228296875 0.36127477734375 0.4921875 0.374261474609375 0.4921875 0.375 0.489561630859375 0.375 0.47601996484375 0.374609375 0.47289496484375 0.369921875 0.46595051953125 0.360546875 0.434006076171875 0.338671875 0.393728296875 0.333203125 0.396506076171875 0.325390625 0.41039496484375 0.325390625 0.41595051953125 0.341796875 0.456228296875
2 0.5701171875 0.296809896484375 0.5716796875 0.334309896484375 0.5771484375 0.346809896484375 0.5857421875 0.3565321171875 0.6044921875 0.359309896484375 0.6154296875 0.3509765625 0.625 0.3315321171875 0.625 0.22882378515625 0.6232421875 0.22319878515625 0.6146484375 0.209309896484375 0.6083984375 0.2065321171875 0.5982421875 0.205143228515625 0.5841796875 0.212087673828125 0.5779296875 0.22319878515625 0.5724609375 0.242643228515625 0.5701171875 0.296809896484375
6 0.51953125 0.292252603515625 0.51953125 0.26273871484375 0.512109375 0.183572048828125 0.501171875 0.158572048828125 0.494268798828125 0.150390625 0.493627927734375 0.150390625 0.489453125 0.151627603515625 0.480859375 0.171072048828125 0.481640625 0.214127603515625 0.494140625 0.291905380859375 0.5027685546875 0.3046875 0.50683593359375 0.3046875 0.516015625 0.301627603515625 0.51953125 0.292252603515625
4 0.550634765625 0.58203125 0.563671875 0.574305556640625 0.564453125 0.571875 0.564453125 0.533017677734375 0.557421875 0.49097222265625 0.548046875 0.47847222265625 0.528515625 0.486805556640625 0.523828125 0.49791666796875 0.523046875 0.5131944453125 0.534765625 0.5756944453125 0.538330078125 0.58203125 0.550634765625 0.58203125
10 0.38125 0.47172308984375 0.39140625 0.480056421875 0.39375 0.48977864453125 0.4 0.48422308984375 0.4109375 0.48977864453125 0.40703125 0.535611978515625 0.4171875 0.567556421875 0.4328125 0.567556421875 0.45057705859375 0.58203125 0.4569023984375 0.58203125 0.46640625 0.570334201171875 0.465625 0.52727864453125 0.446875 0.478667533203125 0.44375 0.460611978515625 0.415625 0.45227864453125 0.390625 0.455056421875 0.38203125 0.4620008671875 0.38125 0.47172308984375
1 0.416015625 0.569238748046875 0.416015625 0.540437826171875 0.412478298828125 0.53999566015625 0.3958116328125 0.52983941015625 0.368033853515625 0.54312066015625 0.35546875 0.54594780859375 0.35546875 0.588847384765625 0.365256076171875 0.58921441015625 0.384700521484375 0.57749566015625 0.416015625 0.569238748046875
5 0.453125 0.633119466796875 0.453125 0.593159314453125 0.439518228515625 0.5918836796875 0.42007378515625 0.5973524296875 0.4034071171875 0.5981336796875 0.40234375 0.598582287109375 0.40234375 0.640880484375 0.4047960078125 0.6418836796875 0.436740451171875 0.6426649296875 0.453125 0.633119466796875
9 0.521045939453125 0.763671875 0.533203125 0.748415798828125 0.53515625 0.736841724609375 0.53515625 0.729665798828125 0.533984375 0.71508246484375 0.523046875 0.69702691015625 0.508203125 0.69702691015625 0.497265625 0.7178602421875 0.498046875 0.748415798828125 0.508203125 0.7623046875 0.513970947265625 0.763671875 0.521045939453125 0.763671875
3 0.37941894921875 0.998046875 0.382421875 0.997157119140625 0.380859375 0.94437933984375 0.367578125 0.91521267578125 0.359765625 0.879101564453125 0.367578125 0.867990453125 0.376171875 0.83326823046875 0.373046875 0.8235460078125 0.379296875 0.81382378515625 0.392578125 0.804101564453125 0.418359375 0.804101564453125 0.431640625 0.78670390234375 0.431640625 0.78515625 0.302567435546875 0.78515625 0.285546875 0.8360460078125 0.313671875 0.89021267578125 0.344140625 0.919379341796875 0.361328125 0.95271267578125 0.372265625 0.98882378515625 0.37745361328125 0.998046875 0.37941894921875 0.998046875
12 0.417643228515625 0.3432508671875 0.26171875 0.333943130859375 0.26171875 0.776838982421875 0.3065321171875 0.7760633671875 0.542643228515625 0.7565321171875 0.728515625 0.74550650390625 0.728515625 0.364575955078125 0.417643228515625 0.3432508671875