11 0.4140625 0.353515625 0.423828125 0.349609375 0.435546875 0.353515625 0.447265625 0.365234375 0.494140625 0.396484375 0.494140625 0.42578125 0.4921875 0.427734375 0.4765625 0.427734375 0.466796875 0.423828125 0.455078125 0.412109375 0.443359375 0.40625 0.4375 0.400390625 0.423828125 0.392578125 0.421875 0.388671875 0.41796875 0.388671875 0.4140625 0.384765625 0.4140625 0.35546875
2 0.52734375 0.3623046875 0.06640625 0.14208984375
0 0.4921875 0.537109375 0.509765625 0.54296875 0.509765625 0.619140625 0.478515625 0.630859375 0.439453125 0.630859375 0.4296875 0.626953125 0.421875 0.626953125 0.4140625 0.623046875 0.4140625 0.548828125 0.421875 0.546875 0.42578125 0.54296875 0.4296875 0.54296875 0.435546875 0.5390625 0.443359375 0.5390625 0.4453125 0.537109375 0.490234375 0.537109375
5 0.548828125 0.60546875 0.5546875 0.611328125 0.55859375 0.623046875 0.55859375 0.69140625 0.552734375 0.705078125 0.546875 0.7109375 0.53125 0.7109375 0.5234375 0.703125 0.517578125 0.69140625 0.51171875 0.69140625 0.50390625 0.6875 0.50390625 0.669921875 0.501953125 0.66796875 0.50390625 0.64453125 0.505859375 0.64453125 0.505859375 0.6640625 0.509765625 0.66796875 0.513671875 0.66796875 0.51953125 0.662109375 0.521484375 0.65625 0.5234375 0.63671875 0.52734375 0.62890625 0.52734375 0.6171875 0.53125 0.609375 0.5390625 0.603515625 0.544921875 0.603515625 0.546875 0.60546875
6 0.4765625 0.71484375 0.48046875 0.712890625 0.498046875 0.712890625 0.505859375 0.716796875 0.513671875 0.724609375 0.513671875 0.763671875 0.509765625 0.7734375 0.51171875 0.798828125 0.509765625 0.80078125 0.5078125 0.826171875 0.501953125 0.833984375 0.4921875 0.83984375 0.486328125 0.853515625 0.48046875 0.85546875 0.4765625 0.84765625 0.474609375 0.833984375 0.46484375 0.818359375 0.46484375 0.783203125 0.466796875 0.78125 0.46875 0.767578125 0.47265625 0.76171875 0.47265625 0.724609375 0.4765625 0.716796875
10 0.6126953125 0.52632378515625 0.5986328125 0.53882378515625 0.5923828125 0.554101560546875 0.5908203125 0.586046005859375 0.5931640625 0.6041015625 0.6001953125 0.6235460078125 0.6064453125 0.627712673828125 0.6095703125 0.6416015625 0.6095703125 0.656879341796875 0.6064453125 0.6610460078125 0.5955078125 0.656879341796875 0.5978515625 0.669379341796875 0.5900390625 0.68326823046875 0.5931640625 0.692990451171875 0.6064453125 0.692990451171875 0.6361328125 0.677712673828125 0.650390625 0.6577017109375 0.650390625 0.6501085078125 0.6494140625 0.638823783203125 0.6439453125 0.63187933984375 0.6494140625 0.59299044921875 0.6462890625 0.55687933984375 0.6337890625 0.523546005859375 0.6126953125 0.52632378515625
1 0.408203125 0.456369357421875 0.408203125 0.41695653515625 0.34066840234375 0.389822048828125 0.33984375 0.389855181640625 0.33984375 0.430528642578125 0.376779513671875 0.445290798828125 0.3934461796875 0.455447048828125 0.408203125 0.456369357421875
7 0.5849609375 0.717621525390625 0.5888671875 0.72873263671875 0.6029296875 0.755121525390625 0.625 0.736179955078125 0.625 0.7084085625 0.6146484375 0.69123263671875 0.5990234375 0.6953993046875 0.590327150390625 0.689453125 0.58839925 0.689453125 0.5849609375 0.696788193359375 0.5849609375 0.717621525390625
4 0.523828125 0.506119791015625 0.529296875 0.518619791015625 0.539453125 0.5213975703125 0.559765625 0.503342013671875 0.564453125 0.460749421875 0.564453125 0.43216145703125 0.563671875 0.42973090234375 0.551046318359375 0.421875 0.5384033203125 0.421875 0.534765625 0.428342013671875 0.523046875 0.490842013671875 0.523828125 0.506119791015625
3 0.425390625 0.066601560546875 0.470703125 0.020768228515625 0.486328125 0.0166015625 0.494140625 0.002712671875 0.494140625 0.001953125 0.285246060546875 0.001953125 0.299609375 0.020768228515625 0.324609375 0.020768228515625 0.337890625 0.03049044921875 0.350390625 0.0846571171875 0.358984375 0.09437933984375 0.349609375 0.136046005859375 0.337890625 0.161046005859375 0.335546875 0.21382378515625 0.3395629921875 0.21484375 0.34122314453125 0.21484375 0.345703125 0.20687933984375 0.356640625 0.170768228515625 0.372265625 0.138823783203125 0.382421875 0.12493489453125 0.401953125 0.111046005859375 0.425390625 0.066601560546875
12 0.2671006953125 0.59680989453125 0.261545138671875 0.60618489453125 0.259765625 0.605974162109375 0.259765625 0.665115115234375 0.2907118046875 0.66321614453125 0.72265625 0.635448287109375 0.72265625 0.25427864453125 0.3046006953125 0.223372396484375 0.27265625 0.227278646484375 0.26293402734375 0.22415364453125 0.259765625 0.22415364453125 0.259765625 0.589933267578125 0.2671006953125 0.59680989453125
8 0.40234375 0.6875 0.421875 0.6875 0.43359375 0.69140625 0.443359375 0.69140625 0.443359375 0.728515625 0.41796875 0.728515625 0.408203125 0.724609375 0.40234375 0.71875 0.40234375 0.689453125