0 0.421614583984375 0.452061630859375 0.454947916015625 0.4622178828125 0.4827256953125 0.461436630859375 0.504947916015625 0.455967880859375 0.509765625 0.453257919921875 0.509765625 0.378564689453125 0.4952256953125 0.3700303828125 0.47300347265625 0.364561630859375 0.44800347265625 0.363780380859375 0.42855902734375 0.368467880859375 0.417447916015625 0.3942491328125 0.41015625 0.397325302734375 0.41015625 0.444407822265625 0.421614583984375 0.452061630859375
7 0.414453125 0.780664064453125 0.416833494140625 0.783203125 0.420800783203125 0.783203125 0.430859375 0.776497396484375 0.443359375 0.75950393359375 0.443359375 0.743441841796875 0.441796875 0.736219619140625 0.430078125 0.707052953125 0.425390625 0.701497396484375 0.414453125 0.707052953125 0.398046875 0.72788628515625 0.400390625 0.743164064453125 0.411328125 0.766775173828125 0.414453125 0.780664064453125
8 0.3693359375 0.281618923828125 0.3552734375 0.285785591796875 0.3498046875 0.298285591796875 0.3498046875 0.310785591796875 0.3599609375 0.3705078125 0.3708984375 0.384396701171875 0.3794921875 0.384396701171875 0.3865234375 0.38023003515625 0.3943359375 0.3649522578125 0.3943359375 0.341341146484375 0.3771484375 0.288563369140625 0.3693359375 0.281618923828125
11 0.37406683984375 0.4243055546875 0.342122396484375 0.4336805546875 0.32421875 0.4434040859375 0.32421875 0.468774927734375 0.3643446171875 0.4524305546875 0.375 0.446658888671875 0.375 0.423675671875 0.37406683984375 0.4243055546875
2 0.5728515625 0.3420789921875 0.5814453125 0.355967880859375 0.5876953125 0.35874566015625 0.592297361328125 0.359375 0.5993896484375 0.359375 0.6119140625 0.353190103515625 0.6181640625 0.3420789921875 0.6236328125 0.322634548828125 0.625 0.291037326171875 0.625 0.245030380859375 0.6244140625 0.230967880859375 0.6189453125 0.218467880859375 0.6103515625 0.20874566015625 0.5916015625 0.205967880859375 0.5806640625 0.21430121484375 0.5697265625 0.2365234375 0.5689453125 0.3295789921875 0.5728515625 0.3420789921875
6 0.486740451171875 0.24652777734375 0.51953125 0.241257828125 0.51953125 0.210120306640625 0.48046875 0.213782416015625 0.48046875 0.246641578125 0.486740451171875 0.24652777734375
4 0.54055989453125 0.58203125 0.542439783203125 0.58203125 0.560546875 0.5743055546875 0.564453125 0.565046296875 0.564453125 0.539583333984375 0.554296875 0.48541666796875 0.550390625 0.47847222265625 0.541796875 0.477083333984375 0.525390625 0.486805556640625 0.522265625 0.496527779296875 0.523046875 0.518750001953125 0.531640625 0.570138890625 0.54055989453125 0.58203125
10 0.39555121484375 0.530946181640625 0.441384548828125 0.534852431640625 0.466796875 0.526772966796875 0.466796875 0.475646359375 0.43305121484375 0.4762586796875 0.384440103515625 0.4950086796875 0.380859375 0.495628421875 0.380859375 0.55653415234375 0.3858289921875 0.550477431640625 0.39555121484375 0.5481336796875 0.38999566015625 0.5418836796875 0.39555121484375 0.530946181640625
1 0.416015625 0.569238748046875 0.416015625 0.540437826171875 0.412478298828125 0.53999566015625 0.3958116328125 0.52983941015625 0.368033853515625 0.54312066015625 0.35546875 0.54594780859375 0.35546875 0.588847384765625 0.365256076171875 0.58921441015625 0.384700521484375 0.57749566015625 0.416015625 0.569238748046875
5 0.453125 0.633119466796875 0.453125 0.593159314453125 0.439518228515625 0.5918836796875 0.42007378515625 0.5973524296875 0.4034071171875 0.5981336796875 0.40234375 0.598582287109375 0.40234375 0.640880484375 0.4047960078125 0.6418836796875 0.436740451171875 0.6426649296875 0.453125 0.633119466796875
9 0.50789325390625 0.763671875 0.524773763671875 0.763671875 0.534765625 0.7446397578125 0.533984375 0.714084201171875 0.523828125 0.7001953125 0.512109375 0.69741753515625 0.498828125 0.714084201171875 0.496484375 0.72797308984375 0.498046875 0.74741753515625 0.50789325390625 0.763671875
3 0.338671875 0.96950955078125 0.325390625 0.979231771484375 0.299609375 0.979231771484375 0.285246060546875 0.998046875 0.415444865234375 0.998046875 0.431640625 0.9496231875 0.431640625 0.94578269921875 0.404296875 0.89312066015625 0.373828125 0.863953994140625 0.356640625 0.83062066015625 0.345703125 0.79450955078125 0.340441892578125 0.78515625 0.33898926171875 0.78515625 0.335546875 0.78617621484375 0.337109375 0.838953994140625 0.350390625 0.86812066015625 0.358203125 0.904231771484375 0.350390625 0.9153428828125 0.341796875 0.95006510546875 0.344921875 0.959787328125 0.338671875 0.96950955078125
12 0.3365234375 0.112608505859375 0.2701171875 0.115386283203125 0.2623046875 0.127886283203125 0.2732421875 0.27649739453125 0.2748046875 0.366775171875 0.2943359375 0.602886283203125 0.3169921875 0.984830728515625 0.3195263671875 0.99609375 0.340162869140625 0.99609375 0.4685546875 0.979275171875 0.4818359375 0.9737196171875 0.6693359375 0.954275171875 0.6763671875 0.93344183984375 0.7076171875 0.477886283203125 0.7279296875 0.1376085078125 0.7263671875 0.115386283203125 0.3365234375 0.112608505859375