0 0.4921875 0.537109375 0.509765625 0.54296875 0.509765625 0.619140625 0.498046875 0.623046875 0.494140625 0.626953125 0.48828125 0.626953125 0.478515625 0.630859375 0.439453125 0.630859375 0.4140625 0.623046875 0.4140625 0.548828125 0.4453125 0.537109375 0.490234375 0.537109375
5 0.548828125 0.60546875 0.5546875 0.611328125 0.55859375 0.623046875 0.55859375 0.662109375 0.556640625 0.6640625 0.55859375 0.666015625 0.55859375 0.69140625 0.552734375 0.705078125 0.546875 0.7109375 0.53125 0.7109375 0.5234375 0.703125 0.517578125 0.69140625 0.51171875 0.69140625 0.50390625 0.6875 0.50390625 0.669921875 0.501953125 0.66796875 0.50390625 0.662109375 0.50390625 0.64453125 0.505859375 0.64453125 0.505859375 0.6640625 0.509765625 0.66796875 0.517578125 0.6640625 0.5234375 0.6484375 0.5234375 0.63671875 0.52734375 0.626953125 0.52734375 0.6171875 0.53515625 0.60546875 0.5390625 0.603515625 0.544921875 0.603515625 0.546875 0.60546875
6 0.494140625 0.712890625 0.501953125 0.712890625 0.505859375 0.732421875 0.515625 0.748046875 0.515625 0.78515625 0.51171875 0.79296875 0.51171875 0.798828125 0.5078125 0.8046875 0.5078125 0.841796875 0.50390625 0.84765625 0.50390625 0.8515625 0.5 0.853515625 0.484375 0.853515625 0.470703125 0.845703125 0.46484375 0.8359375 0.466796875 0.802734375 0.470703125 0.794921875 0.470703125 0.78125 0.46875 0.779296875 0.470703125 0.748046875 0.474609375 0.736328125 0.48828125 0.7265625 0.490234375 0.71875 0.494140625 0.71484375
1 0.4078125 0.404383681640625 0.409375 0.379383681640625 0.39765625 0.361328125 0.3734375 0.379383681640625 0.3421875 0.4557725703125 0.340625 0.46410590234375 0.34375 0.479383681640625 0.35703125 0.486328125 0.3765625 0.473828125 0.4078125 0.404383681640625
10 0.58984375 0.597526521484375 0.58984375 0.637469482421875 0.590212673828125 0.637434896484375 0.595768228515625 0.631184896484375 0.6360460078125 0.637434896484375 0.650390625 0.636282203125 0.650390625 0.580342611328125 0.624934896484375 0.581184896484375 0.60687933984375 0.586653646484375 0.60132378515625 0.595247396484375 0.58984375 0.597526521484375
7 0.60866313671875 0.689453125 0.608436 0.689453125 0.58671875 0.707378470703125 0.584375 0.7282118046875 0.59609375 0.7532118046875 0.61640625 0.74904513671875 0.623305666015625 0.755859375 0.62349609375 0.755859375 0.6265625 0.74904513671875 0.6265625 0.726822916015625 0.62265625 0.7157118046875 0.60866313671875 0.689453125
12 0.54765625 0.8403211796875 0.5796875 0.7778211796875 0.60078125 0.763932291015625 0.61875 0.734765623046875 0.6390625 0.759765625 0.63828125 0.7778211796875 0.63125 0.80004340234375 0.63828125 0.808376736328125 0.6453125 0.8292100703125 0.6453125 0.85698784765625 0.65859375 0.86254340234375 0.659375 0.86809895703125 0.671875 0.8653211796875 0.69140625 0.870876736328125 0.70234375 0.887543400390625 0.71567383984375 0.888671875 0.718896484375 0.888671875 0.72265625 0.881987845703125 0.72265625 0.8653211796875 0.7015625 0.513932291015625 0.66875 0.05559895703125 0.515625 0.034765625 0.51015625 0.040321181640625 0.4921875 0.0417100703125 0.48359375 0.030598958984375 0.31814778125 0.005859375 0.316318359375 0.005859375 0.31171875 0.01948784765625 0.2984375 0.263932291015625 0.290625 0.343098958984375 0.28125 0.541710068359375 0.2765625 0.5653211796875 0.278125 0.5792100703125 0.2671875 0.634765625 0.2734375 0.658376734375 0.2703125 0.6778211796875 0.26875 0.74865451171875 0.2625 0.79448784765625 0.26171875 0.883376736328125 0.26875 0.880598958984375 0.271875 0.886154513671875 0.28461914453125 0.888671875 0.48455810546875 0.888671875 0.49609375 0.872265625 0.51953125 0.86809895703125 0.53515625 0.845876734375 0.54765625 0.8403211796875
4 0.564453125 0.492307328125 0.564453125 0.457400173828125 0.525217013671875 0.45004340234375 0.521484375 0.450234275390625 0.521484375 0.487052998046875 0.564453125 0.492307328125
3 0.45859375 0.197569443359375 0.4421875 0.18645833203125 0.43984375 0.15590277734375 0.43359375 0.1336805546875 0.425 0.12395833203125 0.434375 0.082291666015625 0.44609375 0.060069443359375 0.4484375 0.004513888671875 0.44483642578125 0.001953125 0.444391740234375 0.001953125 0.43828125 0.01145833203125 0.425 0.053125 0.403125 0.090625 0.3859375 0.101736111328125 0.36015625 0.147569443359375 0.3078125 0.197569443359375 0.296875 0.201736111328125 0.28917347265625 0.216796875 0.305236802734375 0.216796875 0.494140625 0.21426231640625 0.494140625 0.211259919921875 0.48515625 0.197569443359375 0.45859375 0.197569443359375
2 0.52734375 0.3623046875 0.06640625 0.14208984375
8 0.431640625 0.65625 0.44140625 0.6640625 0.443359375 0.669921875 0.443359375 0.701171875 0.4375 0.71875 0.4375 0.7265625 0.43359375 0.734375 0.431640625 0.75 0.4296875 0.75390625 0.419921875 0.7578125 0.412109375 0.755859375 0.404296875 0.744140625 0.404296875 0.7109375 0.40625 0.708984375 0.412109375 0.66796875 0.419921875 0.65625 0.4296875 0.65625
11 0.44140625 0.3515625 0.4609375 0.3671875 0.48828125 0.384765625 0.490234375 0.388671875 0.494140625 0.388671875 0.494140625 0.427734375 0.48046875 0.427734375 0.4765625 0.42578125 0.46484375 0.4140625 0.416015625 0.380859375 0.416015625 0.353515625 0.41796875 0.3515625 0.439453125 0.3515625