0 0.41015625 0.602674697265625 0.417447916015625 0.6057508671875 0.42855902734375 0.631532119140625 0.44800347265625 0.636219619140625 0.47300347265625 0.635438369140625 0.4952256953125 0.6299696171875 0.509765625 0.621435310546875 0.509765625 0.546742080078125 0.504947916015625 0.544032119140625 0.4827256953125 0.538563369140625 0.454947916015625 0.5377821171875 0.421614583984375 0.547938369140625 0.41015625 0.555592177734375 0.41015625 0.602674697265625
7 0.397265625 0.268164060546875 0.398828125 0.272330728515625 0.412109375 0.290386283203125 0.424609375 0.2987196171875 0.428515625 0.294552951171875 0.431640625 0.280664060546875 0.442578125 0.257052951171875 0.443359375 0.251960357421875 0.443359375 0.239791044921875 0.428515625 0.22094183984375 0.4203552265625 0.216796875 0.4163879375 0.216796875 0.412890625 0.22094183984375 0.401171875 0.250108505859375 0.397265625 0.268164060546875
8 0.3865234375 0.61976996484375 0.3794921875 0.615603298828125 0.3708984375 0.615603298828125 0.3599609375 0.6294921875 0.3498046875 0.689214408203125 0.3498046875 0.701714408203125 0.3552734375 0.714214408203125 0.3693359375 0.718381076171875 0.3771484375 0.711436630859375 0.3943359375 0.658658853515625 0.3943359375 0.6350477421875 0.3865234375 0.61976996484375
11 0.36356580078125 0.5078125 0.341796875 0.547894966796875 0.332421875 0.57983941015625 0.327734375 0.58678385546875 0.326171875 0.59928385546875 0.328460693359375 0.607421875 0.340340169921875 0.607421875 0.360546875 0.5701171875 0.375 0.5346343828125 0.375 0.5208116328125 0.369140625 0.510394966796875 0.364056396484375 0.5078125 0.36356580078125 0.5078125
2 0.568359375 0.688902876953125 0.568359375 0.74464427734375 0.5838758671875 0.745290798828125 0.625 0.743511388671875 0.625 0.688427349609375 0.568359375 0.688902876953125
6 0.48046875 0.754491509765625 0.48046875 0.78557671484375 0.514040798828125 0.79097222265625 0.51953125 0.79107184765625 0.51953125 0.758153619140625 0.48046875 0.754491509765625
4 0.523828125 0.50208333203125 0.528515625 0.513194443359375 0.548046875 0.52152777734375 0.557421875 0.50902777734375 0.564453125 0.466982322265625 0.564453125 0.428125 0.563671875 0.425694443359375 0.550634765625 0.41796875 0.538330078125 0.41796875 0.534765625 0.4243055546875 0.523046875 0.4868055546875 0.523828125 0.50208333203125
10 0.39375 0.51022135546875 0.39140625 0.519943578125 0.38125 0.52827691015625 0.38203125 0.5379991328125 0.390625 0.544943578125 0.415625 0.54772135546875 0.44375 0.539388021484375 0.446875 0.521332466796875 0.465625 0.47272135546875 0.46640625 0.429665798828125 0.4569023984375 0.41796875 0.45057705859375 0.41796875 0.4328125 0.432443578125 0.4171875 0.432443578125 0.40703125 0.464388021484375 0.4109375 0.51022135546875 0.4 0.51577691015625 0.39375 0.51022135546875
1 0.399230955078125 0.376953125 0.3908203125 0.38040364453125 0.3798828125 0.3970703125 0.3681640625 0.441514755859375 0.3564453125 0.460959201171875 0.3572265625 0.48179253515625 0.3658203125 0.501236978515625 0.37257690625 0.50390625 0.372960068359375 0.50390625 0.3978515625 0.479014755859375 0.4025390625 0.458181423828125 0.4158203125 0.43040364453125 0.4056640625 0.413736978515625 0.401066080078125 0.376953125 0.399230955078125 0.376953125
5 0.42007378515625 0.4026475703125 0.439518228515625 0.4081163203125 0.453125 0.406840685546875 0.453125 0.366880533203125 0.436740451171875 0.3573350703125 0.4047960078125 0.3581163203125 0.40234375 0.359119515625 0.40234375 0.401417712890625 0.4034071171875 0.4018663203125 0.42007378515625 0.4026475703125
9 0.533984375 0.285915798828125 0.534765625 0.2553602421875 0.524773763671875 0.236328125 0.50789325390625 0.236328125 0.498046875 0.25258246484375 0.496484375 0.27202691015625 0.498828125 0.285915798828125 0.512109375 0.30258246484375 0.523828125 0.2998046875 0.533984375 0.285915798828125
3 0.306271701171875 0.08645833203125 0.283203125 0.085775380859375 0.283203125 0.10152650390625 0.2979383671875 0.10598958203125 0.331271701171875 0.12317708203125 0.3604383671875 0.15364583203125 0.41460503515625 0.18177083203125 0.431640625 0.1760731171875 0.431640625 0.091355095703125 0.42710503515625 0.09427083203125 0.4173828125 0.09114583203125 0.38266058984375 0.09973958203125 0.371549478515625 0.10755208203125 0.3354383671875 0.09973958203125 0.306271701171875 0.08645833203125
12 0.5087890625 0.8626085078125 0.5220703125 0.8681640625 0.6705078125 0.8876085078125 0.6736328125 0.873719619140625 0.6962890625 0.491775173828125 0.7158203125 0.2556640625 0.7173828125 0.16538628515625 0.7283203125 0.016775173828125 0.7205078125 0.004275173828125 0.7116882265625 0.00390625 0.316033974609375 0.00390625 0.2642578125 0.004275173828125 0.2626953125 0.026497396484375 0.2830078125 0.366775173828125 0.3142578125 0.82233073046875 0.3212890625 0.8431640625 0.5087890625 0.8626085078125