12 0.634375 0.9972222222222222 0.7265625 0.9916666666666667 0.6828125 0.28055555555555556 0.67265625 0.13333333333333333 0.66875 0.1111111111111111 0.41796875 0.14583333333333334 0.4109375 0.1486111111111111 0.40349296875 0.14728611111111112 0.38736328124999997 0.1505888888888889 0.3828125 0.15138888888888888 0.31640625 0.16111111111111112 0.303125 0.3277777777777778 0.271875 0.8194444444444444 0.26328125 0.9958333333333333 0.634375 0.9972222222222222
10 0.41015625 0.30972222222222223 0.41875 0.3277777777777778 0.434375 0.3263888888888889 0.4421875 0.29305555555555557 0.440625 0.26805555555555555 0.42265625 0.2013888888888889 0.40625 0.15694444444444444 0.39921875 0.09722222222222222 0.39140625 0.1 0.38828125 0.11944444444444445 0.38984375 0.1986111111111111 0.41015625 0.30972222222222223
5 0.52109375 0.38333333333333336 0.52890625 0.3888888888888889 0.53984375 0.3875 0.546875 0.37916666666666665 0.55546875 0.35555555555555557 0.56015625 0.37916666666666665 0.565625 0.37777777777777777 0.5640625 0.3375 0.55234375 0.3194444444444444 0.54296875 0.2861111111111111 0.534375 0.2791666666666667 0.5234375 0.2791666666666667 0.51484375 0.2861111111111111 0.50703125 0.30277777777777776 0.50625 0.32083333333333336 0.52109375 0.38333333333333336
0 0.43046875 0.5861111111111111 0.44609375 0.6125 0.45390625 0.6111111111111112 0.46328125 0.6236111111111111 0.48671875 0.6208333333333333 0.5078125 0.6027777777777777 0.51875 0.5805555555555556 0.52578125 0.5458333333333333 0.52421875 0.5208333333333334 0.515625 0.4847222222222222 0.5015625 0.4638888888888889 0.48671875 0.45416666666666666 0.46640625 0.45555555555555555 0.4453125 0.4722222222222222 0.43203125 0.49444444444444446 0.425 0.5236111111111111 0.42421875 0.5555555555555556 0.43046875 0.5861111111111111
2 0.34765625 0.6041666666666666 0.3734375 0.6541666666666667 0.38203125 0.6611111111111111 0.39609375 0.6611111111111111 0.4140625 0.6416666666666667 0.41953125 0.6208333333333333 0.41875 0.5944444444444444 0.4046875 0.55 0.3921875 0.5277777777777778 0.38203125 0.5208333333333334 0.36328125 0.525 0.35546875 0.5333333333333333 0.3453125 0.5569444444444445 0.34375 0.5833333333333334 0.34765625 0.6041666666666666
4 0.5265625 0.5263888888888889 0.528125 0.5541666666666667 0.534375 0.575 0.54140625 0.5833333333333334 0.56015625 0.5763888888888888 0.56640625 0.5611111111111111 0.56640625 0.5472222222222223 0.5546875 0.4861111111111111 0.55078125 0.4791666666666667 0.54140625 0.4777777777777778 0.5296875 0.48333333333333334 0.5234375 0.4930555555555556 0.521875 0.5055555555555555 0.5265625 0.5263888888888889
6 0.60078125 0.6083333333333333 0.61015625 0.6194444444444445 0.621875 0.6180555555555556 0.63046875 0.5972222222222222 0.634375 0.5472222222222223 0.6328125 0.5097222222222222 0.62578125 0.4888888888888889 0.6140625 0.4847222222222222 0.60390625 0.4888888888888889 0.59765625 0.5125 0.596875 0.5861111111111111 0.60078125 0.6083333333333333
1 0.5953125 0.4625 0.60859375 0.4708333333333333 0.61640625 0.46111111111111114 0.61796875 0.45 0.615625 0.38333333333333336 0.61875 0.3527777777777778 0.6125 0.3263888888888889 0.6046875 0.31666666666666665 0.5984375 0.31527777777777777 0.58671875 0.33055555555555555 0.58671875 0.4361111111111111 0.5953125 0.4625
9 0.43203125 0.4027777777777778 0.4375 0.4222222222222222 0.45078125 0.42916666666666664 0.46328125 0.41805555555555557 0.465625 0.39305555555555555 0.46015625 0.37222222222222223 0.45390625 0.36666666666666664 0.4421875 0.36666666666666664 0.43515625 0.375 0.43203125 0.38472222222222224 0.43203125 0.4027777777777778
7 0.38046875 0.39305555555555555 0.3890625 0.4236111111111111 0.39765625 0.42083333333333334 0.41484375 0.4027777777777778 0.409375 0.3680555555555556 0.39453125 0.3402777777777778 0.37109375 0.36527777777777776 0.37265625 0.37777777777777777 0.38046875 0.39305555555555555
11 0.3578125 0.49722222222222223 0.3828125 0.49166666666666664 0.38125 0.4638888888888889 0.3625 0.40694444444444444 0.34140625 0.4083333333333333 0.33359375 0.41388888888888886 0.334375 0.4388888888888889 0.3578125 0.49722222222222223
8 0.5734375 0.25277777777777777 0.58125 0.2611111111111111 0.596875 0.25416666666666665 0.60234375 0.2388888888888889 0.60234375 0.16666666666666666 0.5953125 0.15555555555555556 0.58203125 0.1527777777777778 0.56875 0.16805555555555557 0.5671875 0.18888888888888888 0.5734375 0.25277777777777777
3 0.45546875 0.7152777777777778 0.43828125 0.7458333333333333 0.4328125 0.7638888888888888 0.4171875 0.7638888888888888 0.403125 0.7513888888888889 0.39375 0.7513888888888889 0.37578125 0.7583333333333333 0.37265625 0.7652777777777777 0.37890625 0.7708333333333334 0.39140625 0.7708333333333334 0.41875 0.7902777777777777 0.4296875 0.8013888888888889 0.43671875 0.8194444444444444 0.478125 0.85 0.4859375 0.8291666666666667 0.5078125 0.7930555555555555 0.49140625 0.7305555555555555 0.475 0.7055555555555556 0.4671875 0.6847222222222222 0.4578125 0.6444444444444445 0.45703125 0.6222222222222222 0.45234375 0.6166666666666667 0.44609375 0.6569444444444444 0.45546875 0.7152777777777778