0 0.43125 0.5875 0.44609375 0.6125 0.45390625 0.6111111111111112 0.4640625 0.6236111111111111 0.48828125 0.6194444444444445 0.50703125 0.6027777777777777 0.51875 0.5805555555555556 0.52578125 0.5444444444444444 0.525 0.5277777777777778 0.5140625 0.48194444444444445 0.5 0.4625 0.484375 0.45416666666666666 0.4640625 0.45694444444444443 0.4421875 0.47638888888888886 0.4296875 0.5013888888888889 0.425 0.525 0.425 0.5611111111111111 0.43125 0.5875
2 0.3484375 0.6055555555555555 0.37578125 0.6569444444444444 0.38828125 0.6625 0.3984375 0.6597222222222222 0.41484375 0.6388888888888888 0.41953125 0.6194444444444445 0.41875 0.5944444444444444 0.40390625 0.5486111111111112 0.390625 0.5263888888888889 0.38125 0.5208333333333334 0.365625 0.5236111111111111 0.35546875 0.5333333333333333 0.3453125 0.5569444444444445 0.34375 0.5819444444444445 0.3484375 0.6055555555555555
4 0.54140625 0.5833333333333334 0.56015625 0.5763888888888888 0.56640625 0.5611111111111111 0.56640625 0.5472222222222223 0.5546875 0.4861111111111111 0.5484375 0.4777777777777778 0.54140625 0.4777777777777778 0.52890625 0.4847222222222222 0.52265625 0.49722222222222223 0.53203125 0.5694444444444444 0.54140625 0.5833333333333334
6 0.60078125 0.6069444444444444 0.61015625 0.6194444444444445 0.62265625 0.6166666666666667 0.63046875 0.5958333333333333 0.634375 0.5472222222222223 0.6328125 0.5097222222222222 0.62578125 0.4888888888888889 0.6140625 0.4847222222222222 0.603125 0.49027777777777776 0.59765625 0.5125 0.596875 0.5861111111111111 0.60078125 0.6069444444444444
11 0.359375 0.4986111111111111 0.38359375 0.49027777777777776 0.38203125 0.4666666666666667 0.36171875 0.40555555555555556 0.33359375 0.4125 0.334375 0.4388888888888889 0.359375 0.4986111111111111
9 0.4375 0.4222222222222222 0.45390625 0.42777777777777776 0.46328125 0.41805555555555557 0.465625 0.39305555555555555 0.46015625 0.37222222222222223 0.44609375 0.36527777777777776 0.434375 0.3763888888888889 0.43203125 0.4027777777777778 0.4375 0.4222222222222222
7 0.37109375 0.37222222222222223 0.38671875 0.41944444444444445 0.39140625 0.4236111111111111 0.41171875 0.4083333333333333 0.41484375 0.3972222222222222 0.4046875 0.35694444444444445 0.39375 0.3402777777777778 0.38359375 0.35 0.37109375 0.36527777777777776 0.37109375 0.37222222222222223
5 0.51796875 0.3763888888888889 0.521875 0.38333333333333336 0.5296875 0.3888888888888889 0.5390625 0.3875 0.55625 0.35555555555555557 0.56015625 0.37777777777777777 0.56484375 0.37916666666666665 0.5640625 0.3388888888888889 0.56015625 0.3277777777777778 0.5515625 0.3194444444444444 0.5484375 0.3 0.5421875 0.2861111111111111 0.53359375 0.2791666666666667 0.52421875 0.2791666666666667 0.5125 0.2902777777777778 0.50703125 0.30416666666666664 0.50703125 0.3236111111111111 0.51796875 0.3763888888888889
10 0.38671875 0.1125 0.3890625 0.12222222222222222 0.38984375 0.1986111111111111 0.39375 0.225 0.41171875 0.31666666666666665 0.41875 0.3277777777777778 0.42890625 0.32916666666666666 0.43515625 0.325 0.4390625 0.3138888888888889 0.440625 0.26805555555555555 0.41484375 0.1763888888888889 0.409375 0.16805555555555557 0.39921875 0.09861111111111111 0.3921875 0.09722222222222222 0.38671875 0.10416666666666667 0.38671875 0.1125
8 0.57109375 0.24722222222222223 0.58046875 0.2611111111111111 0.5953125 0.25555555555555554 0.60234375 0.2375 0.6015625 0.16527777777777777 0.59296875 0.15416666666666667 0.584375 0.1527777777777778 0.57578125 0.15694444444444444 0.56875 0.16944444444444445 0.5671875 0.1875 0.57109375 0.24722222222222223
1 0.58671875 0.43472222222222223 0.5953125 0.4625 0.60859375 0.4708333333333333 0.61640625 0.46111111111111114 0.61796875 0.45 0.61796875 0.35 0.61171875 0.325 0.60546875 0.31666666666666665 0.59921875 0.31527777777777777 0.5875 0.32916666666666666 0.58515625 0.3375 0.58671875 0.43472222222222223
3 0.4546875 0.7180555555555556 0.4390625 0.7430555555555556 0.43671875 0.7569444444444444 0.41796875 0.7638888888888888 0.403125 0.7513888888888889 0.39375 0.7513888888888889 0.37578125 0.7583333333333333 0.37265625 0.7652777777777777 0.39453125 0.7736111111111111 0.41796875 0.7902777777777777 0.4296875 0.8027777777777778 0.4359375 0.8194444444444444 0.4703125 0.8430555555555556 0.47734375 0.8527777777777777 0.4875 0.8263888888888888 0.5078125 0.7930555555555555 0.4921875 0.7333333333333333 0.4703125 0.6916666666666667 0.45859375 0.6472222222222223 0.45703125 0.6222222222222222 0.45234375 0.6166666666666667 0.446875 0.6638888888888889 0.4546875 0.7180555555555556
12 0.26484375 0.9986111111111111 0.63359375 0.9986111111111111 0.72734375 0.9930555555555556 0.715625 0.8180555555555555 0.71484375 0.7444444444444445 0.709375 0.7208333333333333 0.70703125 0.6888888888888889 0.6859375 0.3236111111111111 0.67265625 0.125 0.66953125 0.1111111111111111 0.328125 0.15555555555555556 0.31640625 0.16111111111111112 0.2890625 0.5361111111111111 0.2703125 0.8458333333333333 0.2625 0.9777777777777777 0.26484375 0.9986111111111111