11 0.43515625 0.5444444444444444 0.49296875 0.6263888888888889 0.49453125 0.6430555555555556 0.48046875 0.6736111111111112 0.4359375 0.6083333333333333 0.4171875 0.5847222222222223 0.4171875 0.5722222222222222 0.43203125 0.5444444444444444 0.434375 0.5444444444444444
0 0.475 0.3388888888888889 0.49296875 0.35 0.50234375 0.3638888888888889 0.509375 0.3888888888888889 0.5109375 0.41805555555555557 0.50703125 0.44027777777777777 0.49296875 0.46805555555555556 0.48125 0.48055555555555557 0.4609375 0.4875 0.44375 0.4847222222222222 0.428125 0.4708333333333333 0.4203125 0.45694444444444443 0.415625 0.44305555555555554 0.41328125 0.42083333333333334 0.4140625 0.4041666666666667 0.4171875 0.3888888888888889 0.4265625 0.36527777777777776 0.43828125 0.35 0.4609375 0.3388888888888889 0.47421875 0.3388888888888889
5 0.54921875 0.2902777777777778 0.55546875 0.2986111111111111 0.559375 0.3138888888888889 0.5578125 0.3347222222222222 0.559375 0.37083333333333335 0.55625 0.38472222222222224 0.55078125 0.39305555555555555 0.5453125 0.3958333333333333 0.53515625 0.39444444444444443 0.528125 0.38472222222222224 0.52109375 0.3458333333333333 0.51640625 0.3347222222222222 0.5125 0.33194444444444443 0.50703125 0.3347222222222222 0.5046875 0.35694444444444445 0.5015625 0.33194444444444443 0.5046875 0.3111111111111111 0.515625 0.30833333333333335 0.53046875 0.28888888888888886 0.54375 0.2875 0.5484375 0.2902777777777778
6 0.48515625 0.14305555555555555 0.4953125 0.16111111111111112 0.5046875 0.16527777777777777 0.50859375 0.1736111111111111 0.51171875 0.19722222222222222 0.51015625 0.22083333333333333 0.51640625 0.2611111111111111 0.51484375 0.2708333333333333 0.5109375 0.2763888888888889 0.49140625 0.2861111111111111 0.4796875 0.2847222222222222 0.47265625 0.27361111111111114 0.471875 0.24027777777777778 0.46484375 0.21666666666666667 0.46328125 0.20277777777777778 0.46328125 0.18472222222222223 0.465625 0.1763888888888889 0.47265625 0.16666666666666666 0.478125 0.14444444444444443 0.4796875 0.14166666666666666 0.484375 0.14305555555555555
1 0.3734375 0.6263888888888889 0.39296875 0.6388888888888888 0.40625 0.6319444444444444 0.409375 0.6166666666666667 0.4078125 0.6083333333333333 0.3765625 0.5319444444444444 0.35234375 0.5138888888888888 0.340625 0.5319444444444444 0.3421875 0.5569444444444445 0.3734375 0.6263888888888889
10 0.596875 0.32916666666666666 0.5953125 0.34444444444444444 0.60546875 0.3388888888888889 0.61171875 0.3486111111111111 0.60703125 0.37222222222222223 0.5984375 0.37777777777777777 0.59296875 0.3958333333333333 0.59140625 0.44305555555555554 0.59921875 0.4625 0.60703125 0.46944444444444444 0.62265625 0.4777777777777778 0.63359375 0.47638888888888886 0.64296875 0.45694444444444443 0.646875 0.4361111111111111 0.64921875 0.40694444444444444 0.64296875 0.36666666666666664 0.64921875 0.3611111111111111 0.65078125 0.34444444444444444 0.63125 0.3194444444444444 0.60234375 0.3055555555555556 0.59453125 0.3055555555555556 0.590625 0.3111111111111111 0.590625 0.3194444444444444 0.596875 0.32916666666666666
7 0.584375 0.30416666666666664 0.5875 0.3111111111111111 0.59453125 0.30416666666666664 0.61484375 0.30833333333333335 0.6265625 0.2833333333333333 0.62421875 0.2625 0.60234375 0.24444444444444444 0.58828125 0.2708333333333333 0.584375 0.28194444444444444 0.584375 0.30416666666666664
12 0.2625 0.9875 0.26640625 0.9944444444444445 0.2828125 0.9930555555555556 0.29375 0.9763888888888889 0.31328125 0.9708333333333333 0.32578125 0.9736111111111111 0.3265625 0.9680555555555556 0.33984375 0.9625 0.33984375 0.9347222222222222 0.346875 0.9138888888888889 0.35390625 0.9055555555555556 0.346875 0.8833333333333333 0.34609375 0.8652777777777778 0.36640625 0.8402777777777778 0.384375 0.8694444444444445 0.40546875 0.8833333333333333 0.4375 0.9458333333333333 0.45 0.9513888888888888 0.465625 0.9736111111111111 0.4890625 0.9777777777777777 0.50078125 0.9944444444444445 0.69921875 0.9944444444444445 0.71328125 0.9916666666666667 0.71640625 0.9861111111111112 0.7234375 0.9888888888888889 0.72265625 0.9 0.71640625 0.8541666666666666 0.71484375 0.7833333333333333 0.71171875 0.7638888888888888 0.71796875 0.7402777777777778 0.70703125 0.6847222222222222 0.70859375 0.6708333333333333 0.70390625 0.6472222222222223 0.69453125 0.4486111111111111 0.68671875 0.36944444444444446 0.6734375 0.125 0.66875 0.1111111111111111 0.5015625 0.1361111111111111 0.49296875 0.14722222222222223 0.475 0.14583333333333334 0.46953125 0.14027777777777778 0.31640625 0.16111111111111112 0.28359375 0.6194444444444445 0.2625 0.9708333333333333 0.2625 0.9875
4 0.55 0.5791666666666667 0.56015625 0.5763888888888888 0.565625 0.5638888888888889 0.56640625 0.5486111111111112 0.5546875 0.4861111111111111 0.5484375 0.4777777777777778 0.5421875 0.4777777777777778 0.52578125 0.4875 0.52265625 0.49722222222222223 0.53046875 0.5611111111111111 0.55 0.5791666666666667
3 0.35 0.8638888888888889 0.359375 0.9055555555555556 0.35078125 0.9152777777777777 0.34453125 0.9375 0.3421875 0.9680555555555556 0.32578125 0.9791666666666666 0.29921875 0.9791666666666666 0.28828125 0.9958333333333333 0.4953125 0.9986111111111111 0.4875 0.9833333333333333 0.4765625 0.9791666666666666 0.42421875 0.9291666666666667 0.3984375 0.8833333333333333 0.38125 0.8722222222222222 0.359375 0.8347222222222223 0.34609375 0.7930555555555555 0.33984375 0.7833333333333333 0.3359375 0.7861111111111111 0.33828125 0.8416666666666667 0.35 0.8638888888888889
2 0.5328125 0.5666666666666667 0.546875 0.5763888888888888 0.55234375 0.5888888888888889 0.55859375 0.6138888888888889 0.55859375 0.6444444444444445 0.56015625 0.6527777777777778 0.5578125 0.6763888888888889 0.553125 0.6888888888888889 0.54609375 0.7 0.53515625 0.7069444444444445 0.51875 0.7041666666666667 0.50703125 0.6888888888888889 0.503125 0.6777777777777778 0.49453125 0.6277777777777778 0.49609375 0.6013888888888889 0.5046875 0.5791666666666667 0.5140625 0.5694444444444444 0.53203125 0.5666666666666667
8 0.4296875 0.24305555555555555 0.43671875 0.2569444444444444 0.44453125 0.3125 0.4421875 0.33055555555555555 0.4375 0.3375 0.4296875 0.3416666666666667 0.42265625 0.3402777777777778 0.415625 0.3333333333333333 0.40234375 0.2777777777777778 0.40234375 0.2611111111111111 0.40703125 0.24861111111111112 0.4171875 0.24027777777777778 0.42890625 0.24305555555555555