11 0.43125 0.5444444444444444 0.43515625 0.5444444444444444 0.4890625 0.6194444444444445 0.49453125 0.6333333333333333 0.49375 0.6458333333333334 0.4796875 0.6736111111111112 0.47578125 0.6638888888888889 0.465625 0.6527777777777778 0.4359375 0.6083333333333333 0.4171875 0.5847222222222223 0.41640625 0.575 0.43125 0.5458333333333333
2 0.53828125 0.5708333333333333 0.54609375 0.5763888888888888 0.55078125 0.5847222222222223 0.55703125 0.6041666666666666 0.56015625 0.6597222222222222 0.5578125 0.675 0.55078125 0.6930555555555555 0.54296875 0.7027777777777777 0.5359375 0.7069444444444445 0.51875 0.7041666666666667 0.50703125 0.6888888888888889 0.503125 0.6777777777777778 0.5 0.6541666666666667 0.496875 0.6472222222222223 0.49453125 0.6125 0.49765625 0.5944444444444444 0.5078125 0.575 0.5203125 0.5666666666666667 0.53203125 0.5666666666666667 0.5375 0.5708333333333333
0 0.475 0.3388888888888889 0.49296875 0.35 0.50234375 0.3638888888888889 0.51015625 0.39444444444444443 0.5109375 0.41805555555555557 0.50859375 0.43333333333333335 0.503125 0.45 0.490625 0.4708333333333333 0.47578125 0.48333333333333334 0.45859375 0.4875 0.4390625 0.48194444444444445 0.428125 0.4708333333333333 0.4203125 0.45694444444444443 0.4140625 0.43333333333333335 0.4140625 0.4041666666666667 0.42109375 0.37777777777777777 0.434375 0.3541666666666667 0.4484375 0.34305555555555556 0.4609375 0.3388888888888889 0.47421875 0.3388888888888889
5 0.54453125 0.2875 0.55234375 0.29305555555555557 0.55703125 0.30277777777777776 0.559375 0.3138888888888889 0.55859375 0.3763888888888889 0.553125 0.3902777777777778 0.54609375 0.3958333333333333 0.53515625 0.39444444444444443 0.528125 0.38472222222222224 0.52109375 0.3458333333333333 0.51640625 0.3347222222222222 0.50859375 0.33194444444444443 0.50625 0.33611111111111114 0.5046875 0.35694444444444445 0.5015625 0.3375 0.503125 0.3138888888888889 0.5046875 0.3111111111111111 0.515625 0.30833333333333335 0.52421875 0.29444444444444445 0.53046875 0.28888888888888886 0.54375 0.2875
6 0.48515625 0.14305555555555555 0.49375 0.1597222222222222 0.5015625 0.1625 0.5078125 0.17083333333333334 0.51171875 0.1986111111111111 0.5109375 0.225 0.515625 0.2513888888888889 0.515625 0.26805555555555555 0.5125 0.275 0.49375 0.2861111111111111 0.48046875 0.2847222222222222 0.4734375 0.2763888888888889 0.471875 0.24166666666666667 0.46328125 0.20416666666666666 0.46328125 0.18472222222222223 0.46484375 0.17916666666666667 0.47265625 0.16666666666666666 0.478125 0.14444444444444443 0.4796875 0.14166666666666666 0.484375 0.14305555555555555
10 0.59765625 0.33055555555555555 0.5953125 0.34305555555555556 0.60625 0.3388888888888889 0.609375 0.34305555555555556 0.609375 0.35833333333333334 0.60625 0.37222222222222223 0.6 0.3763888888888889 0.59296875 0.3958333333333333 0.590625 0.41388888888888886 0.5921875 0.44583333333333336 0.5984375 0.46111111111111114 0.6125 0.4736111111111111 0.63359375 0.47638888888888886 0.64609375 0.44305555555555554 0.64921875 0.40694444444444444 0.64375 0.3680555555555556 0.64921875 0.3611111111111111 0.65078125 0.34305555555555556 0.6359375 0.32222222222222224 0.60625 0.30694444444444446 0.59296875 0.30694444444444446 0.58984375 0.31666666666666665 0.59765625 0.33055555555555555
1 0.35234375 0.5736111111111111 0.3734375 0.6263888888888889 0.3890625 0.6375 0.4 0.6375 0.40703125 0.6291666666666667 0.4078125 0.6097222222222223 0.3765625 0.5319444444444444 0.35703125 0.5152777777777777 0.346875 0.5180555555555556 0.340625 0.5319444444444444 0.3421875 0.5569444444444445 0.35234375 0.5736111111111111
7 0.584375 0.30277777777777776 0.58828125 0.3111111111111111 0.5984375 0.30416666666666664 0.6140625 0.30833333333333335 0.62578125 0.28888888888888886 0.625 0.2638888888888889 0.60234375 0.24444444444444444 0.58828125 0.2708333333333333 0.584375 0.28194444444444444 0.584375 0.30277777777777776
4 0.55 0.5791666666666667 0.56015625 0.5763888888888888 0.565625 0.5638888888888889 0.56640625 0.5486111111111112 0.5546875 0.4861111111111111 0.55078125 0.4791666666666667 0.54140625 0.4777777777777778 0.52578125 0.4875 0.52265625 0.49722222222222223 0.5296875 0.5611111111111111 0.55 0.5791666666666667
3 0.35 0.8638888888888889 0.359375 0.9055555555555556 0.35078125 0.9152777777777777 0.33828125 0.9694444444444444 0.325 0.9791666666666666 0.3 0.9791666666666666 0.28515625 0.9986111111111111 0.4953125 0.9986111111111111 0.48671875 0.9833333333333333 0.47109375 0.9791666666666666 0.42578125 0.9333333333333333 0.40234375 0.8888888888888888 0.3828125 0.875 0.37265625 0.8611111111111112 0.35703125 0.8291666666666667 0.34609375 0.7930555555555555 0.34140625 0.7847222222222222 0.3359375 0.7861111111111111 0.33828125 0.8388888888888889 0.35 0.8638888888888889
12 0.26484375 0.9944444444444445 0.28359375 0.9930555555555556 0.29375 0.9763888888888889 0.309375 0.9680555555555556 0.321875 0.975 0.33984375 0.9625 0.3390625 0.9347222222222222 0.34609375 0.9263888888888889 0.346875 0.9138888888888889 0.35390625 0.9041666666666667 0.3453125 0.8805555555555555 0.34609375 0.8652777777777778 0.334375 0.8430555555555556 0.3359375 0.8125 0.3328125 0.7861111111111111 0.3421875 0.7805555555555556 0.35 0.7888888888888889 0.35859375 0.8222222222222222 0.37265625 0.8527777777777777 0.38671875 0.8708333333333333 0.403125 0.8791666666666667 0.43828125 0.9458333333333333 0.44921875 0.95 0.465625 0.9736111111111111 0.47890625 0.9736111111111111 0.49375 0.9819444444444444 0.5015625 0.9958333333333333 0.70625 0.9944444444444445 0.7234375 0.9902777777777778 0.72421875 0.9402777777777778 0.71953125 0.8763888888888889 0.715625 0.875 0.71796875 0.8513888888888889 0.71484375 0.8319444444444445 0.71484375 0.7847222222222222 0.71171875 0.775 0.715625 0.7430555555555556 0.6796875 0.2569444444444444 0.67265625 0.125 0.66953125 0.1125 0.3171875 0.1597222222222222 0.30390625 0.3194444444444444 0.27578125 0.7569444444444444 0.26171875 0.9861111111111112 0.26484375 0.9944444444444445
8 0.41484375 0.33194444444444443 0.421875 0.3402777777777778 0.43984375 0.3347222222222222 0.44453125 0.31666666666666665 0.43515625 0.2513888888888889 0.428125 0.24166666666666667 0.4171875 0.24027777777777778 0.4078125 0.24722222222222223 0.40234375 0.2611111111111111 0.40234375 0.2791666666666667 0.41484375 0.33194444444444443
8 0.4296875 0.24305555555555555 0.43671875 0.25555555555555554 0.4453125 0.3138888888888889 0.44296875 0.32916666666666666 0.4390625 0.33611111111111114 0.4296875 0.3416666666666667 0.42265625 0.3402777777777778 0.41640625 0.3347222222222222 0.40234375 0.2777777777777778 0.40234375 0.2625 0.40703125 0.24861111111111112 0.4171875 0.24027777777777778 0.42890625 0.24305555555555555