0 0.4171875 0.44722222222222224 0.44296875 0.4583333333333333 0.44765625 0.46944444444444444 0.44765625 0.48194444444444445 0.4515625 0.4875 0.4640625 0.4875 0.4859375 0.47638888888888886 0.50078125 0.45416666666666666 0.5109375 0.42083333333333334 0.51015625 0.39305555555555555 0.5046875 0.37083333333333335 0.49140625 0.3472222222222222 0.47578125 0.3388888888888889 0.46015625 0.3388888888888889 0.4375 0.3486111111111111 0.41875 0.38055555555555554 0.41328125 0.4027777777777778 0.4125 0.42777777777777776 0.4171875 0.44722222222222224
7 0.4015625 0.75 0.41328125 0.7791666666666667 0.41796875 0.7847222222222222 0.42890625 0.7791666666666667 0.4453125 0.7583333333333333 0.44296875 0.7430555555555556 0.43203125 0.7194444444444444 0.42890625 0.7055555555555556 0.425 0.7013888888888888 0.4125 0.7097222222222223 0.39921875 0.7277777777777777 0.39765625 0.7319444444444444 0.4015625 0.75
8 0.3671875 0.37777777777777777 0.375 0.38472222222222224 0.3890625 0.38055555555555554 0.39453125 0.3680555555555556 0.39453125 0.35555555555555557 0.384375 0.29583333333333334 0.3734375 0.28194444444444444 0.36484375 0.28194444444444444 0.3578125 0.2861111111111111 0.35 0.3013888888888889 0.35 0.325 0.3671875 0.37777777777777777
11 0.32578125 0.4152777777777778 0.3421875 0.45555555555555555 0.3625 0.4930555555555556 0.37421875 0.4930555555555556 0.3765625 0.4847222222222222 0.375 0.4722222222222222 0.3703125 0.4652777777777778 0.3609375 0.43333333333333335 0.3390625 0.39305555555555555 0.33359375 0.3958333333333333 0.32578125 0.4097222222222222 0.32578125 0.4152777777777778
2 0.5734375 0.3416666666666667 0.58203125 0.35555555555555557 0.58828125 0.35833333333333334 0.5984375 0.3597222222222222 0.6125 0.3527777777777778 0.61875 0.3416666666666667 0.62421875 0.32222222222222224 0.6265625 0.26805555555555555 0.625 0.23055555555555557 0.61953125 0.21805555555555556 0.6109375 0.20833333333333334 0.5921875 0.20555555555555555 0.58125 0.21388888888888888 0.5703125 0.2361111111111111 0.56953125 0.32916666666666666 0.5734375 0.3416666666666667
6 0.49375 0.2916666666666667 0.503125 0.3055555555555556 0.515625 0.3013888888888889 0.5203125 0.28888888888888886 0.5203125 0.275 0.51171875 0.18333333333333332 0.50078125 0.15833333333333333 0.49375 0.15 0.4890625 0.15138888888888888 0.48046875 0.17083333333333334 0.48125 0.21388888888888888 0.49375 0.2916666666666667
4 0.53203125 0.5708333333333333 0.54140625 0.5833333333333334 0.5609375 0.575 0.565625 0.5638888888888889 0.56640625 0.5486111111111112 0.5546875 0.4861111111111111 0.55078125 0.4791666666666667 0.5421875 0.4777777777777778 0.52578125 0.4875 0.52265625 0.49722222222222223 0.5234375 0.5194444444444445 0.53203125 0.5708333333333333
10 0.39140625 0.48055555555555557 0.39375 0.49027777777777776 0.4 0.4847222222222222 0.4109375 0.49027777777777776 0.40703125 0.5361111111111111 0.4171875 0.5680555555555555 0.4328125 0.5680555555555555 0.4515625 0.5833333333333334 0.45625 0.5833333333333334 0.46640625 0.5708333333333333 0.465625 0.5277777777777778 0.446875 0.4791666666666667 0.44375 0.46111111111111114 0.415625 0.4527777777777778 0.390625 0.45555555555555555 0.38203125 0.4625 0.38125 0.4722222222222222 0.39140625 0.48055555555555557
1 0.36796875 0.5583333333333333 0.3796875 0.6027777777777777 0.390625 0.6194444444444445 0.40078125 0.6236111111111111 0.40546875 0.5861111111111111 0.415625 0.5694444444444444 0.40234375 0.5416666666666666 0.39765625 0.5208333333333334 0.37265625 0.49583333333333335 0.365625 0.4986111111111111 0.35703125 0.5180555555555556 0.35625 0.5388888888888889 0.36796875 0.5583333333333333
5 0.42578125 0.6652777777777777 0.43984375 0.6680555555555555 0.4515625 0.6541666666666667 0.45390625 0.6291666666666667 0.4484375 0.6097222222222223 0.44765625 0.5930555555555556 0.440625 0.5763888888888888 0.43203125 0.5680555555555555 0.41953125 0.5694444444444444 0.41015625 0.5791666666666667 0.40390625 0.5944444444444444 0.403125 0.6263888888888889 0.42578125 0.6652777777777777
9 0.5078125 0.7625 0.51953125 0.7652777777777777 0.5328125 0.7486111111111111 0.53515625 0.7347222222222223 0.53359375 0.7152777777777778 0.52265625 0.6972222222222222 0.5078125 0.6972222222222222 0.496875 0.7180555555555556 0.49765625 0.7486111111111111 0.5078125 0.7625
3 0.35078125 0.8680555555555556 0.35859375 0.9041666666666667 0.35078125 0.9152777777777777 0.3421875 0.95 0.3453125 0.9597222222222223 0.3390625 0.9694444444444444 0.32578125 0.9791666666666666 0.3 0.9791666666666666 0.28515625 0.9986111111111111 0.415625 0.9986111111111111 0.4328125 0.9472222222222222 0.4046875 0.8930555555555556 0.37421875 0.8638888888888889 0.35703125 0.8305555555555556 0.34609375 0.7944444444444444 0.340625 0.7847222222222222 0.3359375 0.7861111111111111 0.3375 0.8388888888888889 0.35078125 0.8680555555555556
12 0.2640625 0.9958333333333333 0.65390625 0.9986111111111111 0.7203125 0.9958333333333333 0.728125 0.9833333333333333 0.7171875 0.8347222222222223 0.715625 0.7444444444444445 0.69609375 0.5083333333333333 0.6734375 0.12638888888888888 0.6703125 0.1125 0.521875 0.13194444444444445 0.50859375 0.1375 0.32109375 0.15694444444444444 0.3140625 0.17777777777777778 0.2828125 0.6333333333333333 0.2625 0.9736111111111111 0.2640625 0.9958333333333333