10 0.38671875 0.1125 0.3890625 0.18888888888888888 0.39375 0.225 0.41171875 0.31666666666666665 0.41953125 0.3277777777777778 0.43125 0.3277777777777778 0.43671875 0.32222222222222224 0.43984375 0.30972222222222223 0.440625 0.26944444444444443 0.41640625 0.18055555555555555 0.4109375 0.17222222222222222 0.40078125 0.10277777777777777 0.396875 0.09583333333333334 0.3921875 0.09722222222222222 0.38671875 0.10555555555555556 0.38671875 0.1125
5 0.52109375 0.38333333333333336 0.528125 0.3888888888888889 0.53984375 0.3875 0.54765625 0.3763888888888889 0.54921875 0.35833333333333334 0.55546875 0.35555555555555557 0.56015625 0.37916666666666665 0.565625 0.37777777777777777 0.5640625 0.3375 0.55234375 0.3194444444444444 0.54296875 0.2861111111111111 0.534375 0.2791666666666667 0.5234375 0.2791666666666667 0.51484375 0.2861111111111111 0.50703125 0.30277777777777776 0.50625 0.32222222222222224 0.52109375 0.38333333333333336
0 0.43046875 0.5861111111111111 0.4453125 0.6111111111111112 0.45390625 0.6111111111111112 0.46328125 0.6236111111111111 0.4890625 0.6194444444444445 0.50859375 0.6013888888888889 0.51875 0.5805555555555556 0.52578125 0.5430555555555555 0.515625 0.4847222222222222 0.5 0.4625 0.48515625 0.45416666666666666 0.46640625 0.45555555555555555 0.44453125 0.4736111111111111 0.43125 0.49722222222222223 0.425 0.525 0.425 0.5625 0.43046875 0.5861111111111111
2 0.3484375 0.6055555555555555 0.3734375 0.6541666666666667 0.38671875 0.6625 0.39609375 0.6611111111111111 0.41484375 0.6402777777777777 0.41953125 0.6194444444444445 0.41796875 0.5916666666666667 0.40390625 0.5486111111111112 0.3921875 0.5277777777777778 0.38203125 0.5208333333333334 0.36328125 0.525 0.35546875 0.5333333333333333 0.3453125 0.5569444444444445 0.34375 0.5833333333333334 0.3484375 0.6055555555555555
6 0.60078125 0.6083333333333333 0.61015625 0.6194444444444445 0.621875 0.6180555555555556 0.6296875 0.6027777777777777 0.6296875 0.5722222222222222 0.634375 0.5472222222222223 0.63046875 0.5 0.62265625 0.4861111111111111 0.6078125 0.4861111111111111 0.6015625 0.4930555555555556 0.59765625 0.5138888888888888 0.596875 0.5875 0.60078125 0.6083333333333333
11 0.3578125 0.49722222222222223 0.37109375 0.49722222222222223 0.3828125 0.49027777777777776 0.38125 0.4638888888888889 0.3625 0.40694444444444444 0.33515625 0.4111111111111111 0.33359375 0.4361111111111111 0.3578125 0.49722222222222223
1 0.58671875 0.4361111111111111 0.5953125 0.4625 0.60859375 0.4708333333333333 0.61640625 0.46111111111111114 0.61796875 0.45 0.61875 0.35138888888888886 0.61171875 0.3236111111111111 0.603125 0.31527777777777777 0.59140625 0.32222222222222224 0.5859375 0.3333333333333333 0.58828125 0.37777777777777777 0.58671875 0.4361111111111111
8 0.57109375 0.24722222222222223 0.58203125 0.2611111111111111 0.5921875 0.25833333333333336 0.6015625 0.24444444444444444 0.60234375 0.16805555555555557 0.5890625 0.1527777777777778 0.57734375 0.15555555555555556 0.5703125 0.1638888888888889 0.5671875 0.18888888888888888 0.57109375 0.24722222222222223
9 0.4375 0.4222222222222222 0.453125 0.42777777777777776 0.46328125 0.4166666666666667 0.46484375 0.3875 0.46015625 0.37222222222222223 0.45390625 0.36666666666666664 0.44296875 0.36666666666666664 0.4328125 0.38055555555555554 0.43203125 0.40555555555555556 0.4375 0.4222222222222222
7 0.37109375 0.37083333333333335 0.38671875 0.41944444444444445 0.3921875 0.4236111111111111 0.41328125 0.40694444444444444 0.4140625 0.3875 0.4046875 0.35694444444444445 0.39453125 0.3402777777777778 0.38515625 0.3486111111111111 0.37109375 0.36527777777777776 0.37109375 0.37083333333333335
4 0.54140625 0.5833333333333334 0.56015625 0.5763888888888888 0.56640625 0.5611111111111111 0.56640625 0.5486111111111112 0.55390625 0.48333333333333334 0.54140625 0.4777777777777778 0.52890625 0.4847222222222222 0.52265625 0.49583333333333335 0.53203125 0.5694444444444444 0.54140625 0.5833333333333334
12 0.2640625 0.9944444444444445 0.67109375 0.9958333333333333 0.7265625 0.9902777777777778 0.72578125 0.9416666666666667 0.7125 0.7680555555555556 0.71328125 0.7527777777777778 0.71875 0.7388888888888889 0.709375 0.7152777777777778 0.703125 0.6013888888888889 0.69921875 0.5847222222222223 0.6984375 0.5208333333333334 0.69375 0.49444444444444446 0.68828125 0.4 0.684375 0.3861111111111111 0.68515625 0.35555555555555557 0.6796875 0.3375 0.68203125 0.31805555555555554 0.67890625 0.2361111111111111 0.67578125 0.22777777777777777 0.67734375 0.1986111111111111 0.67109375 0.11666666666666667 0.66875 0.1125 0.653125 0.1125 0.5921875 0.12777777777777777 0.56484375 0.12638888888888888 0.35 0.15416666666666667 0.334375 0.15694444444444444 0.3171875 0.16944444444444445 0.278125 0.7194444444444444 0.2625 0.9736111111111111 0.2640625 0.9944444444444445
3 0.3328125 0.4263888888888889 0.3375 0.44583333333333336 0.3453125 0.4597222222222222 0.36328125 0.4722222222222222 0.37421875 0.4375 0.3859375 0.42916666666666664 0.3984375 0.43194444444444446 0.40703125 0.44166666666666665 0.4109375 0.4097222222222222 0.409375 0.3680555555555556 0.41171875 0.3527777777777778 0.409375 0.34305555555555556 0.40390625 0.3416666666666667 0.37421875 0.38472222222222224 0.35 0.39861111111111114 0.33984375 0.4 0.32890625 0.3888888888888889 0.30546875 0.3902777777777778 0.3078125 0.4083333333333333 0.3328125 0.4263888888888889